              31
               8       1      12
            1989
             -99     -99     -99     -99     -99     -99     -99       0     0.1       0       0       0
             -99     -99     -99     -99     -99     -99     -99       0       0    21.7     7.8       0
             -99     -99     -99     -99     -99     -99     -99       0       0    18.4     0.1       0
             -99     -99     -99     -99     -99     -99     -99    27.1       0       0       0       0
             -99     -99     -99     -99     -99     -99     -99       0       0       0       0       0
             -99     -99     -99     -99     -99     -99     -99       0    20.7       0       0       0
             -99     -99     -99     -99     -99     -99     -99       0     5.5     7.9       0       0
             -99     -99     -99     -99     -99     -99     -99     8.2     2.7       0     2.7     3.4
             -99     -99     -99     -99     -99     -99     -99       0       0       8     5.4     4.5
             -99     -99     -99     -99     -99     -99     -99     4.1     2.4    35.6       0       0
             -99     -99     -99     -99     -99     -99     -99       0      90    21.7    22.1     0.3
             -99     -99     -99     -99     -99     -99     -99       0    76.6     0.4     3.9       0
             -99     -99     -99     -99     -99     -99       0       0    63.2       0     3.7     0.3
             -99     -99     -99     -99     -99     -99       0       0    12.3       0       0       0
             -99     -99     -99     -99     -99     -99       0       0       0       0       0       0
             -99     -99     -99     -99     -99     -99       0       0       0      20       0       0
             -99     -99     -99     -99     -99     -99       0       0       0       0       0     6.6
             -99     -99     -99     -99     -99     -99       0       0       0       0       0       0
             -99     -99     -99     -99     -99     -99       0    24.2       0       0     2.1       0
             -99     -99     -99     -99     -99     -99       0     5.3       0       0     7.9       0
             -99     -99     -99     -99     -99     -99       0     5.9       0       0     0.4       0
             -99     -99     -99     -99     -99     -99       0    14.1       0     3.5       0       0
             -99     -99     -99     -99     -99     -99       0       0    54.1       0    13.7       0
             -99     -99     -99     -99     -99     -99     1.6      35     4.7       0    37.3       0
             -99     -99     -99     -99     -99     -99      52       0       0    32.3       0    55.5
             -99     -99     -99     -99     -99     -99     1.4     2.3       0    28.4     0.6       0
             -99     -99     -99     -99     -99     -99     4.3       0       0       0    36.8       3
             -99     -99     -99     -99     -99     -99       0       0       4       0    22.2    25.2
             -99     -77     -99     -99     -99     -99    24.8       0       0       0     0.1     1.6
             -99     -77     -99     -99     -99     -99     0.1    21.9       0     1.6       0       0
             -99     -77     -99     -77     -99     -77     -99    18.9     -77       0     -77    23.7
            1990
             6.5     1.4       0       0       0    48.7       0       0     5.7     1.8       1       0
            11.1       0       0     9.5       0      55       0       0       0       0       0    16.1
             0.3       0    23.7       0       0    17.8     3.9       0     2.3       0     0.9     9.7
             1.3       0     1.6     9.4       0    63.2     2.3     -99    24.3       0     9.3     1.8
             0.5       0     5.4       0       0      51     2.1     -99       0       0       0    12.6
               0       0       0     9.8       0       0       0       0    45.1       0       0    17.2
             3.2       0       0    90.1       0       0       0       0    29.1       0     1.8       0
              23    35.4       0     3.6       0     5.8     1.7       0       0    25.8    17.9     0.5
             0.3       1       0       0       0     0.8     0.7       0       0    22.4    11.4       0
               1     4.7       0       0     5.7       0       0       0       0       0       0    27.7
             0.4      10       0       0       0       0       0       0    28.2    15.9    19.3     0.3
             0.1     9.6       0    41.8       0       0       0       0    12.7    22.6       0    80.5
             9.6     0.1     7.4    25.3       0     6.9       0       0       0     6.3       0    15.6
             0.2     1.3     0.7       0       0     1.2       0       0       0    39.9       0       0
             9.4       0    10.9       0     1.5       0    29.2    40.8       0       0     3.2       0
             5.4       0       0    16.6    12.7       0     8.6     1.4       0      10    18.7       0
            49.6       0       0     2.2     3.5       0    16.2       0       0      30     2.8       0
             3.4       0       0       0     1.4       0    18.6   102.3       0       0    11.2     1.3
            25.1       0       0       0       0     2.6    27.8    14.6    18.1     4.8     1.4       0
            10.2       0       0       0       0     7.8     5.7       0     3.1       0    42.7       0
            69.9    10.9    26.7       0       0       0       0       0    33.4       0       0       0
            11.8      40    13.1       0       0       0       0       0    10.9       0       0       0
             3.1     2.1     5.9       0       0       0     0.4       0       0       0       0       0
              47       0       0       0       0     2.7       0    14.9       0     0.5       0    10.8
             0.8    13.2       0       0       0     5.7       0     8.3       0       3       0       0
             1.3     6.9    11.3     2.5       0       0    13.8    29.4       0     2.6    17.8       0
               0     4.3       0    46.8    12.3       0     3.2       9       0       0       0       0
             3.4       0       0   139.8    47.3       0       0       0    21.4       0       0     1.2
               0     -77    20.1     1.6    54.6       0       0       0     8.6       0       0       0
               0     -77     0.4       0    78.9       0       0       0     0.2       0       0       0
               1     -77    10.4     -77    20.2     -77       0     9.3     -77     6.8     -77       0
            1991
               0       0       0       0       0       0       0       0       0       0     1.7       0
             0.9       0       0       0       0       0       0       0       0     0.3       0       0
               0     5.3       0       0       0       0       0       0       0       0     1.3       0
               0       0       0       0       0     5.9       0     0.5       0       0       0       0
               0       0       0       0       0      58       0     3.2       0   103.4       0       0
               0       0       0     0.5       0    29.2       0     5.6       0    10.4     7.2    34.2
               0     6.9       0     8.6       0       0       0    12.1       0       0       0    11.3
               0       7      14       0       0       0       0    28.1       0     2.2       0       0
               0     1.5       0       0       0       0     2.6     3.3       0    13.4       0    40.5
             7.4       0    20.2     0.5       0       0    28.1     4.5       0       0       0       0
               0       0      44    23.1       0       0       0    12.3       0       0       0     5.5
               0     5.8      17       0       0       0       0       0       0       0       0       0
               0       0     3.8       0     2.4       0       0       0       0       0    36.4       0
               0       0     0.5       0    18.9       0       0       0     3.3       0    16.3       0
               0       0       0       0     1.6       0     4.6       0     1.6       0       0    33.5
               0       0       0       0       0       0       0       0       0     0.8       0      21
               0       0       0    35.6       0       0       0       0     6.4       0       0     3.2
               0       0    14.6       5       0      51       0       0    30.6       0       0       0
               0       0       0       0       0    22.6       0       0       0       0       0       0
               0       0     7.1       0       0    64.6       0       0       0       0       0       0
               0       0       0       0       2     2.6     1.3       0       0       0       0    10.2
            59.3       0       0       0       0    20.4     2.2       0       0       0       0      14
             2.2       0       0    43.4       0       0       0       0       0    12.5       0    12.2
             1.2       0       0     0.5       0       0       0       0    20.6     4.3       0      17
            38.2       0       0     6.4       0       0       0       0       0       0    20.8      20
             8.5       0       0       0       0       0       0       0     0.7       0    12.5    30.7
               0       0       0       0       0    31.2       0    12.3      17    19.4       0       0
               0     1.2       0       0       0       0       0     2.4       0       0       0       0
              46     -77       0       0       0       0       0       0       3     0.5    11.7       0
              33     -77       0       0       0       0       0       0     7.2     1.3       0       0
               0     -77     8.4     -77       0     -77      13       0     -77    52.2     -77       0
            1992
            11.3    23.2       0       0    29.3       0    12.8     5.5     1.9       0       0       0
               0    13.8       9       0       0     0.4       0       0     8.9       0       7       0
               0    25.5     0.7       0       0     1.2       0     3.4       0       0    38.9     1.7
               0     8.5       0       0       0       0       0       0       0       0       0     7.9
               0       1       0     0.6       0     1.9    40.4       0       0     3.4       0       0
               0       0       0    31.7       0       0       0       0       0       0       0       0
               2    30.2       0     0.1       0       0       0       0       0       0       0      10
            50.3       0     3.4       0       0      53       0      13       0       0       0       0
               0     2.8     2.8       0       0     3.2       0     3.6       0     4.2       0     0.7
               0       0       0       0       0       0       0    32.5       0     1.5       0    19.7
               0       0    16.5    18.2       0       0       0    24.9       0      14       0       0
               0      10       0    12.3    33.4       0       0     0.4       0     0.6       0       0
               0    10.3    25.1     0.2       0       0       0       0       0       0     0.2       0
               0       0     9.2     0.6       0       0     9.2       0    28.1       0    14.8       0
               0       0     2.8       0       0       0       0       0       0    14.4    25.9       0
               0    11.3     0.3     0.6       0       0    22.8       0       0    34.5     0.6      38
               0     8.3     1.9       0    52.9       0       0    26.4      31       0       0       6
               0       0       0     0.7       0       0     6.7     9.8       5       0       0       0
               0       0       0     8.3       0       0       0       0       0       0       0       0
               0       0       0       0       0       0       0       0       0     3.2    11.4       0
             0.1       0    10.4       0      20       0     5.6       0       0       0    62.8       0
               0       0    10.1      24      63    20.6       0     7.2     6.4       0     1.4       0
             1.5    28.5    37.9       0       0    20.4       0       0    14.2       0       0     4.8
             3.3     0.6    35.1     4.5     1.8       0       0       0    42.2       0       0     3.3
             0.3       0       0     2.5     1.3       0       0       0       0       0     3.1       0
             4.9    43.2       0       0     172       0     4.7       0       0       7    24.2       0
               1     8.6    42.2       0    96.5     3.7     4.2     5.8       0     175       0       0
             0.5       0     2.2     3.3    74.1      32       0     7.2       0    19.4     3.1       0
             7.3       0     1.2    18.9     4.4   120.1       0       0       0       0       5       0
            13.8     -77       0     5.4       2   103.3       0      39       0       0    70.4       0
               0     -77       0     -77       0     -77     -99       0     -77       0     -77       0
            1993
             0.2     6.1       0    77.7       0       0    26.6       0     1.5    25.2       0       0
               0     3.7     0.9       0     0.5     0.3     1.3       0       0       4       0       0
             0.8       0       0       0     0.7       7     3.6       0       0    29.2       0       0
            54.5       0       0       0   113.5    37.4     -99       0       0    39.1       0       0
            18.2     5.3       0       3       0       0     1.4       0       0       0    47.1    11.3
               0       0     5.9       0       0       0    25.7       0       0       0       7     5.3
             8.8     9.5       0      12       0       0     0.8       0     0.8       0       0     1.3
            29.6       0    18.8    31.3       0     8.5       0     2.5       0       0       0    36.5
              60       0     7.3       0       0     0.7     3.2     4.6       0       0       0     8.5
               0       0     9.8       0       0       0     6.4       0       0       0       0     3.3
             3.9       0       0       0    31.4       0    10.2       0       0       0       0       0
             0.4       0       0       0     2.4       0     3.3       0       0       0       0       0
            23.3    71.3     0.8       0    64.2       0       0       0     3.2       0       0       3
            13.6     4.9       0       0     1.1       0       0       0    19.9       0       0       0
               0       0       0       0       0     0.4       0       0     0.4       0       0     7.2
            25.5       0       0       0       0     1.5     0.2       0       0       0       0       0
             9.4       0       0    11.6       0    13.7    29.5    15.3       0    36.5       0       0
               0       0    10.8       0       0    10.3       0       0    89.4     0.5       0       0
             5.7     5.3     4.3     0.8       0       0       0       0     4.4       0       0     0.8
            12.5       0       0     9.5       0       0       0       0     9.1    41.1       0       0
               0       0    11.1    10.6       0       0       0       0    13.3       0       0       0
               0    20.1    16.7     2.5       0       0       0     0.8      52     8.3       0       0
             -99     4.1    19.7       0       0    17.3       0    21.6    21.1       0       0       0
             -99       0     9.8       0       0     1.8       0       0     1.8    30.5     2.3     -99
             0.8       0       0       0       0       0       0       0     1.1     1.7       0       0
            23.5       0       0       0       8       0       0     0.6      15       0     8.3       0
              20       0       0       0       0       0       0       0       1       0       0       1
            48.4       0     0.6     1.1     8.2       0     4.2       0       0       0       0    20.7
            16.8     -77    58.9       0     0.4     0.8    30.9       0    46.4       0       0    11.2
               0     -77       0       0    51.7    13.5    19.5     1.6      43       0    38.7       0
               0     -77     2.8     -77       0     -77       0    11.1     -77      13     -77       0
            1994
               0     4.6    25.5       0       0       0     -99       0       7    16.4       0       0
               0    14.8       0       0       0       0     -99    16.1       0    21.5       0       0
               0     0.3       0       0       0    12.4     -99       0       0     7.1       0       0
               0     -99       0       0     2.6       0     -99       0       0       0    16.1    16.3
               0     -99       0     0.8       0       0     -99       0       0       0    63.3    11.8
               0    29.7     2.6    18.2       0      26     -99       0     7.3       0    28.5     6.6
               0       0       0     0.8       0       0     -99       0      24       0    11.2       0
               0       0      16       0       0       0     -99       0       0       0    46.2       0
            91.2      15       2       0       0       0     -99      19       0       0      15       0
              78    49.1       0       0     3.4       0     -99       0       0       0       0       0
               0    10.8    16.3       0    88.8       0     -99       0       0       0       0       0
               0    27.2       0     3.5       8       0     -99       0       0       0       0    20.8
               0     1.5       0     4.5       0       0     -99       0    54.8    40.6       0       3
               0    15.5       0       0     0.6       0     -99       0    48.7       0       0      31
               0       0       0       0     1.7       0     -99       0     1.3       1       0       0
            23.3     1.2       0       0       0       0     -99       0       0       0       0      70
             0.5    51.1       0     4.8       0       0     -99       0       0       0    27.7       7
            22.3    11.9       0       0       0      12     -99       0       0    28.8      35       0
             2.8       0    13.5       0     4.4       0     -99       0       0    21.8       0       0
             0.5     3.6       0     0.1       0       0     -99       0       0    39.6       0       0
               0       1     0.5      32       0     0.6     -99       0       0      17       0       3
               0     6.5       0       0    10.6     -99    56.2       0       0     6.5       0       0
             2.8       8       0       0    14.1     -99     -99       0       0    24.2       0       0
               0     2.5       0    76.6    18.9     -99     -99       0       0      18       0       0
            13.2       0    52.5    23.6       7     -99     -99       0     1.2     0.4       0       0
               9       0       0       0    11.6     -99     -99       0    27.7       0     -99       0
               0       0       0       0     0.8     -99     -99       0       0       0     -99    16.3
               0      24       0       0     1.6     -99     -99       0       0       0     5.6      36
               0     -77       0     3.4       0     -99     -99       0     3.8       0       0      92
              10     -77     1.5       0       0     -99     -99       0     4.5       0       0       0
            30.1     -77    12.3     -77    35.2     -77     -99       0     -77      22     -77       0
            1995
               0      16       0     0.5       0       0       0     -99       0       0       0     1.5
            16.2       0     2.5     0.3     3.6       0       0       0       0       0       0       0
            25.2       0       0       0       0       0    12.5    21.9       0       0       0    17.4
             0.3       0       7       0       0       0       0       0       0    49.6       0       0
             0.2    12.5     0.5       0     2.7       0       0       0       0    17.4       0       0
               5     0.2       0       0     6.4       0     2.3       0       0       0       0      11
             240       0     1.7       0       0    44.2    13.8       0       0       0       0       0
              11       0     2.4       0       0     4.2       0       0       0       0       0       0
              26    10.6       0       0     3.2     1.2       0       0       0       0       1       0
               0       7       0    23.6       0       0       0       0       0       0       0       3
             2.8     5.5       0       0       0       0       0       0    11.4    15.2       0      29
            28.7       0     5.5       0       0       0       0       0     1.2       0       0      54
             7.3     3.5       0       0       0       0       0       0       1       0      38       0
               0       0     0.4       0       3       0       0       0       0      35       0       0
            31.5       0       0       0       0       0       0       0       0    16.8       0       0
               7       5       0       0       9       0       0    42.7       0       0       0       0
               0       0       0    14.4       1       0     3.8       2       0       0       0       0
            17.5       0       0       0     0.3     4.6       0     2.2     0.1       0       0       0
              14       0       0    53.2       0       0      45     1.4       6    20.2       0       0
               6       0       1       1       0       0       0       0     2.3       0       0       0
               0       0       0       0       0       0       0       1     0.3       0       0       0
               0     8.1    20.8       0       0       0       0       0    16.2       0       0    30.6
               0    12.8    41.2       0       0     4.6       0       0    43.2       0       0       0
             0.9    16.4       0       0       0    11.2       0       0    27.4       0       6       0
             0.2      10       0       0       0       1       0       0    48.3       0       0     4.4
               0       5       0     9.4       0       0       0       0    59.1     4.4     2.7    23.4
            22.4     1.8       0       6       0     0.9       0       0       0    54.6       0     4.3
               0     6.4      33       0       0    36.2       0       0     0.7       0       0     0.4
               0     -77      12     0.9       0       0       0       0       0       0       0       6
               0     -77       0       0       0       0       0       0       0       0       0       0
              37     -77    37.5     -77       0     -77       0       0     -77     4.2     -77       0
            1996
               0       0      21       0       0       5       0       0      26     8.7       0     -99
               0       7    13.2       0       0       0       0       0       0    11.2       5     -99
               0       0    35.8       0       0       0       0       0      12       0       0     -99
               0       7       8       0       0       0       0       0       0     3.8       0     -99
              13      12       0       0       0       0       0    36.8       0    15.8       0     -99
               0       0    34.7       0       0       0    14.6       7       0       0       0     -99
               0       0       0       0       0       0       6       0    13.8       0    15.2     -99
             2.7     4.1     1.8       0       0       0      56    15.7    12.2       0    10.4     -99
               0     8.6       0      12       0       0      14      31       0      18    14.4     -99
               0    21.1       0       0       0       0       0      29       0      18       8     -99
               0       0       0       0       0       0       0       0       0    26.2       0     -99
               0       0       0       0       0       0       0       0       0    10.6     8.1     -99
            53.8       0       0       0       0       0       0    15.6       0      15     8.5     -99
               0       0       0       0       0       0       0    31.8       0       0       0     -99
            12.5    24.3       0     9.4       0       0       0       0       0       0       0     -99
              82       0    31.8     0.5       0    24.8       0       0     5.8       0       0     -99
             1.5       0       4     9.9       0    17.4       0       0       0       0       0     -99
               0    22.9     2.8       0       0    60.7       0       0       0      10       0     -99
               0       0       0       0       0       2       3     -99       0      51       0     -99
               0       0       0       0       0       0     9.4     -99       0     6.2       0     -99
               0       0     0.2       0       0     2.4       0     -99       0     1.2       0     -99
             6.5       0     4.9       0       0       0       0     -99       0     9.4       0     -99
             1.5       0    18.5       0       8       0       0       0       3       0     6.4     -99
               0       0       0       0       0    25.2       0       0    70.6      56       0     -99
             2.7       0       0       0       0      25       0       0    39.8    30.7       0     -99
               0       0       0       0       0    46.6       0       0     4.4       0       0     -99
               0    15.2      34       0       0     2.2       0     2.2      16       0       0     -99
               0       5       0       0       0       0       0       0       0       0       0     -99
               0     -99    16.6       0       0     8.5       0       0     0.2       0     -99     -99
               0     -77    10.3       0       0       0       0       0       0      11     -99       0
            19.5     -77     2.5     -77    15.1     -77       0    28.2     -77       0     -99       0
