0.205
0.208
0.210
0.213
0.216
0.218
0.222
0.225
0.228
0.232
0.235
0.239
0.243
0.247
0.251
0.255
0.260
0.264
0.269
0.274
0.278
0.284
0.290
0.296
0.302
0.308
0.316
0.324
0.332
0.340
0.348
0.360
0.371
0.382
0.394
0.405
0.423
0.440
0.458
0.476
0.493
0.589
0.684
0.779
0.875
0.970
1.117
1.265
1.412
1.559
1.707
1.973
2.239
2.505
2.771
3.037
2.771
2.505
2.239
1.973
1.707
1.559
1.412
1.265
1.117
0.970
0.875
0.779
0.684
0.589
0.493
0.476
0.458
0.440
0.423
0.405
0.394
0.382
0.371
0.360
0.348
0.340
0.332
0.324
0.316
0.308
0.302
0.296
0.290
0.284
0.278
0.274
0.269
0.264
0.260
0.255
0.251
0.247
0.243
0.239
0.235
0.232
0.228
0.225
0.222
0.218
0.216
0.213
0.210
0.208
0.205
0.203
0.202
0.200
0.198
0.197
0.196
0.195
0.194
0.193
0.192
0.191
0.190
0.189
0.188
0.187
0.186
0.185
0.184
0.183
0.182
0.181
0.180
0.179
0.178
0.177
0.177
0.177
0.177
0.177
0.177
0.175
0.173
0.172
0.170
0.168
0.168
0.167
0.166
0.166
0.165
0.164
0.164
0.163
0.162
0.162
0.161
0.160
0.160
0.159
0.158
0.158
0.157
0.156
0.156
0.155
0.154
0.154
0.153
0.152
0.152
0.151
0.150
0.150
0.149
0.148
0.148
0.148
0.147
0.147
0.147
0.146
0.145
0.145
0.144
0.143
0.143
0.143
0.142
0.142
0.142
0.141
0.140
0.140
0.139
0.138
0.138
0.138
0.137
0.137
0.137
0.136
0.135
0.135
0.134
0.133
0.133
0.133
0.132
0.132
0.132
0.131
0.131
0.131
0.130
0.130
0.130
0.129
0.129
0.129
0.128
0.128
0.128
0.127
0.127
0.127
0.126
0.126
0.126
0.125
0.125
0.125
0.124
0.124
0.124
0.123
0.123
0.122
0.121
0.121
0.120
0.120
0.120
0.120
0.120
0.120
0.120
0.119
0.119
0.119
0.118
0.118
0.118
0.117
0.117
0.117
0.116
0.116
0.116
0.115
0.115
0.115
0.114
0.114
0.114
0.113
0.113
0.113
0.112
0.112
0.112
0.111
0.111
0.111
0.110
0.110
0.110
0.109
0.109
0.109
0.108
0.108
0.108
0.108
0.108
0.108
0.108
0.108
0.107
0.107
0.107
0.106
0.106
0.106
0.105
0.105
0.105
0.105
0.105
0.105