224.06
79.8
78.46
84.7
15.84
0.28
29.85
0.85
95.63
78.16
153.99
350.68
233.65
184.19
157.98
98.88
24.15
5.55
7.89
0.03
50.09
172.04
232.89
434.43
350.15
205.51
165.21
57.42
4.89
9.46
0
8.74
39.23
113.84
148.45
292.81
163.92
251.39
140.25
72.08
1.77
0.28
0
0.02
3.15
122.88
120.09
219.81
233.3
254.83
257.43
179.27
13.76
23.97
0
5.7
29.75
118.11
299.92
394.69
191.15
55.11
261.62
122.85
35.99
2.15
9.13
0
53.8
99.73
212.53
208.98
397.57
198.09
353.38
8.3
11.66
18.14
12.57
76.41
89.03
119.76
148.38
399.37
114.88
332.67
189.68
14.83
6.51
11.48
1.87
0.26
8.53
63.27
258.11
361.58
447.3
272.61
51.67
61.24
26.92
17.22
0
1.88
0
166.48
107.97
367.93
277.38
182.81
203.93
96.31
0
7.6
0.94
0.23
36.49
109.53
318.57
238.63
325.89
300.59
289.15
24.57
5.99
1.15
0.09
1.01
9.34
84.9
113.26
183.57
308.53
368.93
362.25
75.08
0.01
39.09
0.05
1.95
47.55
64.34
156.39
250.06
91.38
149.78
231.16
125.85
14.41
2.26
2.67
1.07
70.59
88.64
180.23
309.99
72.9
156.03
142.34
46.92
67.99
5.45
0.99
0
0.83
33.75
142.01
186.08
269.06
127.78
102.62
91.25
49.6
5.25
0
0.57
0
137.16
134.11
467.98
44.6
230.92
141.78
33.81
92.28
52.25
22.49
11.06
56.05
36.67
159.63
439.25
200.4
243.87
164.24
140.17
62.86
2.5
2.03
4.79
87.78
43.28
262.92
288.36
204.33
132.45
95.73
67.64
75.31
0.9
66.84
2.36
80.09
159.15
91.55
188.73
292.7
60.92
210.78
0.62
0.02
0.06
0.02
5.41
1.09
152.35
217.34
170.79
335.61
230.17
250.92
15.19
47.82
25.15
0.12
0.09
27.9
63.04
283.71
278.41
502.58
293.78
154.73
55.82
26.2
2.38
1.37
1.65
0.01
60.96
101.79
231.28
430.47
232.43
155.22
31.33
17.74
21.44
6.67
8.89
72.31
155.43
188.51
625.63
94.45
183.08
28.64
21.62
2.62
0.03
0
0.04
0.46
82.02
111.45
74.09
431.86
284.85
67.79
33.07
34.11
11.71
34.28
2.24
11.32
186.83
228.03
281.94
299.76
373.12
219.03
41.69
34.97
10.22
12.1
26.73
56.27
243.41
193.4
215.3
420.69
154.15
145.39
39.27
32.05
0.01
1.73
1.41
34.89
157.97
232.2
303.25
263.47
161.4
164.02
34.34
0.38
7.36
1.15
0
10.83
92.81
289.67
283.45
171.87
253.81
56.1
48.15
17.16
0.12
0.88
29.39
41.4
131.87
165.87
222.1
237.96
160.53
85.25
38.48
18.27
19.63
8.34
8.36
32.2
226.88
249.34
265.29
323.2
131.81
56.73
79.38
1.73
9.91
22.58
23.96
60.91
171.09
199.57
86.37
81.25
81.21
119.09
52.35
7.54
64.8
3
0.93
92.18
137.08
303.96
397.39
146.56
203.79
160.42
105.85
15.59
0
47.16
17.85
55.49
154.44
301.57
233.69
247.01
147.9
269.13
35.6
37.98
15.32
1.81
2.03
22.93
192.34
200.21
271.73
215.04
67.48
240.28
62.76
16.03
21.31
0.5
16.11
1.91
162.15
76.95
361.12
208.29
159.36
49.11
112.26
37.09
7.08
35.28
0
12.31
128.81
328.51
158.92
104.2
179.08
135.17
22.67
50.06
3.59
62.84
28.3
147.74
111.19
236.32
355.57
266.9
16.32
137.94
89.14
10.44
9.97
0.73
5.06
54.08
53.27
249.03
181.32
284.95
204.05
114.32
96.95
89.6
2.66
39.44
1.65
27.04
137.9
221.01
257.63
387.67
347.1
144.15
72.44
70.29
0.01
23.51
26.34
79.57
89.01
221.86
317.34
423.67
136.47
50.85
160.79
11.08
68.87
0.67
4.48
41.89
40.04
216.9
282.37
265.74
54.29
221.56
28.63
24.49
47.52
0
25.82
9.24
226.23
363.58
317.29
403.75
79.94
347.22
45.72
31.59
5.71
9.18
1.68
13.75
137.87
99.99
320.76
391.64
309.74
219.41
195.48
64.16
20.93
33.61
1.37
89.25
227.66
273
326.33
132.54
36.38
139.46
79.47
31.38
1.32
2.95
51.46
106.85
98.94
171.36
345.32
493.31
133.86
279.33
31.02
23.07
5.04
0
2.89
74.32
77.39
189.14
225.38
312.02
205.31
130.31
35.88
49.38
3.66
41.23
62.45
9.77
21.55
120.68
357.58
208.2
91.13
137.27
136.41
30.62
16.29
6.9
7.33
71.76
99.97
139.05
295.11
172.06
297.81
147.32
71.17
28.29
4.33
0
0.08
55.08
134.01
148.37
215.93
183.25
219.76
159.84
21.11
12.24
37.44
34.57
27.21
53.61
110.85
240.52
329.32
140.73
165.75
93.62
57.2
46.78
0.64
31.28
36.33
43.54
55.84
145.73
167.59
530.82
177.78
270.95
73.61
22.22
0.12
3.12
0.85
53.77
113.66
159.32
246.96
446.49
259.64
115.68
107.01
46.22
0.49
3.15
7.9
131.05
162.03
243.49
329
182.34
256.75
79.18
99.42
12.87
28.33
0.03
11.81
66.67
82.59
128.55
263.59
400.8
42.4
291.56
38.29
94.32
13.15
0.78
0
2.4
74.31
158.87
250.48
155.74
247.42
187.54
47.12
41.63
3.82
0.29
0
59.17
134.54
198.7
379.09
161.7
136.45
128.28
54.36
32.88
4.58
1.97
17.33
71.55
84.1
354.11
302.77
430.6
120.35
190.47
110.14
44.55
51.6
1.69
1.25
77.77
95.25
207.78
323.64
242.39
210.9
64.2
47.7
81.01
3.05
0.44
40.28
9.33
128.69
250.18
230.07
185.82
144.82
255.16
19.27
4.25
14.97
2.43
0.01
39.19
95.03
239.31
244.63
332.68
206.58
223.98
36.49
3.58
1.55
6.16
20.29
70.25
38.6
265.78
243.92
155.52
77.09
143.93
10.96
47.16
0.08
8.21
33.02
46.71
112.04
190.74
339.84
