   0.340   0.500   2.860   2.220   1.180   0.580   0.010   0.000   0.000   0.000   0.000   0.180
   0.310   0.780  57.130 104.200  12.740   0.770   0.030   0.000   0.000   0.000   0.000   0.720
   2.870  54.140  76.500 123.400  19.380   1.340   0.600   0.010   0.000   0.000   0.000   0.000
   0.000   0.000   2.830 104.200  21.530  11.590   1.190   0.120   0.000   0.000   0.000   0.000
   0.000   1.050   0.850   1.540   0.620   0.210   0.000   0.000   0.000   0.000   0.000   0.000
   0.000   4.420  70.930  73.930  32.070   1.480   0.640   0.000   0.000   0.000   0.000   0.000
   0.000   0.000  14.090  50.010  71.820   1.360   0.380   0.000   0.000   0.000   0.000   0.000
   0.000   0.000   1.440   4.600   1.650   1.390   1.200   0.370   0.000   0.000   0.000   0.000
   0.980   0.080   1.000   1.910   0.630   0.120   0.000   0.000   0.000   0.000   0.000   0.000
   0.000   0.000   1.110  28.900  13.790   1.750   1.960   0.410   0.000   0.000   0.000   0.000
   0.000   0.220   0.370   0.840   0.320   0.010   0.000   0.000   0.000   0.000   0.000   0.000
   0.000   2.170   2.830  40.240  59.170   1.720   1.170   0.150   0.000   0.000   0.000   0.000
   3.320  37.020 147.800 189.400  94.180  16.800   1.060   0.090   0.000   0.000   0.000   0.000
   0.000   0.300   1.870   2.060  34.490   2.580   1.430   0.410   0.000   0.000   0.000   0.000
   0.000   4.450  47.930  23.010   1.420   0.660   0.020   0.000   0.000   0.000   0.000   0.000
   0.840   1.510   1.950  75.510  43.290   1.670   1.330   0.420   0.000   0.000   0.000   0.000
   0.000   2.720   1.010   2.070   1.130   0.550   0.020   0.000   0.000   0.000   0.000   0.000
   0.000   0.000   0.480   0.290   2.310   0.490   0.000   0.000   0.000   0.000   0.000   0.000
   0.000   2.470  79.900   1.450   0.800   0.120   0.000   0.000   0.000   0.000   0.000   0.000
   0.000   0.000 111.200  58.710   0.910   0.110   0.000   0.000   0.000   0.000   0.000   0.000
   0.000   0.000   2.310   1.120   0.830   0.280   0.000   0.000   0.000   0.000   0.000   0.000
   0.000   1.460   0.060   0.000   0.000   0.000   0.000   0.000   0.000   0.000   0.000   0.000
   0.000   0.570   3.540  94.770  81.350   2.280   1.020   0.120   0.000   0.000   0.000   0.000
   1.000   3.880 233.500 171.900  48.670  21.190   1.330   0.250   0.000   0.000   0.000   0.000
   0.000   3.960 104.700 135.500  31.920  19.040   0.910   0.040   0.000   0.000   0.000   0.000
   0.000   0.000   6.110   1.730   1.460   1.850   0.750   0.020   0.000   0.000   0.000   0.000
   0.060   1.040   3.900 160.800  80.770   1.540   0.850   0.040   0.000   0.000   0.000   0.000
   0.340   0.500   2.860   2.220   1.180   0.580   0.010   0.000   0.000   0.000   0.000   0.180
