 -9999
        1985
11 12 1985  234.9
17  3 1985  149.4
13  4 1985  143.6
 1  5 1985  143.6
18  5 1985  149.6
 -9999
  12  234.9
   3  149.4
   4  143.6
   5  293.1
  821.0
 -9999
    0.0
   56.1
   26.1
  137.0
    0.0
  228.2
   35.5
  902.9
    0.0
 -9999
  902.9
  902.9
  1.000
 -9999
  0.961
  1  5
  17.3
 -9999
        1986
11 12 1986  234.9
23  3 1986  148.0
20  4 1986  143.6
 7  5 1986  143.6
 -9999
  12  234.9
   3  148.0
   4  143.6
   5  143.6
  670.0
 -9999
    0.0
   17.5
   26.1
   98.4
    0.0
  274.6
   16.1
  856.2
    0.0
 -9999
  856.2
  856.2
  1.000
 -9999
  0.982
 20  4
  16.9
 -9999
        1987
11 12 1987  234.9
 3  4 1987  145.1
26  4 1987  143.6
16  5 1987  145.5
 -9999
  12  234.9
   4  288.6
   5  145.5
  669.0
 -9999
    0.0
   58.9
   26.1
  139.8
    0.0
  274.9
    0.0
  830.2
    0.0
 -9999
  830.2
  830.2
  1.000
 -9999
  0.857
 26  4
  19.4
 -9999
        1988
11 12 1988  234.9
 8  4 1988  143.8
 2  5 1988  143.6
20  5 1988  153.2
 -9999
  12  234.9
   4  143.8
   5  296.8
  675.5
 -9999
    0.0
   81.1
   26.1
  162.0
    0.0
  325.8
   15.1
  850.2
    0.0
 -9999
  850.2
  850.2
  1.000
 -9999
  0.919
  2  5
  18.1
 -9999
        1989
11 12 1989  234.9
24  2 1989  154.7
27  3 1989  146.9
17  4 1989  143.6
 5  5 1989  143.6
26  5 1989  162.3
 -9999
  12  234.9
   2  154.7
   3  146.9
   4  143.6
   5  305.8
  985.8
 -9999
    0.0
  126.0
   26.1
  206.9
    0.0
  143.3
   42.5
  905.8
    0.0
 -9999
  905.8
  905.8
  1.000
 -9999
  0.929
 17  4
  17.9
 -9999
        1990
11 12 1990  234.9
 6  3 1990  152.2
 3  4 1990  145.2
23  4 1990  143.6
10  5 1990  143.6
 2  6 1990  174.5
 -9999
  12  234.9
   3  152.2
   4  288.7
   5  143.6
   6  174.5
  993.9
 -9999
    0.0
  169.3
   26.1
  250.3
    0.0
  116.2
    0.0
  885.9
    0.0
 -9999
  885.9
  885.9
  1.000
 -9999
  0.948
 23  4
  17.5
 -9999
  1985  1990     1     7
 1985
  1    0.0    0.0    0.0    0.0    0.0  143.6    0.0
  2  234.9    0.0    0.0  149.4  143.6  149.6    0.0
  3    0.0    0.0    0.0    0.0    0.0    0.0    0.0
  4  234.9    0.0    0.0  149.4  143.6  293.1    0.0
 1986
  1    0.0    0.0    0.0    0.0    0.0  143.6    0.0
  2  234.9    0.0    0.0    0.0  143.6    0.0    0.0
  3    0.0    0.0    0.0  148.0    0.0    0.0    0.0
  4  234.9    0.0    0.0  148.0  143.6  143.6    0.0
 1987
  1    0.0    0.0    0.0    0.0  145.1    0.0    0.0
  2  234.9    0.0    0.0    0.0    0.0  145.5    0.0
  3    0.0    0.0    0.0    0.0  143.6    0.0    0.0
  4  234.9    0.0    0.0    0.0  288.6  145.5    0.0
 1988
  1    0.0    0.0    0.0    0.0  143.8  143.6    0.0
  2  234.9    0.0    0.0    0.0    0.0  153.2    0.0
  3    0.0    0.0    0.0    0.0    0.0    0.0    0.0
  4  234.9    0.0    0.0    0.0  143.8  296.8    0.0
 1989
  1    0.0    0.0    0.0    0.0    0.0  143.6    0.0
  2  234.9    0.0    0.0    0.0  143.6    0.0    0.0
  3    0.0    0.0  154.7  146.9    0.0  162.3    0.0
  4  234.9    0.0  154.7  146.9  143.6  305.8    0.0
 1990
  1    0.0    0.0    0.0  152.2  145.2  143.6  174.5
  2  234.9    0.0    0.0    0.0    0.0    0.0    0.0
  3    0.0    0.0    0.0    0.0  143.6    0.0    0.0
  4  234.9    0.0    0.0  152.2  288.7  143.6  174.5
 
  1    0.0    0.0    0.0   25.4   72.3  119.6   29.1
  2  234.9    0.0    0.0   24.9   71.8   74.7    0.0
  3    0.0    0.0   25.8   49.1   47.9   27.0    0.0
  4  234.9    0.0   25.8   99.4  192.0  221.4   29.1
  802.5
 -9999
     14.3     0.86 1987   668.97 1987
     28.6     0.92 1988   669.98 1986
     42.9     0.93 1989   675.47 1988
     57.1     0.95 1990   821.03 1985
     71.4     0.96 1985   985.84 1989
     85.7     0.98 1986   993.87 1990
