 -9999
        1945
11  2 1945   10.3
18  2 1945   24.4
 6  3 1945   32.2
19  3 1945   33.7
 2  4 1945   30.8
10  4 1945   30.8
17  4 1945   30.8
25  4 1945   31.9
 3  5 1945   33.9
10  5 1945   35.7
17  5 1945   37.5
25  5 1945   39.5
 2  6 1945   41.0
 9  6 1945   41.0
17  6 1945   41.0
24  6 1945   41.0
 2  7 1945   41.0
 8  7 1945   41.0
15  7 1945   41.0
22  7 1945   41.0
28  7 1945   41.0
 5  8 1945   41.0
15  8 1945   41.0
24  8 1945   41.0
 3  9 1945   41.0
14  9 1945   41.0
24  9 1945   41.0
 -9999
   2   34.7
   3   65.9
   4  124.2
   5  146.6
   6  164.0
   7  205.0
   8  123.0
   9  123.0
  986.5
 -9999
    1.9
   41.0
    4.7
    5.9
   68.3
    0.0
  166.9
    5.9
 1089.7
    0.0
 -9999
 1092.1
 1089.7
  0.998
   0.2
 -9999
  0.714
 22  7
   6.6
