 -9999
        1985
 -9999
 -9999
  156.6
    0.0
  261.0
    3.5
    0.0
  228.2
   35.5
  450.2
    0.0
 -9999
  828.2
  450.2
  0.544
  45.6
 -9999
        1986
 -9999
 -9999
  156.6
    0.0
  261.0
   18.9
    0.0
  274.6
   16.1
  500.6
    0.0
 -9999
  790.5
  500.6
  0.633
  36.7
 -9999
        1987
 -9999
 -9999
  156.6
    0.0
  261.0
    5.5
    0.0
  271.7
    0.0
  527.2
    0.0
 -9999
  767.6
  527.2
  0.687
  31.3
 -9999
        1988
 -9999
 -9999
  156.6
    0.0
  261.0
    7.3
    0.0
  325.8
   15.1
  564.4
    0.0
 -9999
  782.2
  564.4
  0.722
  27.8
 -9999
        1989
 -9999
 -9999
  156.6
    0.0
  261.0
    4.7
    0.0
  143.2
   42.5
  357.0
    0.0
 -9999
  835.5
  357.0
  0.427
  57.3
 -9999
        1990
 -9999
 -9999
  156.6
    0.0
  261.0
    2.9
    0.0
  116.2
    0.0
  374.3
    0.0
 -9999
  819.3
  374.3
  0.457
  54.3
 -9999
        1991
 -9999
 -9999
  156.6
    0.0
  261.0
   11.0
    0.0
  225.3
    0.0
  475.3
    0.0
 -9999
  781.9
  475.3
  0.608
  39.2
 -9999
        1992
 -9999
 -9999
  156.6
    0.0
  261.0
   11.4
    0.0
  211.3
   17.2
  443.7
    0.0
 -9999
  732.2
  443.7
  0.606
  39.4
 -9999
        1993
 -9999
 -9999
  156.6
    0.0
  261.0
   17.2
    0.0
  220.6
   14.8
  449.6
    0.0
 -9999
  757.6
  449.6
  0.593
  40.7
 -9999
        1994
 -9999
 -9999
  156.6
    0.0
  261.0
    7.4
    0.0
  296.6
   61.8
  488.4
    0.0
 -9999
  777.4
  488.4
  0.628
  37.2
 -9999
        1995
 -9999
 -9999
  156.6
    0.0
  261.0
    7.3
    0.0
  162.4
    4.4
  411.7
    0.0
 -9999
  736.5
  411.7
  0.559
  44.1
 -9999
        1996
 -9999
 -9999
  156.6
    0.0
  261.0
   10.6
    0.0
  305.9
    4.6
  551.7
    0.0
 -9999
  767.8
  551.7
  0.719
  28.1
 -9999
        1997
 -9999
 -9999
  156.6
    0.0
  261.0
    9.7
    0.0
  309.4
   26.8
  533.8
    0.0
 -9999
  740.1
  533.8
  0.721
  27.9
 -9999
        1998
 -9999
 -9999
  156.6
    0.0
  261.0
   21.5
    0.0
  302.4
    0.0
  541.9
    0.0
 -9999
  761.1
  541.9
  0.712
  28.8
 -9999
        1999
 -9999
 -9999
  156.6
    0.0
  261.0
    3.6
    0.0
  244.1
   11.9
  489.5
    0.0
 -9999
  790.6
  489.5
  0.619
  38.1
 -9999
        2000
 -9999
 -9999
  156.6
    0.0
  261.0
    3.2
    0.0
  214.7
    6.3
  466.2
    0.0
 -9999
  809.2
  466.2
  0.576
  42.4
 -9999
  1985  2000     1     6
 1985
  1    0.0    0.0    0.0    0.0    0.0    0.0
  2    0.0    0.0    0.0    0.0    0.0    0.0
  3    0.0    0.0    0.0    0.0    0.0    0.0
  4    0.0    0.0    0.0    0.0    0.0    0.0
 1986
  1    0.0    0.0    0.0    0.0    0.0    0.0
  2    0.0    0.0    0.0    0.0    0.0    0.0
  3    0.0    0.0    0.0    0.0    0.0    0.0
  4    0.0    0.0    0.0    0.0    0.0    0.0
 1987
  1    0.0    0.0    0.0    0.0    0.0    0.0
  2    0.0    0.0    0.0    0.0    0.0    0.0
  3    0.0    0.0    0.0    0.0    0.0    0.0
  4    0.0    0.0    0.0    0.0    0.0    0.0
 1988
  1    0.0    0.0    0.0    0.0    0.0    0.0
  2    0.0    0.0    0.0    0.0    0.0    0.0
  3    0.0    0.0    0.0    0.0    0.0    0.0
  4    0.0    0.0    0.0    0.0    0.0    0.0
 1989
  1    0.0    0.0    0.0    0.0    0.0    0.0
  2    0.0    0.0    0.0    0.0    0.0    0.0
  3    0.0    0.0    0.0    0.0    0.0    0.0
  4    0.0    0.0    0.0    0.0    0.0    0.0
 1990
  1    0.0    0.0    0.0    0.0    0.0    0.0
  2    0.0    0.0    0.0    0.0    0.0    0.0
  3    0.0    0.0    0.0    0.0    0.0    0.0
  4    0.0    0.0    0.0    0.0    0.0    0.0
 1991
  1    0.0    0.0    0.0    0.0    0.0    0.0
  2    0.0    0.0    0.0    0.0    0.0    0.0
  3    0.0    0.0    0.0    0.0    0.0    0.0
  4    0.0    0.0    0.0    0.0    0.0    0.0
 1992
  1    0.0    0.0    0.0    0.0    0.0    0.0
  2    0.0    0.0    0.0    0.0    0.0    0.0
  3    0.0    0.0    0.0    0.0    0.0    0.0
  4    0.0    0.0    0.0    0.0    0.0    0.0
 1993
  1    0.0    0.0    0.0    0.0    0.0    0.0
  2    0.0    0.0    0.0    0.0    0.0    0.0
  3    0.0    0.0    0.0    0.0    0.0    0.0
  4    0.0    0.0    0.0    0.0    0.0    0.0
 1994
  1    0.0    0.0    0.0    0.0    0.0    0.0
  2    0.0    0.0    0.0    0.0    0.0    0.0
  3    0.0    0.0    0.0    0.0    0.0    0.0
  4    0.0    0.0    0.0    0.0    0.0    0.0
 1995
  1    0.0    0.0    0.0    0.0    0.0    0.0
  2    0.0    0.0    0.0    0.0    0.0    0.0
  3    0.0    0.0    0.0    0.0    0.0    0.0
  4    0.0    0.0    0.0    0.0    0.0    0.0
 1996
  1    0.0    0.0    0.0    0.0    0.0    0.0
  2    0.0    0.0    0.0    0.0    0.0    0.0
  3    0.0    0.0    0.0    0.0    0.0    0.0
  4    0.0    0.0    0.0    0.0    0.0    0.0
 1997
  1    0.0    0.0    0.0    0.0    0.0    0.0
  2    0.0    0.0    0.0    0.0    0.0    0.0
  3    0.0    0.0    0.0    0.0    0.0    0.0
  4    0.0    0.0    0.0    0.0    0.0    0.0
 1998
  1    0.0    0.0    0.0    0.0    0.0    0.0
  2    0.0    0.0    0.0    0.0    0.0    0.0
  3    0.0    0.0    0.0    0.0    0.0    0.0
  4    0.0    0.0    0.0    0.0    0.0    0.0
 1999
  1    0.0    0.0    0.0    0.0    0.0    0.0
  2    0.0    0.0    0.0    0.0    0.0    0.0
  3    0.0    0.0    0.0    0.0    0.0    0.0
  4    0.0    0.0    0.0    0.0    0.0    0.0
 2000
  1    0.0    0.0    0.0    0.0    0.0    0.0
  2    0.0    0.0    0.0    0.0    0.0    0.0
  3    0.0    0.0    0.0    0.0    0.0    0.0
  4    0.0    0.0    0.0    0.0    0.0    0.0
 
  1    0.0    0.0    0.0    0.0    0.0    0.0
  2    0.0    0.0    0.0    0.0    0.0    0.0
  3    0.0    0.0    0.0    0.0    0.0    0.0
  4    0.0    0.0    0.0    0.0    0.0    0.0
    0.0
 -9999
      5.9     0.00 1985     0.00 1985
     11.8     0.00 1986     0.00 1986
     17.6     0.00 1987     0.00 1987
     23.5     0.00 1988     0.00 1988
     29.4     0.00 1989     0.00 1989
     35.3     0.00 1990     0.00 1990
     41.2     0.00 1991     0.00 1991
     47.1     0.00 1992     0.00 1992
     52.9     0.00 1993     0.00 1993
     58.8     0.00 1994     0.00 1994
     64.7     0.00 1995     0.00 1995
     70.6     0.00 1996     0.00 1996
     76.5     0.00 1997     0.00 1997
     82.4     0.00 1998     0.00 1998
     88.2     0.00 1999     0.00 1999
     94.1     0.00 2000     0.00 2000
