 -9999
        1985
17  3 1985    4.0
19  3 1985    3.0
20  3 1985    6.0
21  3 1985    5.0
22  3 1985    9.0
24  3 1985    4.0
25  3 1985    8.0
26  3 1985    6.0
27  3 1985    7.0
28  3 1985    7.0
29  3 1985    7.0
30  3 1985    5.0
 1  4 1985    4.0
 2  4 1985    5.0
 3  4 1985    3.0
 4  4 1985    6.0
 7  4 1985   10.0
 8  4 1985   10.0
 9  4 1985    9.0
10  4 1985    9.0
11  4 1985   10.0
12  4 1985   11.0
13  4 1985    9.0
14  4 1985   10.0
15  4 1985    6.0
16  4 1985    6.0
17  4 1985    7.0
18  4 1985    6.0
19  4 1985   11.0
20  4 1985   10.0
21  4 1985    6.0
22  4 1985    8.0
24  4 1985    4.0
25  4 1985   11.0
26  4 1985   12.0
27  4 1985   10.0
28  4 1985   10.0
29  4 1985    8.0
30  4 1985    7.0
 1  5 1985   12.0
 2  5 1985   12.0
 3  5 1985    9.0
 4  5 1985    7.0
 5  5 1985    8.0
 6  5 1985    7.0
 7  5 1985    7.0
 8  5 1985    7.0
 9  5 1985    8.0
10  5 1985    7.0
11  5 1985    8.0
12  5 1985    9.0
13  5 1985    7.0
14  5 1985    8.0
15  5 1985    6.0
16  5 1985    9.0
17  5 1985    7.0
18  5 1985    6.0
19  5 1985    5.0
20  5 1985    5.0
21  5 1985    4.0
22  5 1985    4.0
23  5 1985    1.0
24  5 1985    3.0
25  5 1985    3.0
 -9999
   3   71.0
   4  218.0
   5  169.0
  458.0
 -9999
  156.6
    0.0
  261.0
   83.5
    0.0
  228.2
   35.5
  828.2
    0.0
 -9999
  828.2
  828.2
  1.000
 -9999
  0.995
 -9999
        1986
23  3 1986    4.0
24  3 1986    3.0
25  3 1986    7.0
26  3 1986    6.0
27  3 1986    4.0
28  3 1986    5.0
29  3 1986    8.0
31  3 1986    7.0
 3  4 1986    6.0
 4  4 1986    5.0
 5  4 1986    6.0
 6  4 1986    8.0
 8  4 1986    5.0
 9  4 1986    6.0
10  4 1986    8.0
11  4 1986    8.0
12  4 1986    6.0
13  4 1986    6.0
14  4 1986    2.0
15  4 1986    9.0
16  4 1986    8.0
17  4 1986    5.0
18  4 1986    6.0
19  4 1986    6.0
20  4 1986    5.0
21  4 1986    7.0
22  4 1986    9.0
23  4 1986    8.0
24  4 1986    6.0
25  4 1986    6.0
26  4 1986    8.0
27  4 1986    8.0
28  4 1986    9.0
29  4 1986    7.0
30  4 1986   13.0
 1  5 1986    9.0
 2  5 1986    9.0
 3  5 1986   10.0
 4  5 1986   11.0
 5  5 1986   10.0
 6  5 1986    7.0
 7  5 1986    7.0
 8  5 1986   11.0
 9  5 1986   10.0
10  5 1986    4.0
11  5 1986    7.0
12  5 1986    3.0
16  5 1986    4.0
17  5 1986    3.0
18  5 1986    4.0
19  5 1986    8.0
20  5 1986    6.0
21  5 1986    5.0
22  5 1986    2.0
 -9999
   3   44.0
   4  186.0
   5  130.0
  360.0
 -9999
  156.6
    5.5
  261.0
   89.1
    0.0
  274.6
   16.1
  790.5
    0.0
 -9999
  790.5
  790.5
  1.000
 -9999
  1.019
 -9999
        1987
 3  4 1987    1.0
 4  4 1987    7.0
 5  4 1987    5.0
 6  4 1987    6.0
 7  4 1987    5.0
 8  4 1987    6.0
 9  4 1987    8.0
10  4 1987    6.0
11  4 1987    3.0
12  4 1987    6.0
13  4 1987    8.0
14  4 1987    5.0
15  4 1987    6.0
16  4 1987    8.0
17  4 1987    7.0
18  4 1987    7.0
19  4 1987    9.0
20  4 1987    5.0
21  4 1987    6.0
22  4 1987    6.0
23  4 1987    7.0
24  4 1987    6.0
25  4 1987    8.0
26  4 1987    6.0
27  4 1987    6.0
28  4 1987    7.0
29  4 1987    8.0
30  4 1987    8.0
 1  5 1987    7.0
 2  5 1987    7.0
 3  5 1987    6.0
 4  5 1987    6.0
 5  5 1987    7.0
 6  5 1987    7.0
 7  5 1987    6.0
 8  5 1987   11.0
 9  5 1987   11.0
10  5 1987    8.0
11  5 1987    6.0
12  5 1987    6.0
13  5 1987    9.0
14  5 1987    9.0
15  5 1987    5.0
16  5 1987    4.0
17  5 1987    4.0
18  5 1987    4.0
19  5 1987    3.0
20  5 1987    6.0
21  5 1987    5.0
22  5 1987    3.0
23  5 1987    2.0
24  5 1987    1.0
 -9999
   4  176.0
   5  143.0
  319.0
 -9999
  156.6
    0.6
  261.0
   84.1
    0.0
  271.7
    0.0
  767.6
    0.0
 -9999
  767.6
  767.6
  1.000
 -9999
  0.880
 -9999
        1988
 8  4 1988    1.0
 9  4 1988    7.0
10  4 1988    7.0
11  4 1988    5.0
12  4 1988    6.0
13  4 1988    6.0
14  4 1988    8.0
15  4 1988    5.0
17  4 1988    2.0
18  4 1988    5.0
19  4 1988    3.0
20  4 1988    4.0
21  4 1988    4.0
22  4 1988    6.0
23  4 1988    5.0
24  4 1988    6.0
25  4 1988    9.0
26  4 1988   10.0
27  4 1988    9.0
28  4 1988    8.0
29  4 1988    7.0
30  4 1988    9.0
 1  5 1988   10.0
 2  5 1988    3.0
 3  5 1988    7.0
 4  5 1988    5.0
 5  5 1988    6.0
 6  5 1988    8.0
 7  5 1988   10.0
 8  5 1988    9.0
 9  5 1988    8.0
10  5 1988    7.0
11  5 1988    9.0
12  5 1988    9.0
13  5 1988    9.0
14  5 1988    9.0
15  5 1988    6.0
16  5 1988    6.0
17  5 1988    7.0
18  5 1988    7.0
19  5 1988    6.0
20  5 1988    4.0
21  5 1988    6.0
22  5 1988    5.0
23  5 1988    3.0
24  5 1988    2.0
26  5 1988    2.0
 -9999
   4  132.0
   5  163.0
  295.0
 -9999
  156.6
    0.9
  261.0
   84.4
    0.0
  325.8
   15.1
  782.2
    0.0
 -9999
  782.2
  782.2
  1.000
 -9999
  0.845
 -9999
        1989
24  2 1989    2.0
25  2 1989    6.0
26  2 1989    4.0
27  2 1989    4.0
28  2 1989    5.0
 1  3 1989    8.0
 2  3 1989    3.0
 3  3 1989    6.0
 4  3 1989    5.0
 5  3 1989    5.0
 6  3 1989    7.0
 7  3 1989    6.0
 8  3 1989    6.0
 9  3 1989    7.0
10  3 1989    6.0
11  3 1989    9.0
12  3 1989    8.0
13  3 1989    3.0
18  3 1989    3.0
19  3 1989    5.0
20  3 1989    5.0
21  3 1989    5.0
22  3 1989    5.0
23  3 1989    5.0
24  3 1989    8.0
25  3 1989    7.0
26  3 1989    6.0
27  3 1989    8.0
28  3 1989    7.0
29  3 1989    6.0
30  3 1989    7.0
31  3 1989    8.0
 1  4 1989    6.0
 2  4 1989    6.0
 3  4 1989    6.0
 4  4 1989    5.0
 5  4 1989    6.0
 6  4 1989    8.0
 7  4 1989    8.0
 8  4 1989    6.0
 9  4 1989    7.0
10  4 1989    5.0
11  4 1989    9.0
12  4 1989   10.0
13  4 1989    6.0
14  4 1989   10.0
15  4 1989    7.0
16  4 1989    9.0
17  4 1989   10.0
18  4 1989    6.0
19  4 1989    5.0
20  4 1989    6.0
21  4 1989    5.0
22  4 1989    7.0
23  4 1989    8.0
24  4 1989    8.0
25  4 1989    9.0
26  4 1989   12.0
27  4 1989    8.0
28  4 1989    6.0
29  4 1989    7.0
30  4 1989   10.0
 1  5 1989   10.0
 2  5 1989   12.0
 3  5 1989    7.0
 4  5 1989    9.0
 5  5 1989   11.0
 7  5 1989    4.0
 8  5 1989    7.0
 9  5 1989    9.0
10  5 1989    9.0
11  5 1989    8.0
12  5 1989    7.0
13  5 1989    8.0
14  5 1989    9.0
15  5 1989    6.0
16  5 1989    7.0
17  5 1989    5.0
18  5 1989    5.0
19  5 1989    4.0
20  5 1989    2.0
21  5 1989    2.0
22  5 1989    3.0
23  5 1989    4.0
24  5 1989    2.0
25  5 1989    1.0
26  5 1989    1.0
 -9999
   2   21.0
   3  164.0
   4  221.0
   5  152.0
  558.0
 -9999
  156.6
    0.7
  261.0
   84.2
    0.0
  143.2
   42.5
  835.5
    0.0
 -9999
  835.5
  835.5
  1.000
 -9999
  0.926
 -9999
        1990
 6  3 1990    1.0
 7  3 1990    6.0
 8  3 1990    6.0
 9  3 1990    4.0
10  3 1990    5.0
11  3 1990    4.0
12  3 1990    4.0
13  3 1990    7.0
14  3 1990    8.0
15  3 1990    4.0
16  3 1990    5.0
17  3 1990    6.0
18  3 1990    4.0
19  3 1990    5.0
20  3 1990    8.0
21  3 1990    6.0
22  3 1990    5.0
23  3 1990    6.0
24  3 1990    9.0
25  3 1990    7.0
26  3 1990    7.0
27  3 1990    7.0
28  3 1990    6.0
29  3 1990    6.0
30  3 1990    9.0
31  3 1990    6.0
 3  4 1990    4.0
 4  4 1990    6.0
 5  4 1990    7.0
 6  4 1990    7.0
 7  4 1990    6.0
 8  4 1990    5.0
 9  4 1990    7.0
10  4 1990    6.0
11  4 1990    9.0
12  4 1990    9.0
13  4 1990    7.0
14  4 1990    5.0
15  4 1990   10.0
16  4 1990    8.0
17  4 1990    8.0
18  4 1990    9.0
19  4 1990    7.0
20  4 1990    9.0
21  4 1990   10.0
22  4 1990    6.0
23  4 1990    8.0
24  4 1990    7.0
25  4 1990    5.0
26  4 1990    8.0
27  4 1990    9.0
28  4 1990   11.0
29  4 1990   12.0
30  4 1990    7.0
 1  5 1990   11.0
 2  5 1990    9.0
 3  5 1990    7.0
 4  5 1990    8.0
 5  5 1990    9.0
 6  5 1990    7.0
 7  5 1990    7.0
 8  5 1990    7.0
 9  5 1990   10.0
10  5 1990    4.0
11  5 1990    8.0
12  5 1990   12.0
13  5 1990    9.0
14  5 1990    8.0
15  5 1990    5.0
16  5 1990    8.0
17  5 1990    8.0
18  5 1990    6.0
19  5 1990    4.0
20  5 1990    4.0
21  5 1990    3.0
22  5 1990    3.0
23  5 1990    3.0
24  5 1990    3.0
25  5 1990    1.0
 -9999
   3  151.0
   4  212.0
   5  164.0
  527.0
 -9999
  156.6
    1.4
  261.0
   84.9
    0.0
  116.2
    0.0
  819.3
    0.0
 -9999
  819.3
  819.3
  1.000
 -9999
  0.961
 -9999
        1991
 9  3 1991    1.0
10  3 1991    4.0
11  3 1991    5.0
12  3 1991    4.0
13  3 1991    4.0
14  3 1991    4.0
15  3 1991    6.0
16  3 1991    5.0
17  3 1991    3.0
20  3 1991    2.0
21  3 1991    7.0
29  3 1991    4.0
30  3 1991    9.0
31  3 1991    7.0
 1  4 1991    5.0
 2  4 1991    7.0
 3  4 1991    8.0
 4  4 1991    7.0
 5  4 1991    8.0
 6  4 1991    6.0
 7  4 1991    8.0
 8  4 1991    2.0
14  4 1991    5.0
15  4 1991    6.0
16  4 1991    8.0
17  4 1991    7.0
18  4 1991    5.0
19  4 1991    8.0
20  4 1991    8.0
21  4 1991    8.0
22  4 1991    6.0
23  4 1991    8.0
24  4 1991    9.0
25  4 1991    9.0
26  4 1991    6.0
27  4 1991    6.0
28  4 1991    6.0
29  4 1991    7.0
30  4 1991    3.0
 2  5 1991    7.0
 3  5 1991    8.0
 4  5 1991    7.0
 5  5 1991    7.0
 6  5 1991   10.0
 7  5 1991   10.0
 8  5 1991    9.0
 9  5 1991   11.0
10  5 1991    9.0
11  5 1991    8.0
12  5 1991   11.0
13  5 1991    8.0
14  5 1991   11.0
15  5 1991    1.0
16  5 1991    9.0
17  5 1991    6.0
18  5 1991    4.0
19  5 1991    2.0
20  5 1991    5.0
21  5 1991    1.0
22  5 1991    3.0
23  5 1991    1.0
26  5 1991    1.0
 -9999
   3   65.0
   4  166.0
   5  149.0
  380.0
 -9999
  156.6
    0.8
  261.0
   84.4
    0.0
  225.3
    0.0
  781.9
    0.0
 -9999
  781.9
  781.9
  1.000
 -9999
  0.903
 -9999
  1985  1991     1     6
 1985
  1    0.0    0.0    0.0    0.0   56.0   84.0
  2    0.0    0.0    0.0   13.0   86.0   70.0
  3    0.0    0.0    0.0   58.0   76.0   15.0
  4    0.0    0.0    0.0   71.0  218.0  169.0
 1986
  1    0.0    0.0    0.0    0.0   44.0   88.0
  2    0.0    0.0    0.0    0.0   61.0   35.0
  3    0.0    0.0    0.0   44.0   81.0    7.0
  4    0.0    0.0    0.0   44.0  186.0  130.0
 1987
  1    0.0    0.0    0.0    0.0   44.0   76.0
  2    0.0    0.0    0.0    0.0   64.0   56.0
  3    0.0    0.0    0.0    0.0   68.0   11.0
  4    0.0    0.0    0.0    0.0  176.0  143.0
 1988
  1    0.0    0.0    0.0    0.0   15.0   73.0
  2    0.0    0.0    0.0    0.0   44.0   72.0
  3    0.0    0.0    0.0    0.0   73.0   18.0
  4    0.0    0.0    0.0    0.0  132.0  163.0
 1989
  1    0.0    0.0    0.0   59.0   63.0   78.0
  2    0.0    0.0    0.0   33.0   78.0   61.0
  3    0.0    0.0   21.0   72.0   80.0   13.0
  4    0.0    0.0   21.0  164.0  221.0  152.0
 1990
  1    0.0    0.0    0.0   22.0   48.0   79.0
  2    0.0    0.0    0.0   55.0   81.0   72.0
  3    0.0    0.0    0.0   74.0   83.0   13.0
  4    0.0    0.0    0.0  151.0  212.0  164.0
 1991
  1    0.0    0.0    0.0    5.0   51.0   78.0
  2    0.0    0.0    0.0   33.0   47.0   65.0
  3    0.0    0.0    0.0   27.0   68.0    6.0
  4    0.0    0.0    0.0   65.0  166.0  149.0
 
  1    0.0    0.0    0.0   12.3   45.9   79.4
  2    0.0    0.0    0.0   19.1   65.9   61.6
  3    0.0    0.0    3.0   39.3   75.6   11.9
  4    0.0    0.0    3.0   70.7  187.3  152.9
  413.9
 -9999
     12.5     0.84 1988   295.00 1988
     25.0     0.88 1987   319.00 1987
     37.5     0.90 1991   360.00 1986
     50.0     0.93 1989   380.00 1991
     62.5     0.96 1990   458.00 1985
     75.0     1.00 1985   527.00 1990
     87.5     1.02 1986   558.00 1989
