 -9999
        1985
           2
 -9999
   202.0000    
 -9999
    0.0
    0.0
   52.2
   13.9
    0.0
  228.2
    0.0
  468.5
    0.0
 -9999
  902.9
  468.5
  0.519
  48.1
 -9999
        1986
           2
 -9999
   202.0000    
 -9999
    0.0
    0.0
   52.2
   26.6
    0.0
  274.6
    0.0
  502.2
    0.0
 -9999
  856.2
  502.2
  0.587
  41.3
 -9999
        1987
           2
 -9999
   202.0000    
 -9999
    0.0
    0.0
   52.2
   22.2
    0.0
  274.9
    0.0
  506.9
    0.0
 -9999
  830.2
  506.9
  0.611
  38.9
 -9999
        1988
           2
 -9999
   202.0000    
 -9999
    0.0
    0.0
   52.2
   16.6
    0.0
  325.8
    0.0
  563.4
    0.0
 -9999
  850.2
  563.4
  0.663
  33.7
 -9999
        1989
           2
 -9999
   202.0000    
 -9999
    0.0
    0.0
   52.2
   17.0
    0.0
  143.3
    0.0
  380.5
    0.0
 -9999
  905.8
  380.5
  0.420
  58.0
 -9999
        1990
           2
 -9999
   202.0000    
 -9999
    0.0
    0.0
   52.2
   15.4
    0.0
  116.2
    0.0
  355.0
    0.0
 -9999
  885.9
  355.0
  0.401
  59.9
 -9999
        1991
           2
 -9999
   202.0000    
 -9999
    0.0
    0.0
   52.2
   27.0
    0.0
  231.1
    0.0
  458.3
    0.0
 -9999
  842.4
  458.3
  0.544
  45.6
 -9999
        1992
           2
 -9999
   202.0000    
 -9999
    0.0
    0.0
   52.2
   29.5
    0.0
  211.3
    0.0
  436.0
    0.0
 -9999
  785.6
  436.0
  0.555
  44.5
 -9999
  1985  1992     1     7
 1985
  1    0.0    0.0    0.0    0.0    0.0    0.0    0.0
  2    0.0    0.0    0.0   82.0   45.0    0.0    0.0
  3    0.0    0.0    0.0   75.0    0.0    0.0    0.0
  4    0.0    0.0    0.0  157.0   45.0    0.0    0.0
 1986
  1    0.0    0.0    0.0    0.0    0.0    0.0    0.0
  2    0.0    0.0    0.0   82.0   45.0    0.0    0.0
  3    0.0    0.0    0.0   75.0    0.0    0.0    0.0
  4    0.0    0.0    0.0  157.0   45.0    0.0    0.0
 1987
  1    0.0    0.0    0.0    0.0    0.0    0.0    0.0
  2    0.0    0.0    0.0   82.0   45.0    0.0    0.0
  3    0.0    0.0    0.0   75.0    0.0    0.0    0.0
  4    0.0    0.0    0.0  157.0   45.0    0.0    0.0
 1988
  1    0.0    0.0    0.0    0.0    0.0    0.0    0.0
  2    0.0    0.0    0.0   82.0   45.0    0.0    0.0
  3    0.0    0.0    0.0   75.0    0.0    0.0    0.0
  4    0.0    0.0    0.0  157.0   45.0    0.0    0.0
 1989
  1    0.0    0.0    0.0    0.0    0.0    0.0    0.0
  2    0.0    0.0    0.0   82.0   45.0    0.0    0.0
  3    0.0    0.0    0.0   75.0    0.0    0.0    0.0
  4    0.0    0.0    0.0  157.0   45.0    0.0    0.0
 1990
  1    0.0    0.0    0.0    0.0    0.0    0.0    0.0
  2    0.0    0.0    0.0   82.0   45.0    0.0    0.0
  3    0.0    0.0    0.0   75.0    0.0    0.0    0.0
  4    0.0    0.0    0.0  157.0   45.0    0.0    0.0
 1991
  1    0.0    0.0    0.0    0.0    0.0    0.0    0.0
  2    0.0    0.0    0.0   82.0   45.0    0.0    0.0
  3    0.0    0.0    0.0   75.0    0.0    0.0    0.0
  4    0.0    0.0    0.0  157.0   45.0    0.0    0.0
 1992
  1    0.0    0.0    0.0    0.0    0.0    0.0    0.0
  2    0.0    0.0    0.0   82.0   45.0    0.0    0.0
  3    0.0    0.0    0.0   75.0    0.0    0.0    0.0
  4    0.0    0.0    0.0  157.0   45.0    0.0    0.0
 
  1    0.0    0.0    0.0    0.0    0.0    0.0    0.0
  2    0.0    0.0    0.0   82.0   45.0    0.0    0.0
  3    0.0    0.0    0.0   75.0    0.0    0.0    0.0
  4    0.0    0.0    0.0  157.0   45.0    0.0    0.0
  202.0
 -9999
     11.1     0.68 1985   202.00 1985
     22.2     0.68 1986   202.00 1986
     33.3     0.68 1987   202.00 1987
     44.4     0.68 1988   202.00 1988
     55.6     0.68 1989   202.00 1989
     66.7     0.68 1990   202.00 1990
     77.8     0.68 1991   202.00 1991
     88.9     0.68 1992   202.00 1992
