     1985            1            6
   122  29.160       1
  123.000       29.601            1
  124.000       30.504            1
  125.000       32.236            1
  126.000       33.717            1
  127.000       35.530            1
  128.000       37.318            1
  129.000       38.904            1
  130.000       40.360            1
  131.000       41.994            1
  132.000       44.936            1
  133.000       46.056            1
  134.000       48.523            1
  135.000       50.158            1
  136.000       51.116            1
  137.000       51.281            1
  138.000       51.599            1
  139.000       52.233            1
  140.000       52.761            1
  141.000       53.227            1
  141.905       53.569            1
  141.905      139.885            1
  142.000      139.921            1
  143.000      140.418            1
  144.000      141.720            1
  145.000      141.272            1
  146.000      140.257            1
  147.000      139.991            1
  148.000      140.597            1
  149.000      140.113            1
  150.000      140.051            1
  151.000      138.574            1
  152.000      137.227            1
  153.000      135.896            1
  154.000      135.218            1
  155.000      133.857            1
  156.000      130.501            1
  157.000      126.744            1
  158.000      122.558            1
  159.000      118.195            1
  160.000      114.675            1
  161.000      112.740            1
  161.055      112.583            1
  161.055      243.299            1
  162.000      240.606            1
  163.000      235.658            1
  164.000      228.679            1
  165.000      221.406            1
  166.000      215.539            1
  167.000      209.030            1
  168.000      201.517            1
  169.000      192.391            1
  170.000      183.210            1
  171.000      175.513            1
  172.000      168.912            1
  173.000      162.806            1
  173.421      159.461            1
  173.421      310.072            1
  174.000      305.466            1
  175.000      295.480            1
  176.000      284.088            1
  177.000      269.539            1
  178.000      257.074            1
  179.000      245.550            1
  180.000      230.399            1
  181.000      212.164            1
  182.000      193.150            1
  182.828      178.200            1
  182.828      324.000            1
  183.000      320.885            1
  184.000      305.131            1
  185.000      290.478            1
  186.000      275.571            1
  187.000      259.768            1
  188.000      244.328            1
  189.000      225.150            1
  190.000      209.359            1
  191.000      191.330            1
  191.860      178.200            1
  191.860      324.000            1
  192.000      321.860            1
  193.000      306.880            1
  194.000      291.283            1
  195.000      276.279            1
  196.000      257.307            1
  197.000      236.954            1
  198.000      217.764            1
  199.000      198.900            1
  200.000      181.367            1
  200.173      178.200            1
  200.173      324.000            1
  201.000      308.811            1
  202.000      291.242            1
  203.000      274.653            1
  204.000      259.371            1
  205.000      246.884            1
  206.000      233.501            1
  207.000      218.255            1
  208.000      202.150            1
  209.000      187.231            1
  210.000      179.196            1
  210.108      178.200            1
  210.108      324.000            1
  211.000      315.812            1
  212.000      303.736            1
  213.000      291.394            1
  214.000      277.479            1
  215.000      264.641            1
  216.000      248.936            1
  217.000      231.717            1
  218.000      213.833            1
  219.000      197.063            1
  220.000      178.102            1
  220.844      163.250            1
  220.844      324.000            1
  221.000      321.247            1
  222.000      307.332            1
  223.000      293.767            1
  224.000      281.801            1
  225.000      269.338            1
  226.000      258.811            1
  227.000      248.017            1
  228.000      237.091            1
  229.000      227.411            1
  230.000      216.436            1
  231.000      201.614            1
  232.000      184.625            1
  233.000      170.723            1
  234.000      158.623            1
  235.000      146.922            1
  235.857      140.448            1
  235.857      324.000            1
  236.000      322.924            1
  237.000      315.107            1
  238.000      305.451            1
  239.000      291.633            1
  240.000      279.049            1
  241.000      264.928            1
  242.000      247.045            1
  243.000      230.359            1
  244.000      299.689            1
  245.000      283.478            1
  246.000      273.290            1
  247.000      266.150            1
  248.000      254.001            1
  249.000      241.778            1
  250.000      230.573            1
  251.000      223.105            1
  252.000      217.887            1
  253.000      212.744            1
  254.000      204.499            1
  255.000      195.429            1
  256.000      187.421            1
  257.000      180.966            1
  258.000      174.909            1
  259.000      169.878            1
  260.000      166.861            1
  -999.    -999  -999  
       65
   122       32.400        9.720
   123       37.800       11.498
   124       43.200       13.320
   125       48.600       15.188
   126       54.000       17.100
   127       59.400       19.058
   128       64.800       21.060
   129       70.200       23.108
   130       75.600       25.200
   131       81.000       27.338
   132       86.400       29.520
   133       91.800       31.748
   134       97.200       34.020
   135      102.600       36.338
   136      108.000       38.700
   137      113.400       41.108
   138      118.800       43.560
   139      124.200       46.057
   140      129.600       48.600
   141      135.000       51.188
   142      140.400       53.820
   143      145.800       56.498
   144      151.200       59.220
   145      156.600       61.987
   146      162.000       64.800
   147      167.400       67.658
   148      172.800       70.560
   149      178.200       73.507
   150      183.600       76.500
   151      189.000       79.537
   152      194.400       82.620
   153      199.800       85.748
   154      205.200       88.920
   155      210.600       92.138
   156      216.000       95.400
   157      221.400       98.707
   158      226.800      102.060
   159      232.200      105.458
   160      237.600      108.900
   161      243.000      112.388
   162      248.400      115.920
   163      253.800      119.498
   164      259.200      123.120
   165      264.600      126.788
   166      270.000      130.500
   167      275.400      134.258
   168      280.800      138.060
   169      286.200      141.908
   170      291.600      145.800
   171      297.000      149.738
   172      302.400      153.720
   173      307.800      157.748
   174      313.200      161.820
   175      318.600      165.938
   176      324.000      170.100
   177      324.000      171.450
   178      324.000      172.800
   179      324.000      174.150
   180      324.000      175.500
   181      324.000      176.850
   182      324.000      178.200
   183      324.000      178.200
   211      324.000      178.200
   243      324.000      129.600
   260      324.000      129.600
