     1988          1          6
  123.000     42.600      0.000      1.617      1.000
  124.000     42.600      0.000      1.617      1.000
  125.000     41.172      0.000      1.904      1.000
  126.000     40.229      0.000      1.652      1.000
  127.000     39.381      0.000      1.809      1.000
  128.000     38.446      0.000      2.250      1.000
  129.000     37.341      0.000      2.901      1.000
  130.000     36.478      0.000      2.747      1.000
  131.000     35.886      0.000      2.401      1.000
  132.000     35.523      0.000      2.026      1.000
  133.000     35.037      0.000      2.474      1.000
  134.000     34.548      0.000      2.646      1.000
  135.000     34.044      0.000      2.856      1.000
  136.000     33.658      0.000      2.646      1.000
  137.000     33.355      0.000      2.503      1.000
  138.000     32.986      0.000      2.832      1.000
  139.000     32.575      0.000      3.108      1.000
  140.000     32.024      0.000      3.784      1.000
  141.000     31.614      0.000      3.402      1.000
  142.000     31.297      0.000      3.154      1.000
  143.000     30.727      0.000      4.354      1.000
  144.000     30.264      0.000      4.063      1.000
  145.000     29.952      0.000      3.510      1.000
  146.000     29.642      0.000      3.605      1.000
  147.000     29.490      0.000      2.923      1.000
  148.000     29.094      0.000      4.232      1.000
  149.000     28.911      0.000      3.223      1.000
  150.000     28.666      0.000      3.632      1.000
  151.000     28.551      0.000      2.973      1.000
  152.000     28.299      0.000      3.814      1.000
  153.000     27.860      0.000      5.018      1.000
  154.000     27.455      0.000      4.953      1.000
  155.000     27.180      0.000      4.262      1.000
  156.000     27.039      0.000      3.490      1.000
  157.000     26.408      0.000      6.797      1.000
  158.000     25.929      0.000      5.971      1.000
  159.000     25.588      0.000      5.166      1.000
  160.000     25.167      0.000      5.857      1.000
  160.353     24.963      0.000      7.061      1.000
  160.400     24.937      0.011      7.053      0.999
  161.000     24.622      0.158      6.950      0.984
  162.000     24.170      0.490      6.874      0.951
  163.000     23.745      0.866      7.201      0.913
  164.000     23.620      1.125      5.244      0.888
  165.000     23.322      1.343      7.390      0.866
  166.000     22.879      1.660      8.489      0.834
  167.000     22.501      1.995      8.437      0.801
  168.000     22.578      2.154      7.644      0.785
  169.000     22.780      2.132      4.322      0.787
  170.000     22.552      2.211      7.529      0.779
  171.000     22.267      2.435      8.335      0.756
  172.000     22.163      2.616      6.961      0.738
  173.000     22.083      2.733      6.891      0.727
  174.000     21.898      2.873      8.049      0.713
  175.000     21.759      3.027      7.819      0.697
  176.000     21.644      3.158      7.758      0.684
  177.000     21.654      3.243      6.637      0.676
  178.000     21.449      3.354      5.402      0.665
  179.000     21.105      3.567      7.016      0.643
  180.000     20.557      3.876      9.350      0.612
  181.000     20.071      4.219      9.082      0.578
  182.000     19.631      4.525      8.921      0.547
  183.000     19.331      4.774      7.779      0.523
  184.000     19.285      4.889      5.343      0.511
  185.000     19.259      4.909      5.168      0.509
  186.000     19.260      4.916      4.915      0.508
  187.000     19.059      4.974      6.982      0.503
  188.000     18.899      5.075      6.675      0.493
  189.000     18.814      5.143      5.995      0.486
  190.000     18.765      5.180      5.669      0.482
  191.000     18.572      5.249      7.180      0.475
  192.000     18.570      5.302      5.315      0.470
  193.000     18.568      5.303      5.325      0.470
  194.000     18.476      5.330      6.249      0.467
  195.000     18.462      5.360      5.508      0.464
  196.000     18.407      5.379      5.921      0.462
  197.000     18.231      5.445      7.209      0.456
  198.000     18.088      5.534      6.960      0.447
  199.000     17.968      5.608      6.813      0.439
  200.000     17.780      5.695      7.579      0.430
  201.000     17.597      5.799      7.629      0.420
  202.000     17.400      5.906      7.876      0.409
  203.000     17.223      6.011      7.781      0.399
  204.000     17.114      6.090      7.172      0.391
  205.000     17.137      6.114      5.892      0.389
  206.000     17.247      6.076      4.967      0.392
  207.000     17.186      6.063      6.674      0.394
  208.000     17.234      6.066      5.589      0.393
  209.000     17.392      6.007      4.425      0.399
  210.000     17.444      5.949      5.436      0.405
  211.000     17.366      5.957      6.731      0.404
  212.000     17.467      5.950      4.945      0.405
  213.000     17.579      5.872      4.750      0.413
  214.000     17.465      5.838      6.979      0.416
  215.000     17.284      5.887      7.694      0.411
  216.000     17.192      5.929      7.452      0.407
  217.000     17.173      5.925      6.114      0.407
  218.000     17.257      5.869      5.024      0.413
  219.000     17.336      5.783      4.995      0.422
  220.000     17.325      5.725      5.840      0.428
  221.000     17.245      5.714      6.514      0.429
  222.000     17.242      5.699      5.730      0.430
  223.000     17.104      5.703      7.081      0.430
  224.000     16.947      5.755      7.325      0.425
  225.000     16.720      5.835      8.103      0.416
  226.000     16.702      5.871      6.046      0.413
  227.000     16.764      5.816      5.204      0.418
  228.000     16.569      5.820      7.768      0.418
  229.000     16.427      5.888      7.304      0.411
  230.000     16.348      5.919      6.711      0.408
  231.000     16.264      5.932      6.773      0.407
  232.000     16.165      5.952      6.940      0.405
  233.000     16.249      5.914      5.078      0.409
  234.000     16.418      5.784      4.096      0.422
  235.000     16.488      5.657      4.955      0.434
  236.000     16.286      5.660      7.682      0.434
  237.000     16.228      5.704      6.284      0.430
  238.000     16.236      5.674      5.590      0.433
  239.000     16.170      5.649      6.313      0.435
  240.000     16.119      5.643      6.152      0.436
  241.000     15.992      5.661      6.926      0.434
  242.000     15.842      5.715      7.222      0.428
  243.000     16.037      5.645      3.688      0.435
  244.000     16.169      5.469      4.150      0.453
  244.843     23.160      2.637      7.680      0.736
  245.000     24.379      0.005     10.430      1.000
  246.000     23.583      0.005      7.955      1.000
  246.477     23.160      0.005      8.871      1.000
  246.500     23.140      0.008      8.864      0.999
  247.000     22.713      0.182      8.710      0.982
  248.000     21.749      0.727     10.368      0.927
  249.000     21.302      1.265      5.739      0.874
  250.000     20.801      1.631      6.640      0.837
  251.000     20.346      2.000      6.546      0.800
  252.000     20.023      2.298      5.731      0.770
  253.000     20.472      2.244      2.760      0.776
  254.000     21.628      1.621      2.056      0.838
  255.000     21.510      1.228      2.413      0.877
  256.000     21.401      1.316      2.399      0.868
  257.000     21.296      1.398      2.448      0.860
  258.000     21.200      1.476      2.438      0.852
  259.000     21.431      1.421      3.513      0.858
  260.000     22.361      0.969      3.674      0.903
  261.000     22.581      0.531      1.930      0.947
  -999    -999  -999    -999  -999
     1988
      123     42.600     10.200
      261     42.600     10.200
     -999       -999       -999
       65
   123     19.920     42.600     10.200
   124     21.698     48.000     10.200
   125     21.617     47.229     10.200
   126     21.591     46.650     10.200
   127     21.600     46.200     10.200
   128     21.635     45.840     10.200
   129     21.687     45.545     10.200
   130     21.754     45.300     10.200
   131     21.831     45.092     10.200
   132     21.916     44.914     10.200
   133     22.008     44.760     10.200
   134     22.105     44.625     10.200
   135     22.207     44.506     10.200
   136     22.312     44.400     10.200
   137     22.421     44.305     10.200
   138     22.532     44.220     10.200
   139     22.646     44.143     10.200
   140     22.761     44.073     10.200
   141     22.878     44.009     10.200
   142     22.997     43.950     10.200
   143     23.117     43.896     10.200
   144     23.238     43.846     10.200
   145     23.360     43.800     10.200
   146     23.483     43.757     10.200
   147     23.607     43.717     10.200
   148     23.732     43.680     10.200
   149     23.857     43.645     10.200
   150     23.983     43.612     10.200
   151     24.109     43.582     10.200
   152     24.236     43.553     10.200
   153     24.363     43.526     10.200
   154     24.491     43.500     10.200
   155     24.619     43.476     10.200
   156     24.748     43.453     10.200
   157     24.877     43.431     10.200
   158     25.006     43.410     10.200
   159     25.136     43.390     10.200
   160     25.265     43.371     10.200
   161     25.395     43.353     10.200
   162     25.526     43.336     10.200
   163     25.656     43.320     10.200
   164     25.787     43.304     10.200
   165     25.917     43.289     10.200
   166     26.048     43.275     10.200
   167     26.180     43.261     10.200
   168     26.311     43.248     10.200
   169     26.442     43.235     10.200
   170     26.574     43.223     10.200
   171     26.706     43.211     10.200
   172     26.837     43.200     10.200
   173     26.969     43.189     10.200
   174     27.102     43.179     10.200
   175     27.234     43.168     10.200
   176     27.366     43.159     10.200
   177     27.498     43.149     10.200
   178     27.345     42.600     10.200
   179     27.480     42.600     10.200
   180     27.615     42.600     10.200
   181     27.750     42.600     10.200
   182     27.885     42.600     10.200
   183     28.020     42.600     10.200
   184     28.020     42.600     10.200
   212     28.020     42.600     10.200
   244     23.160     42.600     10.200
   261     23.160     42.600     10.200
