 7.0000E-02   .4700       2.170       6.930       .2200      8.0000E-02   .0000       .0000       .0000       .0000       .0000       .0000    
 4.0000E-02   .1500       9.060       14.51       .3300       .1400       .0000       .0000       .0000       .0000       .0000       .0000    
 8.0000E-02   .3700       .7400       23.46       .7200       .2700      6.0000E-02   .0000       .0000       .0000       .0000       .0000    
  .0000       .0000       .5100       12.02       5.060       6.020       .2400      2.0000E-02   .0000       .0000       .0000       .0000    
  .0000       .1800       .0000       .0000      2.0000E-02   .1100       .0000       .0000       .0000       .0000       .0000       .0000    
  .0000       .0000       .1600       .1600       .2500      4.0000E-02   .0000       .0000       .0000       .0000       .0000       .0000    
  .0000       .0000       .9600       19.22       20.89       .2900      6.0000E-02   .0000       .0000       .0000       .0000      9.0000E-02
 1.0000E-02   .0000      8.0000E-02   1.190       1.480       .3500       .2400      5.0000E-02   .0000       .0000       .0000       .0000    
 4.0000E-02   .0000       .4100       .7900       .5000       .2300      4.0000E-02   .0000       .0000       .0000       .0000       .0000    
  .0000       .0000       .2400       1.080       1.910       .5200       .2200      4.0000E-02   .0000       .0000       .0000       .0000    
  .0000      8.0000E-02   .3800       .1500      6.0000E-02   .0000       .0000       .0000       .0000       .0000       .0000       .0000    
 1.0000E-02   .1400       .3000       3.140       8.230       .3600       .1600       .0000       .0000       .0000       .0000       .0000    
  .4900       3.430       45.85       11.02       19.12       .4100       .2600      3.0000E-02   .0000       .0000       .0000       .0000    
  .0000       .0000       .4800       .1600       .3700       .1800       .1200       .0000       .0000       .0000       .0000       .0000    
  .0000       1.110       2.210       5.970       .3100       .1400       .0000       .0000       .0000       .0000       .0000       .0000    
  .2300       .6700       .3700       6.800       7.400       .3600       .2600      5.0000E-02   .0000       .0000       .0000       .0000    
  .0000       .3900       .5500       1.010       .4000       .2100      3.0000E-02   .0000       .0000       .0000       .0000       .0000    
  .1500       .0000       .0000       .0000       .6400       .1000       .0000       .0000       .0000       .0000       .0000       .0000    
 4.0000E-02   .6000       7.920       .2700      9.0000E-02   .0000       .0000       .0000       .0000       .0000       .0000       .0000    
  .0000       .0000       1.410       .3700       .1700      1.0000E-02   .0000       .0000       .0000       .0000       .0000       .0000    
  .0000       .0000       .6100       .4100       .2500      6.0000E-02   .0000       .0000       .0000       .0000       .0000       .0000    
  .0000       .0000       .0000       .0000       .0000       .0000       .0000       .0000       .0000       .0000       .0000       .0000    
  .0000       .2300       .5900       8.640       7.880       6.810       .1500       .0000       .0000       .0000       .0000       .0000    
  .0000       .3900       8.430       20.17       7.350       4.280       .3400      7.0000E-02   .0000       .0000       .0000       .0000    
  .0000       .1900       4.400       20.02       4.700       7.420       .2100      1.0000E-02   .0000       .0000       .0000       .0000    
  .0000       .0000       .5700       .2100       .2100       .4400      7.0000E-02   .0000       .0000       .0000       .0000       .0000    
 8.0000E-02   .2500       .1300       16.58       14.95       .3500       .1500       .0000       .0000       .0000       .0000       .0000    
