 1.0000E-02  9.0000E-02   .4200       1.340      4.0000E-02  2.0000E-02   .0000       .0000       .0000       .0000       .0000       .0000    
 1.0000E-02  3.0000E-02   1.750       2.800      6.0000E-02  3.0000E-02   .0000       .0000       .0000       .0000       .0000       .0000    
 2.0000E-02  7.0000E-02   .1400       4.540       .1400      5.0000E-02  1.0000E-02   .0000       .0000       .0000       .0000       .0000    
  .0000       .0000       .1000       2.320       .9800       1.160      5.0000E-02   .0000       .0000       .0000       .0000       .0000    
  .0000      4.0000E-02   .0000       .0000       .0000      2.0000E-02   .0000       .0000       .0000       .0000       .0000       .0000    
  .0000       .0000      3.0000E-02  3.0000E-02  5.0000E-02  1.0000E-02   .0000       .0000       .0000       .0000       .0000       .0000    
  .0000       .0000       .1900       3.720       4.040      6.0000E-02  1.0000E-02   .0000       .0000       .0000       .0000      2.0000E-02
  .0000       .0000      2.0000E-02   .2300       .2900      7.0000E-02  5.0000E-02  1.0000E-02   .0000       .0000       .0000       .0000    
 1.0000E-02   .0000      8.0000E-02   .1500       .1000      4.0000E-02  1.0000E-02   .0000       .0000       .0000       .0000       .0000    
  .0000       .0000      5.0000E-02   .2100       .3700       .1000      4.0000E-02  1.0000E-02   .0000       .0000       .0000       .0000    
  .0000      2.0000E-02  7.0000E-02  3.0000E-02  1.0000E-02   .0000       .0000       .0000       .0000       .0000       .0000       .0000    
  .0000      3.0000E-02  6.0000E-02   .6100       1.590      7.0000E-02  3.0000E-02   .0000       .0000       .0000       .0000       .0000    
 9.0000E-02   .6600       8.860       2.130       3.700      8.0000E-02  5.0000E-02  1.0000E-02   .0000       .0000       .0000       .0000    
  .0000       .0000      9.0000E-02  3.0000E-02  7.0000E-02  4.0000E-02  2.0000E-02   .0000       .0000       .0000       .0000       .0000    
  .0000       .2200       .4300       1.150      6.0000E-02  3.0000E-02   .0000       .0000       .0000       .0000       .0000       .0000    
 4.0000E-02   .1300      7.0000E-02   1.320       1.430      7.0000E-02  5.0000E-02  1.0000E-02   .0000       .0000       .0000       .0000    
  .0000      8.0000E-02   .1100       .2000      8.0000E-02  4.0000E-02   .0000       .0000       .0000       .0000       .0000       .0000    
 3.0000E-02   .0000       .0000       .0000       .1200      2.0000E-02   .0000       .0000       .0000       .0000       .0000       .0000    
 1.0000E-02   .1200       1.530      5.0000E-02  2.0000E-02   .0000       .0000       .0000       .0000       .0000       .0000       .0000    
  .0000       .0000       .2700      7.0000E-02  3.0000E-02   .0000       .0000       .0000       .0000       .0000       .0000       .0000    
  .0000       .0000       .1200      8.0000E-02  5.0000E-02  1.0000E-02   .0000       .0000       .0000       .0000       .0000       .0000    
  .0000       .0000       .0000       .0000       .0000       .0000       .0000       .0000       .0000       .0000       .0000       .0000    
  .0000      4.0000E-02   .1100       1.670       1.520       1.320      3.0000E-02   .0000       .0000       .0000       .0000       .0000    
  .0000      8.0000E-02   1.630       3.900       1.420       .8300      7.0000E-02  1.0000E-02   .0000       .0000       .0000       .0000    
  .0000      4.0000E-02   .8500       3.870       .9100       1.430      4.0000E-02   .0000       .0000       .0000       .0000       .0000    
  .0000       .0000       .1100      4.0000E-02  4.0000E-02  8.0000E-02  1.0000E-02   .0000       .0000       .0000       .0000       .0000    
 2.0000E-02  5.0000E-02  3.0000E-02   3.210       2.890      7.0000E-02  3.0000E-02   .0000       .0000       .0000       .0000       .0000    
