 6.0000E-02   .1700       4.320       5.790       .2300       .1100       .0000       .0000       .0000       .0000       .0000       .0000    
  .0000      7.0000E-02   3.390       13.50       .3000       .1400       .0000       .0000       .0000       .0000       .0000       .0000    
 8.0000E-02   .3000       .6900       27.34       2.780       .2600      9.0000E-02   .0000       .0000       .0000       .0000       .0000    
  .0000       .0000       .2900       9.060       3.140       2.240       .2300      2.0000E-02   .0000       .0000       .0000       .0000    
  .0000      5.0000E-02   .0000       .0000      8.0000E-02  3.0000E-02   .0000       .0000       .0000       .0000       .0000       .0000    
  .0000      2.0000E-02   .1200       .1700       .4000       .1000       .0000       .0000       .0000       .0000       .0000       .0000    
  .0000       .0000       .5500       7.650       17.16       .2400      5.0000E-02   .0000       .0000       .0000       .0000       .0000    
  .0000       .0000       .0000       .6600       .2600       .1700      5.0000E-02   .0000       .0000       .0000       .0000       .0000    
  .1000       .0000       .2300       .5700       .2800       .1200       .0000       .0000       .0000       .0000       .0000       .0000    
  .0000       .0000      2.0000E-02   .6900       .4500       .4200       .1700      2.0000E-02   .0000       .0000       .0000       .0000    
  .0000       .1400       .1200      5.0000E-02   .1000       .0000       .0000       .0000       .0000       .0000       .0000       .0000    
  .0000      7.0000E-02   .2500       1.820       6.420       .3100       .1700      1.0000E-02   .0000       .0000       .0000       .0000    
  .2500       .7000       27.36       20.14       22.71       .3000       .1900      1.0000E-02   .0000       .0000       .0000       .0000    
  .0000       .0000       .2700       .1100       .2400       .1500      8.0000E-02   .0000       .0000       .0000       .0000       .0000    
  .0000       .6200       .3100       .4100       .2300      9.0000E-02   .0000       .0000       .0000       .0000       .0000       .0000    
  .1500       .4600       .2600       7.180       5.600       .3100       .2300      4.0000E-02   .0000       .0000       .0000       .0000    
  .0000       .2300       .4000       .7200       .3800       .1800      2.0000E-02   .0000       .0000       .0000       .0000       .0000    
  .0000       .0000       .0000       .0000       .3100      3.0000E-02   .0000       .0000       .0000       .0000       .0000       .0000    
  .0000       .4000       4.060       .2200      7.0000E-02   .0000       .0000       .0000       .0000       .0000       .0000       .0000    
  .0000       .0000       .9000       .3600       .1500      1.0000E-02   .0000       .0000       .0000       .0000       .0000       .0000    
  .0000       .0000       .2800       .3200       .1900      6.0000E-02   .0000       .0000       .0000       .0000       .0000       .0000    
  .0000       .0000       .0000       .0000       .0000       .0000       .0000       .0000       .0000       .0000       .0000       .0000    
  .0000      6.0000E-02   .2600       .7100       2.900       3.750       .1500      1.0000E-02   .0000       .0000       .0000       .0000    
  .0000       .5500       10.10       16.68       4.620       .9800       .2900      7.0000E-02   .0000       .0000       .0000       .0000    
  .0000       .1100       10.93       13.98       2.940       5.710       .2000      2.0000E-02   .0000       .0000       .0000       .0000    
  .0000       .0000       .5000       .1900       .1600       .2700      4.0000E-02   .0000       .0000       .0000       .0000       .0000    
  .0000       .1000       .2500       14.88       9.910       .3000       .1300       .0000       .0000       .0000       .0000       .0000    
