//------------------------------------------------------------------------------
//
// Sistema de Informações Hidrológicas
// Versão Web 3.0
// © 2001 Agência Nacional de Águas (ANA)
//
// NivelConsistencia: 1 = Bruto, 2 = Consistido
// TipoMedicaoChuvas: 1 = Pluviômetro, 2 = Pluviógrafo, 3 = Data logger
// Status: 0 = Branco, 1 = Real, 2 = Estimado, 3 = Duvidoso, 4 = Acumulado
//
// Restrições da consulta:
//   Código da Estação: 2851023
//
//------------------------------------------------------------------------------

//EstacaoCodigo;NivelConsistencia;Data;TipoMedicaoChuvas;Maxima;Total;DiaMaxima;NumDiasDeChuva;MaximaStatus;TotalStatus;NumDiasDeChuvaStatus;TotalAnual;TotalAnualStatus;Chuva01;Chuva02;Chuva03;Chuva04;Chuva05;Chuva06;Chuva07;Chuva08;Chuva09;Chuva10;Chuva11;Chuva12;Chuva13;Chuva14;Chuva15;Chuva16;Chuva17;Chuva18;Chuva19;Chuva20;Chuva21;Chuva22;Chuva23;Chuva24;Chuva25;Chuva26;Chuva27;Chuva28;Chuva29;Chuva30;Chuva31;Chuva01Status;Chuva02Status;Chuva03Status;Chuva04Status;Chuva05Status;Chuva06Status;Chuva07Status;Chuva08Status;Chuva09Status;Chuva10Status;Chuva11Status;Chuva12Status;Chuva13Status;Chuva14Status;Chuva15Status;Chuva16Status;Chuva17Status;Chuva18Status;Chuva19Status;Chuva20Status;Chuva21Status;Chuva22Status;Chuva23Status;Chuva24Status;Chuva25Status;Chuva26Status;Chuva27Status;Chuva28Status;Chuva29Status;Chuva30Status;Chuva31Status;
02851023;2;1/1/1957;1;;;;;0;0;0;;0;;;;;;;;;;;;;;;;;;;;;;;;;;;;;;;;0;0;0;0;0;0;0;0;0;0;0;0;0;0;0;0;0;0;0;0;0;0;0;0;0;0;0;0;0;0;0;
02851023;2;1/2/1957;1;;;;;0;0;0;;0;;;;;;;;;;;;;;;;;;;;;;;;;;;;;;;;0;0;0;0;0;0;0;0;0;0;0;0;0;0;0;0;0;0;0;0;0;0;0;0;0;0;0;0;0;0;0;
02851023;2;1/3/1957;1;;;;;0;0;0;;0;;;;;;;;;;;;;;;;;;;;;;;;;;;;;;;;0;0;0;0;0;0;0;0;0;0;0;0;0;0;0;0;0;0;0;0;0;0;0;0;0;0;0;0;0;0;0;
02851023;2;1/4/1957;1;;;;;0;0;0;;0;;;;;;;;;;;;;;;;;;;;;;;;;;;;;;;;0;0;0;0;0;0;0;0;0;0;0;0;0;0;0;0;0;0;0;0;0;0;0;0;0;0;0;0;0;0;0;
02851023;2;1/5/1957;1;;;;;0;0;0;;0;;;;;;;;;;;;;;;;;;;;;;;;;;;;;;;;0;0;0;0;0;0;0;0;0;0;0;0;0;0;0;0;0;0;0;0;0;0;0;0;0;0;0;0;0;0;0;
02851023;2;1/6/1957;1;;;;;0;0;0;;0;;;;;;;;;;;;;;;;;;;;;;;;;;;;;;;;0;0;0;0;0;0;0;0;0;0;0;0;0;0;0;0;0;0;0;0;0;0;0;0;0;0;0;0;0;0;0;
02851023;2;1/7/1957;1;;;;;0;0;0;;0;;;;;;;;;;;;;;;;;;;;;;;;;;;;;;;;0;0;0;0;0;0;0;0;0;0;0;0;0;0;0;0;0;0;0;0;0;0;0;0;0;0;0;0;0;0;0;
02851023;2;1/8/1957;1;;;;;0;0;0;;0;;;;;;;;;;;;;;;;;;;;;;;;;;;;;;;;0;0;0;0;0;0;0;0;0;0;0;0;0;0;0;0;0;0;0;0;0;0;0;0;0;0;0;0;0;0;0;
02851023;2;1/9/1957;1;;;;;0;0;0;;0;;;;;;;;;;;;;;;;;;;;;;;;;;;;;;;;0;0;0;0;0;0;0;0;0;0;0;0;0;0;0;0;0;0;0;0;0;0;0;0;0;0;0;0;0;0;0;
02851023;2;1/10/1957;1;;;;;0;0;0;;0;;;;;;;;;;;;;;;;;;;;;;;;;;;;;0;0;20;0;0;0;0;0;0;0;0;0;0;0;0;0;0;0;0;0;0;0;0;0;0;0;0;0;0;0;0;1;1;1;
02851023;2;1/11/1957;1;25,2;77,6;12;4;1;1;0;;0;0;13,2;0;0;0;0;0;0;0;0;0;25,2;0;0;0;0;14,2;0;0;0;0;0;25;0;0;0;0;0;0;0;;1;1;1;1;1;1;1;1;1;1;1;1;1;1;1;1;1;1;1;1;1;1;1;1;1;1;1;1;1;1;0;
02851023;2;1/12/1957;1;47,4;124,8;2;6;1;1;0;;0;15,2;47,4;0;0;0;0;7,2;0;0;0;0;0;0;29,4;0;0;12,2;0;0;0;0;0;0;0;0;0;0;0;0;0;13,4;1;1;1;1;1;1;1;1;1;1;1;1;1;1;1;1;1;1;1;1;1;1;1;1;1;1;1;1;1;1;1;
02851023;2;1/1/1958;1;34,2;117;13;6;1;1;0;2128,3;1;0;0;0;0;0;0;0;0;0;0;0;0;34,2;0;13,4;19,6;0;8,8;0;0;0;0;0;30,4;0;0;0;0;0;0;10,6;1;1;1;1;1;1;1;1;1;1;1;1;1;1;1;1;1;1;1;1;1;1;1;1;1;1;1;1;1;1;1;
02851023;2;1/2/1958;1;50,2;140,6;21;5;1;1;0;2128,3;1;32,4;0;0;0;0;0;0;0;0;0;0;0;0;0;0;20,4;0;0;8,2;0;50,2;0;0;0;0;29,4;0;0;;;;1;1;1;1;1;1;1;1;1;1;1;1;1;1;1;1;1;1;1;1;1;1;1;1;1;1;1;1;0;0;0;
02851023;2;1/3/1958;1;87,8;228,2;14;6;1;1;0;2128,3;1;0;0;0;0;0;0;22,2;0;0;0;0;0;14,6;87,8;45,4;28,2;0;30;0;0;0;0;0;0;0;0;0;0;0;0;0;1;1;1;1;1;1;1;1;1;1;1;1;1;1;1;1;1;1;1;1;1;1;1;1;1;1;1;1;1;1;1;
02851023;2;1/4/1958;1;33,4;42,8;9;3;1;1;0;2128,3;1;0;0;0;0;0;0;0;0;33,4;0;0;3,8;5,6;0;0;0;0;0;0;0;0;0;0;0;0;0;0;0;0;0;;1;1;1;1;1;1;1;1;1;1;1;1;1;1;1;1;1;1;1;1;1;1;1;1;1;1;1;1;1;1;0;
02851023;2;1/5/1958;1;56;157,8;12;5;1;1;0;2128,3;1;0;0;0;0;0;0;0;0;0;0;0;56;0;0;0;0;0;0;0;21,8;0;36,4;0;0;12,6;0;0;31;0;0;0;1;1;1;1;1;1;1;1;1;1;1;1;1;1;1;1;1;1;1;1;1;1;1;1;1;1;1;1;1;1;1;
02851023;2;1/6/1958;1;50,6;167,4;12;5;1;1;0;2128,3;1;0;0;0;0;0;42;0;0;0;13,4;33;50,6;0;0;0;28,4;0;0;0;0;0;0;0;0;0;0;0;0;0;0;;1;1;1;1;1;1;1;1;1;1;1;1;1;1;1;1;1;1;1;1;1;1;1;1;1;1;1;1;1;1;0;
02851023;2;1/7/1958;1;72,6;123,4;28;6;1;1;0;2128,3;1;0;0;12,4;8,2;11,2;0;0;0;0;0;0;0;0;0;0;0;0;0;0;0;0;0;0;0;0;0;0;72,6;5,6;13,4;0;1;1;1;1;1;1;1;1;1;1;1;1;1;1;1;1;1;1;1;1;1;1;1;1;1;1;1;1;1;1;1;
02851023;2;1/8/1958;1;28,6;163,6;9;12;1;1;0;2128,3;1;11,8;0;10,6;0;0,6;11,2;20,8;0,8;28,6;0;0;0;0;0;0;0;0;0;0;0;13,8;0;0;0;0;28,4;0,8;27,6;8,6;0;0;1;1;1;1;1;1;1;1;1;1;1;1;1;1;1;1;1;1;1;1;1;1;1;1;1;1;1;1;1;1;1;
02851023;2;1/9/1958;1;36,4;179;7;8;1;1;0;2128,3;1;0;0;0;0;20,2;30,8;36,4;0;0;17,4;0;0;0;0;22,4;4,8;0;0;0;0;0;0;0;24,4;22,6;0;0;0;0;0;;1;1;1;1;1;1;1;1;1;1;1;1;1;1;1;1;1;1;1;1;1;1;1;1;1;1;1;1;1;1;0;
02851023;2;1/10/1958;1;71,6;231,8;25;7;1;1;0;2128,3;1;0;38,6;19,4;16,2;39,4;28,6;0;0;0;0;0;0;0;0;0;0;0;0;0;0;0;0;0;0;71,6;18;0;0;0;0;0;1;1;1;1;1;1;1;1;1;1;1;1;1;1;1;1;1;1;1;1;1;1;1;1;1;1;1;1;1;1;1;
02851023;2;1/11/1958;1;46,4;194,7;10;11;1;1;0;2128,3;1;0;0;0;4;0;0;0;0;0;46,4;0;1;0;5,9;0;18,4;42;0;21,4;18;0;0;1;31,6;0;0;0;0;0;5;;1;1;1;1;1;1;1;1;1;1;1;1;1;1;1;1;1;1;1;1;1;1;1;1;1;1;1;1;1;1;0;
02851023;2;1/12/1958;1;112,8;382;8;7;1;1;0;2128,3;1;0;62,2;0;0;8,4;0;0;112,8;0;0;67,2;0;0;0;0;0;0;0;80,4;0;0;0;0;0;0;0;0;0;0;13,8;37,2;1;1;1;1;1;1;1;1;1;1;1;1;1;1;1;1;1;1;1;1;1;1;1;1;1;1;1;1;1;1;1;
02851023;2;1/1/1959;1;52,4;107,6;22;4;1;1;0;1851,5;1;0;0;0;0;0;0;29,6;18,8;0;0;0;0;6,8;0;0;0;0;0;0;0;0;52,4;0;0;0;0;0;0;0;0;0;1;1;1;1;1;1;1;1;1;1;1;1;1;1;1;1;1;1;1;1;1;1;1;1;1;1;1;1;1;1;1;
02851023;2;1/2/1959;1;65,6;162,6;12;6;1;1;0;1851,5;1;0;0;0;0;0;28,2;24;0;0;0;0;65,6;0;24,2;14,2;0;0;0;0;0;0;0;0;0;6,4;0;0;0;;;;1;1;1;1;1;1;1;1;1;1;1;1;1;1;1;1;1;1;1;1;1;1;1;1;1;1;1;1;0;0;0;
02851023;2;1/3/1959;1;135,8;135,8;17;1;1;1;0;1851,5;1;0;0;0;0;0;0;0;0;0;0;0;0;0;0;0;0;135,8;0;0;0;0;0;0;0;0;0;0;0;0;0;0;1;1;1;1;1;1;1;1;1;1;1;1;1;1;1;1;1;1;1;1;1;1;1;1;1;1;1;1;1;1;1;
02851023;2;1/4/1959;1;96,4;295;25;8;1;1;0;1851,5;1;0;0;0;0;16,2;76;10,4;0;0;0;0;0;0;0;0;24,2;0;0;0;16,4;42,6;0;12,8;0;96,4;0;0;0;0;0;;1;1;1;1;1;1;1;1;1;1;1;1;1;1;1;1;1;1;1;1;1;1;1;1;1;1;1;1;1;1;0;
02851023;2;1/5/1959;1;81,4;171,4;11;5;1;1;0;1851,5;1;0;0;0;14,6;0;0;0;0;0;0;81,4;0;0;0;0;0;34;28,6;0;0;12,8;0;0;0;0;0;0;0;0;0;0;1;1;1;1;1;1;1;1;1;1;1;1;1;1;1;1;1;1;1;1;1;1;1;1;1;1;1;1;1;1;1;
02851023;2;1/6/1959;1;85,6;130;22;4;1;1;0;1851,5;1;0;0;0;0;0;29,2;0;0;0;0;0;0;0;0;0;0;0;0;0;0;8,4;85,6;6,8;0;0;0;0;0;0;0;;1;1;1;1;1;1;1;1;1;1;1;1;1;1;1;1;1;1;1;1;1;1;1;1;1;1;1;1;1;1;0;
02851023;2;1/7/1959;1;27,2;50,2;5;3;1;1;0;1851,5;1;8,4;0;0;0;27,2;0;0;0;14,6;0;0;0;0;0;0;0;0;0;0;0;0;0;0;0;0;0;0;0;0;0;0;1;1;1;1;1;1;1;1;1;1;1;1;1;1;1;1;1;1;1;1;1;1;1;1;1;1;1;1;1;1;1;
02851023;2;1/8/1959;1;81,8;220,2;14;5;1;1;0;1851,5;1;48,4;0;0;0;0;0;0;0;0;0;0;0;0;81,8;0;0;0;0;0;0;0;0;0;12,4;0;0;62,2;15,4;0;0;0;1;1;1;1;1;1;1;1;1;1;1;1;1;1;1;1;1;1;1;1;1;1;1;1;1;1;1;1;1;1;1;
02851023;2;1/9/1959;1;63,4;176,2;11;6;1;1;0;1851,5;1;10,4;8,6;0;0;0;0;0;0;0;0;63,4;48,6;0;0;0;0;0;0;0;0;0;0;0;0;29,8;15,4;0;0;0;0;;1;1;1;1;1;1;1;1;1;1;1;1;1;1;1;1;1;1;1;1;1;1;1;1;1;1;1;1;1;1;0;
02851023;2;1/10/1959;1;82,8;148,9;12;5;1;1;0;1851,5;1;0;0;0;0;0;0;0;0;0;33,4;0;82,8;0;0;2,1;0;0;0;0;8,4;0;0;0;0;0;0;0;22,2;0;0;0;1;1;1;1;1;1;1;1;1;1;1;1;1;1;1;1;1;1;1;1;1;1;1;1;1;1;1;1;1;1;1;
02851023;2;1/11/1959;1;12,6;31,2;30;3;1;1;0;1851,5;1;0;0;0;0;0;0;0;0;11,2;0;0;0;0;0;0;0;0;7,4;0;0;0;0;0;0;0;0;0;0;0;12,6;;1;1;1;1;1;1;1;1;1;1;1;1;1;1;1;1;1;1;1;1;1;1;1;1;1;1;1;1;1;1;0;
02851023;2;1/12/1959;1;68;222,4;31;7;1;1;0;1851,5;1;46,6;1;0;22,8;0;50,4;21;12,6;0;0;0;0;0;0;0;0;0;0;0;0;0;0;0;0;0;0;0;0;0;0;68;1;1;1;1;1;1;1;1;1;1;1;1;1;1;1;1;1;1;1;1;1;1;1;1;1;1;1;1;1;1;1;
02851023;2;1/1/1960;1;0;0;1;;1;1;0;;0;0;0;0;0;0;0;0;0;0;0;0;0;0;0;0;0;0;0;0;0;0;0;0;0;0;0;0;0;0;0;0;1;1;1;1;1;1;1;1;1;1;1;1;1;1;1;1;1;1;1;1;1;1;1;1;1;1;1;1;1;1;1;
02851023;2;1/2/1960;1;67,6;175,6;13;5;1;1;0;;0;0;0;39,4;0;0;0;0;0;0;0;0;0;67,6;0;0;39;28;1,6;0;0;0;0;0;0;0;0;0;0;0;;;1;1;1;1;1;1;1;1;1;1;1;1;1;1;1;1;1;1;1;1;1;1;1;1;1;1;1;1;1;0;0;
02851023;2;1/3/1960;1;59,2;110,6;20;4;1;1;0;;0;0;0;0;0;0;0;0;0;0;0;0;22,4;0;12,6;0;0;0;0;0;59,2;16,4;0;0;0;0;0;0;0;0;0;0;1;1;1;1;1;1;1;1;1;1;1;1;1;1;1;1;1;1;1;1;1;1;1;1;1;1;1;1;1;1;1;
02851023;2;1/4/1960;1;46,1;112,3;4;4;1;1;0;;0;0;0;16,2;46,1;0;30,2;0;0;0;0;0;0;0;0;0;19,8;0;0;0;0;0;0;0;0;0;0;0;0;0;0;;1;1;1;1;1;1;1;1;1;1;1;1;1;1;1;1;1;1;1;1;1;1;1;1;1;1;1;1;1;1;0;
02851023;2;1/5/1960;1;;;;;0;0;0;;0;;;;;;;;;;;;;;;;;;;;;;;;;;;;;;;;0;0;0;0;0;0;0;0;0;0;0;0;0;0;0;0;0;0;0;0;0;0;0;0;0;0;0;0;0;0;0;
02851023;2;1/6/1960;1;;;;;0;0;0;;0;;;;;;;;;;;;;;;;;;;;;;;;;;;;;;;;0;0;0;0;0;0;0;0;0;0;0;0;0;0;0;0;0;0;0;0;0;0;0;0;0;0;0;0;0;0;0;
02851023;2;1/7/1960;1;54,2;79,9;31;4;1;1;0;;0;0;0;0;0;0;0;0;0;8,3;0;0;0;0;0;0;0;0;0;10,3;0;0;7,1;0;0;0;0;0;0;0;0;54,2;1;1;1;1;1;1;1;1;1;1;1;1;1;1;1;1;1;1;1;1;1;1;1;1;1;1;1;1;1;1;1;
02851023;2;1/8/1960;1;82,4;280,7;31;9;1;1;0;;0;6,2;0;11,2;17,4;0;0;0;0;0;0;0;0;0;28,4;0;0;78,2;1,3;0;0;0;0;0;0;0;21,3;0;0;0;34,3;82,4;1;1;1;1;1;1;1;1;1;1;1;1;1;1;1;1;1;1;1;1;1;1;1;1;1;1;1;1;1;1;1;
02851023;2;1/9/1960;1;59,6;163,5;24;10;1;1;0;;0;0;0;0;0;0;0;0;12,3;0;0;0;0;5,4;2,4;22,3;0;0;22,3;0;0;1,4;0;24,8;59,6;7;6;0;0;0;0;;1;1;1;1;1;1;1;1;1;1;1;1;1;1;1;1;1;1;1;1;1;1;1;1;1;1;1;1;1;1;0;
02851023;2;1/10/1960;1;;;;;0;0;0;;0;;;;;;;;;;;;;;;;;;;;;;;;;;;;;;;;0;0;0;0;0;0;0;0;0;0;0;0;0;0;0;0;0;0;0;0;0;0;0;0;0;0;0;0;0;0;0;
02851023;2;1/11/1960;1;;;;;0;0;0;;0;;;;;;;;;;;;;;;;;;;;;;;;;;;;;;;;0;0;0;0;0;0;0;0;0;0;0;0;0;0;0;0;0;0;0;0;0;0;0;0;0;0;0;0;0;0;0;
02851023;2;1/12/1960;1;;;;;0;0;0;;0;;;;;;;;;;;;;;;;;;;;;;;;;;;;;;;;0;0;0;0;0;0;0;0;0;0;0;0;0;0;0;0;0;0;0;0;0;0;0;0;0;0;0;0;0;0;0;
02851023;2;1/1/1961;1;;;;;0;0;0;;0;;;;;;;;;;;;;;;;;;;;;;;;;;;;;;;;0;0;0;0;0;0;0;0;0;0;0;0;0;0;0;0;0;0;0;0;0;0;0;0;0;0;0;0;0;0;0;
02851023;2;1/2/1961;1;;;;;0;0;0;;0;;;;;;;;;;;;;;;;;;;;;;;;;;;;;;;;0;0;0;0;0;0;0;0;0;0;0;0;0;0;0;0;0;0;0;0;0;0;0;0;0;0;0;0;0;0;0;
02851023;2;1/3/1961;1;;;;;0;0;0;;0;;;;;;;;;;;;;;;;;;;;;;;;;;;;;;;;0;0;0;0;0;0;0;0;0;0;0;0;0;0;0;0;0;0;0;0;0;0;0;0;0;0;0;0;0;0;0;
02851023;2;1/4/1961;1;;;;;0;0;0;;0;;;;;;;;;;;;;;;;;;;;;;;;;;;;;;;;0;0;0;0;0;0;0;0;0;0;0;0;0;0;0;0;0;0;0;0;0;0;0;0;0;0;0;0;0;0;0;
02851023;2;1/5/1961;1;40,4;95,6;19;6;1;1;0;;0;0;0;0;0;0;0;0;0;0;0;18,8;17,2;6,6;0;0;8,6;0;0;40,4;0;0;0;0;0;0;0;4;0;0;0;0;1;1;1;1;1;1;1;1;1;1;1;1;1;1;1;1;1;1;1;1;1;1;1;1;1;1;1;1;1;1;1;
02851023;2;1/6/1961;1;;;;;0;0;0;;0;;;;;;;;;;;;;;;;;;;;;;;;;;;;;;;;0;0;0;0;0;0;0;0;0;0;0;0;0;0;0;0;0;0;0;0;0;0;0;0;0;0;0;0;0;0;0;
02851023;2;1/7/1961;1;;;;;0;0;0;;0;;;;;;;;;;;;;;;0;3,6;0;9,6;0;0;0;7,8;0;0;0;4,2;0;0;0;0;0;0;0;0;0;0;0;0;0;0;0;0;0;0;0;1;1;1;1;1;1;1;1;1;1;1;1;1;1;1;1;1;
02851023;2;1/8/1961;1;50,2;97,9;20;6;1;1;0;;0;0;0;0;0;0;0;0;0;0;0;0;0;0;5,3;0;30;0;0;0;50,2;0;0;5,2;3,4;0;0;0;0;0;3,8;0;1;1;1;1;1;1;1;1;1;1;1;1;1;1;1;1;1;1;1;1;1;1;1;1;1;1;1;1;1;1;1;
02851023;2;1/9/1961;1;75,8;360,4;28;16;1;1;0;;0;4,4;0;2,4;5,2;40,6;0;20,8;4,2;7,4;0;8,2;43,6;0;4,2;0;17,6;0;0;0;0;43,4;0;0;18,2;0;22,6;41,8;75,8;0;0;;1;1;1;1;1;1;1;1;1;1;1;1;1;1;1;1;1;1;1;1;1;1;1;1;1;1;1;1;1;1;0;
02851023;2;1/10/1961;1;75,6;195,4;25;9;1;1;0;;0;0;0;0;0;0;0;0;0;0;12,4;0;0;0;17,2;3,8;0;3,6;0;0;15,8;22,4;18,8;0;0;75,6;0;0;0;0;0;25,8;1;1;1;1;1;1;1;1;1;1;1;1;1;1;1;1;1;1;1;1;1;1;1;1;1;1;1;1;1;1;1;
02851023;2;1/11/1961;1;60,6;266,3;14;11;1;1;0;;0;0;8,2;11,4;0;0;30,4;0;0;0;0;0;0;0;60,6;14,3;0;0;0;0;12,6;8,8;50,8;0;0;18,6;40,2;0;10,4;0;0;;1;1;1;1;1;1;1;1;1;1;1;1;1;1;1;1;1;1;1;1;1;1;1;1;1;1;1;1;1;1;0;
02851023;2;1/12/1961;1;55,6;273,8;1;10;1;1;0;;0;55,6;46,2;0;0;0;0;0;0;0;0;17,4;8,2;0;0;0;0;34,6;18,2;0;0;6,4;0;16,2;38,6;0;0;0;0;32,4;0;0;1;1;1;1;1;1;1;1;1;1;1;1;1;1;1;1;1;1;1;1;1;1;1;1;1;1;1;1;1;1;1;
02851023;2;1/1/1962;1;54,8;160,9;15;7;1;1;0;;0;0;0;0;0;0;0;0;28,3;0;0;0;0;14,6;0;54,8;0;0;0;0;0;0;11,2;0;28,6;0;0;0;0;0;22,2;1,2;1;1;1;1;1;1;1;1;1;1;1;1;1;1;1;1;1;1;1;1;1;1;1;1;1;1;1;1;1;1;1;
02851023;2;1/2/1962;1;12,4;56,7;12;6;1;1;0;;0;0;4,2;8,2;11,4;0;0;0;0;0;0;0;12,4;0;0;0;0;0;0;12,3;0;0;0;0;0;0;0;0;8,2;;;;1;1;1;1;1;1;1;1;1;1;1;1;1;1;1;1;1;1;1;1;1;1;1;1;1;1;1;1;0;0;0;
02851023;2;1/3/1962;1;18,2;80,2;19;7;1;1;0;;0;8,3;0;0;0;2,1;0;0;0;0;0;14,4;0;8,2;0;0;12,6;0;16,4;18,2;0;0;0;0;0;0;0;0;0;0;0;0;1;1;1;1;1;1;1;1;1;1;1;1;1;1;1;1;1;1;1;1;1;1;1;1;1;1;1;1;1;1;1;
02851023;2;1/4/1962;1;16,4;74;17;7;1;1;0;;0;0;0;0;0;0;0;0;0;0;13,3;0;0;6,1;0;0;0;16,4;0;4,3;0;0;8,2;0;0;13,3;0;0;12,4;0;0;;1;1;1;1;1;1;1;1;1;1;1;1;1;1;1;1;1;1;1;1;1;1;1;1;1;1;1;1;1;1;0;
02851023;2;1/5/1962;1;56,4;187,5;20;5;1;1;0;;0;0;0;0;0;0;0;0;0;0;0;0;0;0;0;0;0;0;52;44,3;56,4;18,6;0;0;0;0;16,2;0;0;0;0;0;1;1;1;1;1;1;1;1;1;1;1;1;1;1;1;1;1;1;1;1;1;1;1;1;1;1;1;1;1;1;1;
02851023;2;1/6/1962;1;22,6;55,1;2;3;1;1;0;;0;14,2;22,6;0;0;0;0;0;0;0;0;0;0;0;0;0;0;0;0;0;0;18,3;0;0;0;0;0;0;0;0;0;;1;1;1;1;1;1;1;1;1;1;1;1;1;1;1;1;1;1;1;1;1;1;1;1;1;1;1;1;1;1;0;
02851023;2;1/7/1962;1;42,8;187,9;10;8;1;1;0;;0;0;0;0;0;0;38,6;0;0;14,2;42,8;12,1;0;0;0;0;18,4;36,8;0;0;0;0;0;0;0;0;0;14,8;0;0;10,2;0;1;1;1;1;1;1;1;1;1;1;1;1;1;1;1;1;1;1;1;1;1;1;1;1;1;1;1;1;1;1;1;
02851023;2;1/8/1962;1;;;;;0;0;0;;0;;;;;;;;;;;;;;;;;;;;;;;;;;;;;;;;0;0;0;0;0;0;0;0;0;0;0;0;0;0;0;0;0;0;0;0;0;0;0;0;0;0;0;0;0;0;0;
02851023;2;1/9/1962;1;;;;;0;0;0;;0;;;;;;;;;;;;;;;;;;;;;;;;;;;;;;;;0;0;0;0;0;0;0;0;0;0;0;0;0;0;0;0;0;0;0;0;0;0;0;0;0;0;0;0;0;0;0;
02851023;2;1/10/1962;1;3,2;9,8;4;5;1;1;0;;0;0;0;0;3,2;0;1,4;1,2;0;0;0;0;0;0;0;0;0;0;0;0;0;0;0;0;0;2,4;0;0;1,6;0;0;0;1;1;1;1;1;1;1;1;1;1;1;1;1;1;1;1;1;1;1;1;1;1;1;1;1;1;1;1;1;1;1;
02851023;2;1/11/1962;1;2,6;4,6;5;3;1;1;0;;0;0;0;0;0;2,6;0;1,4;0;0;0;0;0;0;0;0;0;0,6;0;0;0;0;0;0;0;0;0;0;0;0;0;;1;1;1;1;1;1;1;1;1;1;1;1;1;1;1;1;1;1;1;1;1;1;1;1;1;1;1;1;1;1;0;
02851023;2;1/12/1962;1;0,6;0,8;27;2;1;1;0;;0;0;0,2;0;0;0;0;0;0;0;0;0;0;0;0;0;0;0;0;0;0;0;0;0;0;0;0;0,6;0;0;0;0;1;1;1;1;1;1;1;1;1;1;1;1;1;1;1;1;1;1;1;1;1;1;1;1;1;1;1;1;1;1;1;
02851023;2;1/1/1963;1;32,2;70,4;30;4;1;1;0;994,5;1;0;0;0;0;0;0;0;0;0;0;0;0;0;0;0;0;0;0;0;0;0;0;0;0;0;0;0;13,6;12,6;32,2;12;1;1;1;1;1;1;1;1;1;1;1;1;1;1;1;1;1;1;1;1;1;1;1;1;1;1;1;1;1;1;1;
02851023;2;1/2/1963;1;10;29,9;1;4;1;1;0;994,5;1;10;0;0;0;0;0;0;0;0;0;0;0;0;0;0;0;0;0;0;6,2;8,3;0;0;0;0;5,4;0;0;;;;1;1;1;1;1;1;1;1;1;1;1;1;1;1;1;1;1;1;1;1;1;1;1;1;1;1;1;1;0;0;0;
02851023;2;1/3/1963;1;36;85;26;4;1;1;0;994,5;1;15;0;0;0;0;0;0;0;0;0;0;0;0;0;0;0;0;0;0;0;0;17;17;0;0;36;0;0;0;0;0;1;1;1;1;1;1;1;1;1;1;1;1;1;1;1;1;1;1;1;1;1;1;1;1;1;1;1;1;1;1;1;
02851023;2;1/4/1963;1;1,5;1,5;3;1;1;1;0;994,5;1;0;0;1,5;0;0;0;0;0;0;0;0;0;0;0;0;0;0;0;0;0;0;0;0;0;0;0;0;0;0;0;;1;1;1;1;1;1;1;1;1;1;1;1;1;1;1;1;1;1;1;1;1;1;1;1;1;1;1;1;1;1;0;
02851023;2;1/5/1963;1;6,2;6,2;14;1;1;1;0;994,5;1;0;0;0;0;0;0;0;0;0;0;0;0;0;6,2;0;0;0;0;0;0;0;0;0;0;0;0;0;0;0;0;0;1;1;1;1;1;1;1;1;1;1;1;1;1;1;1;1;1;1;1;1;1;1;1;1;1;1;1;1;1;1;1;
02851023;2;1/6/1963;1;6,2;6,2;30;1;1;1;0;994,5;1;0;0;0;0;0;0;0;0;0;0;0;0;0;0;0;0;0;0;0;0;0;0;0;0;0;0;0;0;0;6,2;;1;1;1;1;1;1;1;1;1;1;1;1;1;1;1;1;1;1;1;1;1;1;1;1;1;1;1;1;1;1;0;
02851023;2;1/7/1963;1;39;59;22;2;1;1;0;994,5;1;0;0;0;0;0;0;0;0;20;0;0;0;0;0;0;0;0;0;0;0;0;39;0;0;0;0;0;0;0;0;0;1;1;1;1;1;1;1;1;1;1;1;1;1;1;1;1;1;1;1;1;1;1;1;1;1;1;1;1;1;1;1;
02851023;2;1/8/1963;1;75;186,7;13;5;1;1;0;994,5;1;0;0;0;0;0;0;0;0;0;0;0;30;75;0;0;0;16;0;0;36;29,7;0;0;0;0;0;0;0;0;0;0;1;1;1;1;1;1;1;1;1;1;1;1;1;1;1;1;1;1;1;1;1;1;1;1;1;1;1;1;1;1;1;
02851023;2;1/9/1963;1;27;87,4;2;5;1;1;0;994,5;1;0;27;0;17;0;0;0;0;0;0;0;0;13,2;0;16;0;14,2;0;0;0;0;0;0;0;0;0;0;0;0;0;;1;1;1;1;1;1;1;1;1;1;1;1;1;1;1;1;1;1;1;1;1;1;1;1;1;1;1;1;1;1;0;
02851023;2;1/10/1963;1;97;288,8;20;9;1;1;0;994,5;1;0;35;0;25,2;0;0;0;42,4;0;0;0;15;0;0;24,6;15,2;20,4;0;0;97;0;0;0;14;0;0;0;0;0;0;0;1;1;1;1;1;1;1;1;1;1;1;1;1;1;1;1;1;1;1;1;1;1;1;1;1;1;1;1;1;1;1;
02851023;2;1/11/1963;1;15;77;2;6;1;1;0;994,5;1;0;15;0;12,2;0;0;0;10;0;0;0;0;0;0;0;0;0;0;0;14,3;12,1;0;0;0;0;13,4;0;0;0;0;;1;1;1;1;1;1;1;1;1;1;1;1;1;1;1;1;1;1;1;1;1;1;1;1;1;1;1;1;1;1;0;
02851023;2;1/12/1963;1;30;96,4;7;5;1;1;0;994,5;1;0;25;0;24,2;0;0;30;0;0;0;0;0;0;0;0;0;0;0;0;8;9,2;0;0;0;0;0;0;0;0;0;0;1;1;1;1;1;1;1;1;1;1;1;1;1;1;1;1;1;1;1;1;1;1;1;1;1;1;1;1;1;1;1;
02851023;2;1/1/1964;1;;;;;0;0;0;;0;;;;;;;;;;;;;;;;;;;;;;;;;;;;;;;;0;0;0;0;0;0;0;0;0;0;0;0;0;0;0;0;0;0;0;0;0;0;0;0;0;0;0;0;0;0;0;
02851023;2;1/2/1964;1;;;;;0;0;0;;0;;;;;;;;;;;;;;;;;;;;;;;;;;;;;;;;0;0;0;0;0;0;0;0;0;0;0;0;0;0;0;0;0;0;0;0;0;0;0;0;0;0;0;0;0;0;0;
02851023;2;1/3/1964;1;13;13,3;22;2;1;1;0;;0;0;0;0;0,3;0;0;0;0;0;0;0;0;0;0;0;0;0;0;0;0;0;13;0;0;0;0;0;0;0;0;0;1;1;1;1;1;1;1;1;1;1;1;1;1;1;1;1;1;1;1;1;1;1;1;1;1;1;1;1;1;1;1;
02851023;2;1/4/1964;1;15;27;10;2;1;1;0;;0;0;0;0;0;0;0;0;0;0;15;0;12;0;0;0;0;0;0;0;0;0;0;0;0;0;0;0;0;0;0;;1;1;1;1;1;1;1;1;1;1;1;1;1;1;1;1;1;1;1;1;1;1;1;1;1;1;1;1;1;1;0;
02851023;2;1/5/1964;1;20;47;1;3;1;1;0;;0;20;0;14;0;0;0;0;0;13;0;0;0;0;0;0;0;0;0;0;0;0;0;0;0;0;0;0;0;0;0;0;1;1;1;1;1;1;1;1;1;1;1;1;1;1;1;1;1;1;1;1;1;1;1;1;1;1;1;1;1;1;1;
02851023;2;1/6/1964;1;10,2;10,8;6;2;1;1;0;;0;0;0;0;0;0;10,2;0;0;0;0;0;0,6;0;0;0;0;0;0;0;0;0;0;0;0;0;0;0;0;0;0;;1;1;1;1;1;1;1;1;1;1;1;1;1;1;1;1;1;1;1;1;1;1;1;1;1;1;1;1;1;1;0;
02851023;2;1/7/1964;1;0,9;3,7;24;5;1;1;0;;0;0;0;0,8;0;0,5;0;0;0;0;0;0;0;0,7;0;0;0;0;0;0;0;0;0;0,8;0,9;0;0;0;0;0;0;0;1;1;1;1;1;1;1;1;1;1;1;1;1;1;1;1;1;1;1;1;1;1;1;1;1;1;1;1;1;1;1;
02851023;2;1/8/1964;1;25;107,4;8;7;1;1;0;;0;0;21;0;0;0;0;0;25;25;0;0;0;0;0;0;0;0;0;0;0;25;0,6;0;0,8;0;0;10;0;0;0;0;1;1;1;1;1;1;1;1;1;1;1;1;1;1;1;1;1;1;1;1;1;1;1;1;1;1;1;1;1;1;1;
02851023;2;1/9/1964;1;21;43,4;28;5;1;1;0;;0;0;0;0;0;0;0;0;0;0;0;0;0;0;0;0;0;20;0,9;0;0;0;0,8;0,7;0;0;0;0;21;0;0;;1;1;1;1;1;1;1;1;1;1;1;1;1;1;1;1;1;1;1;1;1;1;1;1;1;1;1;1;1;1;0;
02851023;2;1/10/1964;1;32;56,5;22;3;1;1;0;;0;0;0;0,5;0;0;0;0;0;0;0;0;0;0;0;0;0;0;0;0;0;24;32;0;0;0;0;0;0;0;0;0;1;1;1;1;1;1;1;1;1;1;1;1;1;1;1;1;1;1;1;1;1;1;1;1;1;1;1;1;1;1;1;
02851023;2;1/11/1964;1;25;36,4;20;4;1;1;0;;0;0;0;0;0;0;10;0;0;0;0;0;0,6;0;0;0;0;0;0;0;25;0;0;0;0;0;0;0,8;0;0;0;;1;1;1;1;1;1;1;1;1;1;1;1;1;1;1;1;1;1;1;1;1;1;1;1;1;1;1;1;1;1;0;
02851023;2;1/12/1964;1;0,8;1,4;26;2;1;1;0;;0;0;0;0;0;0;0;0;0;0;0,6;0;0;0;0;0;0;0;0;0;0;0;0;0;0;0;0,8;0;0;0;0;0;1;1;1;1;1;1;1;1;1;1;1;1;1;1;1;1;1;1;1;1;1;1;1;1;1;1;1;1;1;1;1;
02851023;2;1/1/1965;1;0,8;2,4;15;4;1;1;0;811,4;1;0;0;0;0;0;0;0;0;0;0;0;0;0;0;0,8;0,6;0;0;0;0;0;0;0;0;0;0;0;0;0,6;0;0,4;1;1;1;1;1;1;1;1;1;1;1;1;1;1;1;1;1;1;1;1;1;1;1;1;1;1;1;1;1;1;1;
02851023;2;1/2/1965;1;18;31,4;28;4;1;1;0;811,4;1;0;0;0;0;12;0;0;0;0;0;0;0;0;0;0;0;0;0;0;0,6;0;0;0;0;0;0;0,8;18;;;;1;1;1;1;1;1;1;1;1;1;1;1;1;1;1;1;1;1;1;1;1;1;1;1;1;1;1;1;0;0;0;
02851023;2;1/3/1965;1;25;42,2;3;5;1;1;0;811,4;1;0;0;25;0;0;15;0,8;0;0;0;0;0;0;0;0;0;0;0;0;0;0;0;0;0;0;0,8;0,6;0;0;0;0;1;1;1;1;1;1;1;1;1;1;1;1;1;1;1;1;1;1;1;1;1;1;1;1;1;1;1;1;1;1;1;
02851023;2;1/4/1965;1;25;61,4;20;5;1;1;0;811,4;1;0;0;0;0;0;0,8;0;0;0;10;0;0;0;0;0;0;0;0;0;25;25;0;0;0;0;0;0;0,6;0;0;;1;1;1;1;1;1;1;1;1;1;1;1;1;1;1;1;1;1;1;1;1;1;1;1;1;1;1;1;1;1;0;
02851023;2;1/5/1965;1;25;46,1;12;6;1;1;0;811,4;1;0;0;0;0,6;0;0;0;0;0;0;0;25;18;0;0;0;0;0;0;0;0,9;0;0,8;0;0;0;0;0;0,8;0;0;1;1;1;1;1;1;1;1;1;1;1;1;1;1;1;1;1;1;1;1;1;1;1;1;1;1;1;1;1;1;1;
02851023;2;1/6/1965;1;25;40,8;7;3;1;1;0;811,4;1;0;0;0;0;0,8;0;25;15;0;0;0;0;0;0;0;0;0;0;0;0;0;0;0;0;0;0;0;0;0;0;;1;1;1;1;1;1;1;1;1;1;1;1;1;1;1;1;1;1;1;1;1;1;1;1;1;1;1;1;1;1;0;
02851023;2;1/7/1965;1;0,8;1,4;29;2;1;1;0;811,4;1;0;0;0;0;0;0;0;0;0;0;0,6;0;0;0;0;0;0;0;0;0;0;0;0;0;0;0;0;0;0,8;0;0;1;1;1;1;1;1;1;1;1;1;1;1;1;1;1;1;1;1;1;1;1;1;1;1;1;1;1;1;1;1;1;
02851023;2;1/8/1965;1;75;323;22;6;1;1;0;811,4;1;0;0;0;0;0;0;0;0;0;0;0;0;0;0;0;0;25;19;0;0;0;75;75;0;65;64;0;0;0;0;0;1;1;1;1;1;1;1;1;1;1;1;1;1;1;1;1;1;1;1;1;1;1;1;1;1;1;1;1;1;1;1;
02851023;2;1/9/1965;1;25;129;2;7;1;1;0;811,4;1;0;25;20;0;0;15;12;0;0;0;17;0;0;0;0;0;0;0;0;0;0;25;0;15;0;0;0;0;0;0;;1;1;1;1;1;1;1;1;1;1;1;1;1;1;1;1;1;1;1;1;1;1;1;1;1;1;1;1;1;1;0;
02851023;2;1/10/1965;1;25;68,3;10;7;1;1;0;811,4;1;0;0;0;15;0;15;0;0;0;25;0;0;0;0;0;0;0;0,8;0;0;0;0,6;0;0;0;0;11;0;0,9;0;0;1;1;1;1;1;1;1;1;1;1;1;1;1;1;1;1;1;1;1;1;1;1;1;1;1;1;1;1;1;1;1;
02851023;2;1/11/1965;1;12;25,5;13;7;1;1;0;811,4;1;0;0;0,6;0;0;0;0;0,7;0;0;0;0;12;0,8;0;0;0,8;0;0;0;10;0;0;0,6;0;0;0;0;0;0;;1;1;1;1;1;1;1;1;1;1;1;1;1;1;1;1;1;1;1;1;1;1;1;1;1;1;1;1;1;1;0;
02851023;2;1/12/1965;1;14,2;39,9;25;7;1;1;0;811,4;1;0;0;0;0,6;0;0;0;0;0,9;0;0,8;0;11;0;0;0;0,4;0;0;0;12;0;0;0;14,2;0;0;0;0;0;0;1;1;1;1;1;1;1;1;1;1;1;1;1;1;1;1;1;1;1;1;1;1;1;1;1;1;1;1;1;1;1;
02851023;2;1/1/1966;1;13,2;48,3;28;11;1;1;0;634,3;1;0,6;0;0,7;0;0,9;10;0;0;0,4;0;0;0,6;0;0,2;0;0;0,7;0;0;0;0;0;11;0;0;10;0;13,2;0;0;0;1;1;1;1;1;1;1;1;1;1;1;1;1;1;1;1;1;1;1;1;1;1;1;1;1;1;1;1;1;1;1;
02851023;2;1/2/1966;1;14,3;31,1;7;10;1;1;0;634,3;1;0;0;0;0,8;0;0;14,3;0;0,9;0;0;12;0;0,4;0;0;0,5;0;0;0;0;0,9;0;0,6;0;0,3;0;0,4;;;;1;1;1;1;1;1;1;1;1;1;1;1;1;1;1;1;1;1;1;1;1;1;1;1;1;1;1;1;0;0;0;
02851023;2;1/3/1966;1;25;41,1;1;5;1;1;0;634,3;1;25;0;14;0;0;0;0;0;0;0,6;0;0;0;0;0;0;0;0;0,7;0;0;0;0;0;0;0,8;0;0;0;0;0;1;1;1;1;1;1;1;1;1;1;1;1;1;1;1;1;1;1;1;1;1;1;1;1;1;1;1;1;1;1;1;
02851023;2;1/4/1966;1;17;30,7;8;6;1;1;0;634,3;1;0;0,9;0;0;0;0;0;17;0;0;0;0;0;0,6;0;0;0;0,4;0;0;0;0;0,8;0;0;11;0;0;0;0;;1;1;1;1;1;1;1;1;1;1;1;1;1;1;1;1;1;1;1;1;1;1;1;1;1;1;1;1;1;1;0;
02851023;2;1/5/1966;1;0,4;0,7;21;2;1;1;0;634,3;1;0;0;0;0;0;0;0;0;0;0;0;0;0;0;0;0;0;0;0;0;0,4;0;0;0;0;0;0;0;0,3;0;0;1;1;1;1;1;1;1;1;1;1;1;1;1;1;1;1;1;1;1;1;1;1;1;1;1;1;1;1;1;1;1;
02851023;2;1/6/1966;1;50;51,9;23;4;1;1;0;634,3;1;0;0;0;0;0,6;0;0;0;0;0;0,4;0;0;0;0;0;0;0;0,9;0;0;0;50;0;0;0;0;0;0;0;;1;1;1;1;1;1;1;1;1;1;1;1;1;1;1;1;1;1;1;1;1;1;1;1;1;1;1;1;1;1;0;
02851023;2;1/7/1966;1;10;13;17;6;1;1;0;634,3;1;0,8;0;0;0;0;0;0;0,6;0;0;0;0;0;0;0,9;0;10;0;0;0;0,5;0;0;0;0;0;0;0,2;0;0;0;1;1;1;1;1;1;1;1;1;1;1;1;1;1;1;1;1;1;1;1;1;1;1;1;1;1;1;1;1;1;1;
02851023;2;1/8/1966;1;29;120,8;27;7;1;1;0;634,3;1;0;0;0;0;0;0;0;0;0;25;0;0;0;0;15;14;0;0;0;0;0;0;0;0;27;0;29;0;10;0;0,8;1;1;1;1;1;1;1;1;1;1;1;1;1;1;1;1;1;1;1;1;1;1;1;1;1;1;1;1;1;1;1;
02851023;2;1/9/1966;1;20;52;8;11;1;1;0;634,3;1;0,9;0;0,6;0;0,2;0;0;20;0;15;0;12;0;0,7;0;0;0,6;0;0;0,4;0;0;0,9;0;0;0;0,7;0;0;0;;1;1;1;1;1;1;1;1;1;1;1;1;1;1;1;1;1;1;1;1;1;1;1;1;1;1;1;1;1;1;0;
02851023;2;1/10/1966;1;23;102,5;8;11;1;1;0;634,3;1;18;0;0;0;16;21;0;23;0,8;0,6;0;0,8;0;11;0;0,5;10;0;0;0;0;0;0;0;0,8;0;0;0;0;0;0;1;1;1;1;1;1;1;1;1;1;1;1;1;1;1;1;1;1;1;1;1;1;1;1;1;1;1;1;1;1;1;
02851023;2;1/11/1966;1;0,8;2,8;15;4;1;1;0;634,3;1;0;0;0;0;0;0;0;0,5;0;0;0;0;0;0;0,8;0;0;0;0;0,8;0;0;0;0;0;0,7;0;0;0;0;;1;1;1;1;1;1;1;1;1;1;1;1;1;1;1;1;1;1;1;1;1;1;1;1;1;1;1;1;1;1;0;
02851023;2;1/12/1966;1;28;139,4;26;9;1;1;0;634,3;1;0;13;0;0,9;0;0;0,8;0;0;0;25;0;0;0;26;0;0;27;0;0;0;18;0;0;0;28;0;0;0,7;0;0;1;1;1;1;1;1;1;1;1;1;1;1;1;1;1;1;1;1;1;1;1;1;1;1;1;1;1;1;1;1;1;
02851023;2;1/1/1967;1;25;62,6;17;7;1;1;0;214,6;1;0;0;0;0;0,7;0;0,6;0;0;0;0;0;0;0;17;0;25;0;0;18;0;0;0;0;0;0;0,7;0;0;0;0,6;1;1;1;1;1;1;1;1;1;1;1;1;1;1;1;1;1;1;1;1;1;1;1;1;1;1;1;1;1;1;1;
02851023;2;1/2/1967;1;0,9;3,5;11;7;1;1;0;214,6;1;0;0;0,5;0;0;0,8;0;0;0;0;0,9;0;0;0;0;0;0;0,4;0;0,3;0;0;0,2;0;0;0;0;0,4;;;;1;1;1;1;1;1;1;1;1;1;1;1;1;1;1;1;1;1;1;1;1;1;1;1;1;1;1;1;0;0;0;
02851023;2;1/3/1967;1;0,8;3,1;18;6;1;1;0;214,6;1;0;0;0,5;0,3;0;0,2;0;0;0;0;0;0;0;0;0;0;0;0,8;0;0;0;0,6;0;0;0;0;0;0;0,7;0;0;1;1;1;1;1;1;1;1;1;1;1;1;1;1;1;1;1;1;1;1;1;1;1;1;1;1;1;1;1;1;1;
02851023;2;1/4/1967;1;0,5;0,9;8;2;1;1;0;214,6;1;0;0;0;0,4;0;0;0;0,5;0;0;0;0;0;0;0;0;0;0;0;0;0;0;0;0;0;0;0;0;0;0;;1;1;1;1;1;1;1;1;1;1;1;1;1;1;1;1;1;1;1;1;1;1;1;1;1;1;1;1;1;1;0;
02851023;2;1/5/1967;1;0,8;1,5;18;2;1;1;0;214,6;1;0;0;0;0;0;0;0;0;0;0;0;0;0;0;0;0;0;0,8;0;0;0;0,7;0;0;0;0;0;0;0;0;0;1;1;1;1;1;1;1;1;1;1;1;1;1;1;1;1;1;1;1;1;1;1;1;1;1;1;1;1;1;1;1;
02851023;2;1/6/1967;1;16;40,4;29;7;1;1;0;214,6;1;0;0;0;12;0;0;0,6;0;0;0;0;10;0;0;0;0;0;0,8;0;0;0;0,6;0;0;0;0,4;0;0;16;0;;1;1;1;1;1;1;1;1;1;1;1;1;1;1;1;1;1;1;1;1;1;1;1;1;1;1;1;1;1;1;0;
02851023;2;1/7/1967;1;12;26,4;11;6;1;1;0;214,6;1;0;0;0,4;0;0;0;0,9;0;0;0;12;0;0;0;0;0;0,7;0;0;0;12;0;0;0;0;0;0,4;0;0;0;0;1;1;1;1;1;1;1;1;1;1;1;1;1;1;1;1;1;1;1;1;1;1;1;1;1;1;1;1;1;1;1;
02851023;2;1/8/1967;1;25;41,5;24;5;1;1;0;214,6;1;0;0;0;0,4;0;0;0;0,6;0;0;0;0;0;0;0;0;0;0;0;0;0,5;15;0;25;0;0;0;0;0;0;0;1;1;1;1;1;1;1;1;1;1;1;1;1;1;1;1;1;1;1;1;1;1;1;1;1;1;1;1;1;1;1;
02851023;2;1/9/1967;1;15;29,3;2;7;1;1;0;214,6;1;0;15;0;0;11;0;0;0,8;0;0;0;0;0;0;0;0;0,7;0;0;0,9;0;0;0;0,4;0;0;0;0;0,5;0;;1;1;1;1;1;1;1;1;1;1;1;1;1;1;1;1;1;1;1;1;1;1;1;1;1;1;1;1;1;1;0;
02851023;2;1/10/1967;1;0,8;2,4;5;5;1;1;0;214,6;1;0;0;0;0;0,8;0;0;0,6;0,4;0;0;0;0;0;0;0;0;0;0;0,2;0;0;0;0,4;0;0;0;0;0;0;0;1;1;1;1;1;1;1;1;1;1;1;1;1;1;1;1;1;1;1;1;1;1;1;1;1;1;1;1;1;1;1;
02851023;2;1/11/1967;1;0,7;1,9;19;4;1;1;0;214,6;1;0;0;0;0;0,4;0;0;0;0;0;0;0,3;0;0;0;0;0;0;0,7;0;0;0;0;0;0;0,5;0;0;0;0;;1;1;1;1;1;1;1;1;1;1;1;1;1;1;1;1;1;1;1;1;1;1;1;1;1;1;1;1;1;1;0;
02851023;2;1/12/1967;1;0,9;1,1;3;2;1;1;0;214,6;1;0;0;0,9;0;0;0;0;0;0;0;0;0;0;0;0;0;0;0;0;0,2;0;0;0;0;0;0;0;0;0;0;0;1;1;1;1;1;1;1;1;1;1;1;1;1;1;1;1;1;1;1;1;1;1;1;1;1;1;1;1;1;1;1;
02851023;2;1/1/1968;1;10;11,2;15;5;1;1;0;50;1;0;0;0,4;0;0;0;0;0;0;0;0;0;0;0;10;0;0;0;0,2;0;0;0;0;0;0;0,1;0;0;0,5;0;0;1;1;1;1;1;1;1;1;1;1;1;1;1;1;1;1;1;1;1;1;1;1;1;1;1;1;1;1;1;1;1;
02851023;2;1/2/1968;1;0,5;1,4;25;4;1;1;0;50;1;0;0;0;0,2;0;0;0;0;0;0;0;0,3;0;0;0;0;0;0;0;0;0,4;0;0;0;0,5;0;0;0;0;;;1;1;1;1;1;1;1;1;1;1;1;1;1;1;1;1;1;1;1;1;1;1;1;1;1;1;1;1;1;0;0;
02851023;2;1/3/1968;1;0,2;0,3;27;2;1;1;0;50;1;0;0;0;0;0;0;0;0;0;0;0;0;0;0;0;0;0;0;0,1;0;0;0;0;0;0;0;0,2;0;0;0;0;1;1;1;1;1;1;1;1;1;1;1;1;1;1;1;1;1;1;1;1;1;1;1;1;1;1;1;1;1;1;1;
02851023;2;1/4/1968;1;0,6;0,8;17;2;1;1;0;50;1;0;0;0;0;0;0;0;0;0;0;0;0;0;0;0;0;0,6;0;0;0;0;0;0;0,2;0;0;0;0;0;0;;1;1;1;1;1;1;1;1;1;1;1;1;1;1;1;1;1;1;1;1;1;1;1;1;1;1;1;1;1;1;0;
02851023;2;1/5/1968;1;0,6;1,3;7;4;1;1;0;50;1;0;0;0;0;0;0;0,6;0;0;0,2;0;0;0;0;0;0,3;0;0;0;0;0;0;0;0;0,2;0;0;0;0;0;0;1;1;1;1;1;1;1;1;1;1;1;1;1;1;1;1;1;1;1;1;1;1;1;1;1;1;1;1;1;1;1;
02851023;2;1/6/1968;1;0,4;0,5;13;2;1;1;0;50;1;0;0;0;0;0;0;0;0;0,1;0;0;0;0,4;0;0;0;0;0;0;0;0;0;0;0;0;0;0;0;0;0;;1;1;1;1;1;1;1;1;1;1;1;1;1;1;1;1;1;1;1;1;1;1;1;1;1;1;1;1;1;1;0;
02851023;2;1/7/1968;1;0,4;0,9;5;3;1;1;0;50;1;0;0;0;0;0,4;0;0;0,2;0;0;0;0;0;0;0;0;0,3;0;0;0;0;0;0;0;0;0;0;0;0;0;0;1;1;1;1;1;1;1;1;1;1;1;1;1;1;1;1;1;1;1;1;1;1;1;1;1;1;1;1;1;1;1;
02851023;2;1/8/1968;1;0,3;0,5;6;2;1;1;0;50;1;0;0,2;0;0;0;0,3;0;0;0;0;0;0;0;0;0;0;0;0;0;0;0;0;0;0;0;0;0;0;0;0;0;1;1;1;1;1;1;1;1;1;1;1;1;1;1;1;1;1;1;1;1;1;1;1;1;1;1;1;1;1;1;1;
02851023;2;1/9/1968;1;16;29,4;13;6;1;1;0;50;1;0;0;0;0;0;0;0;0;0;0;0;12;16;0;0;0;0;0,3;0;0;0;0;0,5;0;0;0;0,4;0;0,2;0;;1;1;1;1;1;1;1;1;1;1;1;1;1;1;1;1;1;1;1;1;1;1;1;1;1;1;1;1;1;1;0;
02851023;2;1/10/1968;1;0,3;0,8;4;3;1;1;0;50;1;0;0;0;0,3;0;0;0;0,2;0;0;0;0;0;0,3;0;0;0;0;0;0;0;0;0;0;0;0;0;0;0;0;0;1;1;1;1;1;1;1;1;1;1;1;1;1;1;1;1;1;1;1;1;1;1;1;1;1;1;1;1;1;1;1;
02851023;2;1/11/1968;1;0,5;1,2;9;5;1;1;0;50;1;0;0;0;0,1;0,2;0,1;0;0,3;0,5;0;0;0;0;0;0;0;0;0;0;0;0;0;0;0;0;0;0;0;0;0;;1;1;1;1;1;1;1;1;1;1;1;1;1;1;1;1;1;1;1;1;1;1;1;1;1;1;1;1;1;1;0;
02851023;2;1/12/1968;1;0,8;1,7;24;4;1;1;0;50;1;0;0;0;0;0;0;0;0;0;0;0;0;0;0;0;0,3;0;0;0;0;0,2;0;0;0,8;0;0,4;0;0;0;0;0;1;1;1;1;1;1;1;1;1;1;1;1;1;1;1;1;1;1;1;1;1;1;1;1;1;1;1;1;1;1;1;
02851023;2;1/1/1969;1;0,5;1,5;2;5;1;1;0;244,6;1;0;0,5;0;0;0;0;0,2;0;0;0;0;0;0,3;0;0;0;0;0;0,2;0;0;0;0;0,3;0;0;0;0;0;0;0;1;1;1;1;1;1;1;1;1;1;1;1;1;1;1;1;1;1;1;1;1;1;1;1;1;1;1;1;1;1;1;
02851023;2;1/2/1969;1;0,4;0,9;23;3;1;1;0;244,6;1;0;0;0;0;0;0;0;0;0,3;0;0;0;0;0;0;0;0;0;0,2;0;0;0;0,4;0;0;0;0;0;;;;1;1;1;1;1;1;1;1;1;1;1;1;1;1;1;1;1;1;1;1;1;1;1;1;1;1;1;1;0;0;0;
02851023;2;1/3/1969;1;0,4;1,5;14;5;1;1;0;244,6;1;0;0;0;0,2;0;0;0;0;0;0;0;0;0;0,4;0;0;0;0;0;0;0,3;0;0;0;0;0,4;0;0,2;0;0;0;1;1;1;1;1;1;1;1;1;1;1;1;1;1;1;1;1;1;1;1;1;1;1;1;1;1;1;1;1;1;1;
02851023;2;1/4/1969;1;14;15,2;18;3;1;1;0;244,6;1;0;0;0;0;0;0,3;0;0;0;0;0;0;0;0;0;0;0;14;0;0;0;0;0,9;0;0;0;0;0;0;0;;1;1;1;1;1;1;1;1;1;1;1;1;1;1;1;1;1;1;1;1;1;1;1;1;1;1;1;1;1;1;0;
02851023;2;1/5/1969;1;13;14,3;12;4;1;1;0;244,6;1;0;0,6;0;0,4;0;0,3;0;0;0;0;0;13;0;0;0;0;0;0;0;0;0;0;0;0;0;0;0;0;0;0;0;1;1;1;1;1;1;1;1;1;1;1;1;1;1;1;1;1;1;1;1;1;1;1;1;1;1;1;1;1;1;1;
02851023;2;1/6/1969;1;25;78,6;14;6;1;1;0;244,6;1;0;0;0;0;0;0;0;0;0;0;0;0;0;25;10,2;0;24;18;0;0;0;0,8;0;0;0;0,6;0;0;0;0;;1;1;1;1;1;1;1;1;1;1;1;1;1;1;1;1;1;1;1;1;1;1;1;1;1;1;1;1;1;1;0;
02851023;2;1/7/1969;1;10;12;9;4;1;1;0;244,6;1;0;0;0;0;0;0,4;0;0;10;0;0;0;0,8;0;0;0;0,8;0;0;0;0;0;0;0;0;0;0;0;0;0;0;1;1;1;1;1;1;1;1;1;1;1;1;1;1;1;1;1;1;1;1;1;1;1;1;1;1;1;1;1;1;1;
02851023;2;1/8/1969;1;15;17,5;1;5;1;1;0;244,6;1;15;0;0;0;0;0;0,9;0;0;0;0;0;0,5;0;0;0;0;0;0;0;0,8;0;0;0;0,3;0;0;0;0;0;0;1;1;1;1;1;1;1;1;1;1;1;1;1;1;1;1;1;1;1;1;1;1;1;1;1;1;1;1;1;1;1;
02851023;2;1/9/1969;1;20,9;38,2;7;7;1;1;0;244,6;1;0;0;0,3;0;0;0;20,9;0,9;0;0;0;0;0;0;0;0;0,4;0;14;0;0,9;0;0;0;0,8;0;0;0;0;0;;1;1;1;1;1;1;1;1;1;1;1;1;1;1;1;1;1;1;1;1;1;1;1;1;1;1;1;1;1;1;0;
02851023;2;1/10/1969;1;0,6;1,4;6;3;1;1;0;244,6;1;0;0;0;0;0;0,6;0;0;0;0;0;0;0;0;0;0,3;0;0;0;0;0;0;0;0;0;0;0,5;0;0;0;0;1;1;1;1;1;1;1;1;1;1;1;1;1;1;1;1;1;1;1;1;1;1;1;1;1;1;1;1;1;1;1;
02851023;2;1/11/1969;1;32;61,4;9;5;1;1;0;244,6;1;0;0;0;0,6;0;0;0;28;32;0;0;0;0;0;0;0;0;0,3;0;0;0;0;0;0,5;0;0;0;0;0;0;;1;1;1;1;1;1;1;1;1;1;1;1;1;1;1;1;1;1;1;1;1;1;1;1;1;1;1;1;1;1;0;
02851023;2;1/12/1969;1;0,8;2,1;30;4;1;1;0;244,6;1;0;0;0;0;0,4;0;0;0;0;0;0;0;0,3;0;0;0;0;0;0;0;0;0;0;0;0;0;0;0;0,6;0,8;0;1;1;1;1;1;1;1;1;1;1;1;1;1;1;1;1;1;1;1;1;1;1;1;1;1;1;1;1;1;1;1;
02851023;2;1/1/1970;1;0,8;2,6;15;6;1;1;0;530,5;1;0;0;0,3;0,6;0,4;0;0;0;0;0;0;0;0;0;0,8;0;0;0;0;0;0;0;0,3;0;0;0,2;0;0;0;0;0;1;1;1;1;1;1;1;1;1;1;1;1;1;1;1;1;1;1;1;1;1;1;1;1;1;1;1;1;1;1;1;
02851023;2;1/2/1970;1;0,6;1,5;3;4;1;1;0;530,5;1;0;0;0,6;0,3;0;0,2;0;0,4;0;0;0;0;0;0;0;0;0;0;0;0;0;0;0;0;0;0;0;0;;;;1;1;1;1;1;1;1;1;1;1;1;1;1;1;1;1;1;1;1;1;1;1;1;1;1;1;1;1;0;0;0;
02851023;2;1/3/1970;1;0,4;1,4;11;5;1;1;0;530,5;1;0;0;0;0;0;0;0;0;0;0,3;0,4;0;0;0;0;0,3;0;0,2;0;0;0;0;0;0;0;0;0;0;0;0,2;0;1;1;1;1;1;1;1;1;1;1;1;1;1;1;1;1;1;1;1;1;1;1;1;1;1;1;1;1;1;1;1;
02851023;2;1/4/1970;1;0,7;1;7;2;1;1;0;530,5;1;0;0;0;0;0;0;0,7;0;0;0;0;0;0;0;0;0;0;0,3;0;0;0;0;0;0;0;0;0;0;0;0;;1;1;1;1;1;1;1;1;1;1;1;1;1;1;1;1;1;1;1;1;1;1;1;1;1;1;1;1;1;1;0;
02851023;2;1/5/1970;1;12;14,3;20;4;1;1;0;530,5;1;0;0;0;0,9;0;0;0;0;0;0;0;0;0;0;0;0;0;0;0;12;0;0,9;0;0;0;0;0,5;0;0;0;0;1;1;1;1;1;1;1;1;1;1;1;1;1;1;1;1;1;1;1;1;1;1;1;1;1;1;1;1;1;1;1;
02851023;2;1/6/1970;1;24;90,6;22;8;1;1;0;530,5;1;0;19;12;0,5;0;16;0;0;0;0;0;0;0;0;0;0;0;0;0;0;18;24;0;0,3;0;0;0;0;0,8;0;;1;1;1;1;1;1;1;1;1;1;1;1;1;1;1;1;1;1;1;1;1;1;1;1;1;1;1;1;1;1;0;
02851023;2;1/7/1970;1;28;134,9;3;8;1;1;0;530,5;1;0;0;28;0;16;0;0,9;0;0;0;0;0;0;0;0;0;24;0;14;11;0;0;0;0;25;0;16;0;0;0;0;1;1;1;1;1;1;1;1;1;1;1;1;1;1;1;1;1;1;1;1;1;1;1;1;1;1;1;1;1;1;1;
02851023;2;1/8/1970;1;26;104,9;20;7;1;1;0;530,5;1;0;0;0;0;0,9;0;0;0;0;0;0;0;14;0;0;0;12;0;10;26;18;0;0;0;0;0;24;0;0;0;0;1;1;1;1;1;1;1;1;1;1;1;1;1;1;1;1;1;1;1;1;1;1;1;1;1;1;1;1;1;1;1;
02851023;2;1/9/1970;1;18;32,8;5;6;1;1;0;530,5;1;0;0,8;0;0;18;0;0;0;0,9;0;0;0;0;0;0;0,6;0;0;0;0;0;0;0;0;0;0;0;0,5;0;12;;1;1;1;1;1;1;1;1;1;1;1;1;1;1;1;1;1;1;1;1;1;1;1;1;1;1;1;1;1;1;0;
02851023;2;1/10/1970;1;15;28,5;17;4;1;1;0;530,5;1;0;0;0;0,9;0;0;0,6;0;0;0;0;0;0;0;0;12;15;0;0;0;0;0;0;0;0;0;0;0;0;0;0;1;1;1;1;1;1;1;1;1;1;1;1;1;1;1;1;1;1;1;1;1;1;1;1;1;1;1;1;1;1;1;
02851023;2;1/11/1970;1;15;27;28;2;1;1;0;530,5;1;0;0;0;0;0;0;0;0;0;0;0;0;0;0;0;0;0;0;0;0;0;0;0;0;0;0;0;15;12;0;;1;1;1;1;1;1;1;1;1;1;1;1;1;1;1;1;1;1;1;1;1;1;1;1;1;1;1;1;1;1;0;
02851023;2;1/12/1970;1;37;91;10;3;1;1;0;530,5;1;0;0;0;0;0;22;0;0;32;37;0;0;0;0;0;0;0;0;0;0;0;0;0;0;0;0;0;0;0;0;0;1;1;1;1;1;1;1;1;1;1;1;1;1;1;1;1;1;1;1;1;1;1;1;1;1;1;1;1;1;1;1;
02851023;2;1/1/1971;1;25;60,5;2;4;1;1;0;1124,6;1;0;25;0;15;0;0;0,5;0;0;0;0;0;0;0;0;0;0;0;0;0;0;20;0;0;0;0;0;0;0;0;0;1;1;1;1;1;1;1;1;1;1;1;1;1;1;1;1;1;1;1;1;1;1;1;1;1;1;1;1;1;1;1;
02851023;2;1/2/1971;1;19;47,7;22;8;1;1;0;1124,6;1;0;0;0,8;0;0,6;0;0;0;0,8;0;0;0;0,9;0;0;10;0;0,6;0;0;0;19;0;0;15;0;0;0;;;;1;1;1;1;1;1;1;1;1;1;1;1;1;1;1;1;1;1;1;1;1;1;1;1;1;1;1;1;0;0;0;
02851023;2;1/3/1971;1;13;28,4;23;7;1;1;0;1124,6;1;0;0;0,5;0;0,9;0;0;0;0;0,3;0;0;0;0;0;0;0;12;0;0;0;0;13;0;0,9;0,8;0;0;0;0;0;1;1;1;1;1;1;1;1;1;1;1;1;1;1;1;1;1;1;1;1;1;1;1;1;1;1;1;1;1;1;1;
02851023;2;1/4/1971;1;14;26,9;30;7;1;1;0;1124,6;1;0;0;0;0,5;0;0;0;0,9;0;0;0;0;0;0;0;0;0,6;0;10;0;0;0;0,3;0;0;0;0;0,6;0;14;;1;1;1;1;1;1;1;1;1;1;1;1;1;1;1;1;1;1;1;1;1;1;1;1;1;1;1;1;1;1;0;
02851023;2;1/5/1971;1;24;105;2;7;1;1;0;1124,6;1;0;24;0;0;18;24;16;0;0;10;0;0;0;0;0;12,2;0;0;0;0;0;0;0;0;0;0,8;0;0;0;0;0;1;1;1;1;1;1;1;1;1;1;1;1;1;1;1;1;1;1;1;1;1;1;1;1;1;1;1;1;1;1;1;
02851023;2;1/6/1971;1;69,2;134,3;29;7;1;1;0;1124,6;1;0;0;0;0;12,3;14,1;0;0,9;0,5;0;0;0;0;0;0;0;0;0;0;0;0;0;12,1;0;0;0;0;25,2;69,2;0;;1;1;1;1;1;1;1;1;1;1;1;1;1;1;1;1;1;1;1;1;1;1;1;1;1;1;1;1;1;1;0;
02851023;2;1/7/1971;1;80,2;406,5;5;8;1;1;0;1124,6;1;0;0;0;0;80,2;62;55;0;70,3;52;0;46;0;27;0;0;14;0;0;0;0;0;0;0;0;0;0;0;0;0;0;1;1;1;1;1;1;1;1;1;1;1;1;1;1;1;1;1;1;1;1;1;1;1;1;1;1;1;1;1;1;1;
02851023;2;1/8/1971;1;38,1;92,6;4;8;1;1;0;1124,6;1;0,8;0;0,9;38,1;0;35,3;12;0;0;0;4,2;0;0;0;0;0;0;0;0;0;0;0;0;0;0;0;0;0,8;0;0;0,5;1;1;1;1;1;1;1;1;1;1;1;1;1;1;1;1;1;1;1;1;1;1;1;1;1;1;1;1;1;1;1;
02851023;2;1/9/1971;1;20,2;35;6;3;1;1;0;1124,6;1;0;0;0;0;0;20,2;0;0;0;0;0;14,2;0;0;0;0;0;0;0;0;0;0;0;0;0;0;0;0;0;0,6;;1;1;1;1;1;1;1;1;1;1;1;1;1;1;1;1;1;1;1;1;1;1;1;1;1;1;1;1;1;1;0;
02851023;2;1/10/1971;1;15,3;50,2;9;5;1;1;0;1124,6;1;0;0;0;4,2;0;0;8,3;0;15,3;7,2;0;0;0;0;0;0;0;0;0;0;0;0;0;15,2;0;0;0;0;0;0;0;1;1;1;1;1;1;1;1;1;1;1;1;1;1;1;1;1;1;1;1;1;1;1;1;1;1;1;1;1;1;1;
02851023;2;1/11/1971;1;44;75,3;26;4;1;1;0;1124,6;1;0;12,1;10;0;9,2;0;0;0;0;0;0;0;0;0;0;0;0;0;0;0;0;0;0;0;0;44;0;0;0;0;;1;1;1;1;1;1;1;1;1;1;1;1;1;1;1;1;1;1;1;1;1;1;1;1;1;1;1;1;1;1;0;
02851023;2;1/12/1971;1;28,4;62,2;14;5;1;1;0;1124,6;1;14,2;0;0;11,4;0;0;0;0;0;0;0;0;1;28,4;0;0;0;0;7,2;0;0;0;0;0;0;0;0;0;0;0;0;1;1;1;1;1;1;1;1;1;1;1;1;1;1;1;1;1;1;1;1;1;1;1;1;1;1;1;1;1;1;1;
02851023;2;1/1/1972;1;24,2;131,2;25;9;1;1;0;1776,6;1;0;15,2;0;12,4;0;0,8;0;18,2;0;0;0;0;0;11,2;0;0;16,1;0;0;21,1;0;0;0;0;24,2;0;0;12;0;0;0;1;1;1;1;1;1;1;1;1;1;1;1;1;1;1;1;1;1;1;1;1;1;1;1;1;1;1;1;1;1;1;
02851023;2;1/2/1972;1;35,2;219,7;14;10;1;1;0;1776,6;1;0,5;0;0;16,1;0;0;0;26;0;0;22;0;27,3;35,2;0;0;26;6,2;0;0;0;0;28,1;0;0;0;32,3;0;0;;;1;1;1;1;1;1;1;1;1;1;1;1;1;1;1;1;1;1;1;1;1;1;1;1;1;1;1;1;1;0;0;
02851023;2;1/3/1972;1;28;138,1;29;8;1;1;0;1776,6;1;0;0;0;0;0;0;0;26,2;0;8,2;0;0;0;0;0;11,1;0;12,3;0;0;0;0;0;18;0;0;14,1;0;28;0;20,2;1;1;1;1;1;1;1;1;1;1;1;1;1;1;1;1;1;1;1;1;1;1;1;1;1;1;1;1;1;1;1;
02851023;2;1/4/1972;1;63,2;135,4;15;6;1;1;0;1776,6;1;10,3;0;10,2;23,1;0;0;0;0;0;0;12,3;0;0;0;63,2;0;0;0;0;0;0;0;0;0;0;0;16,3;0;0;0;;1;1;1;1;1;1;1;1;1;1;1;1;1;1;1;1;1;1;1;1;1;1;1;1;1;1;1;1;1;1;0;
02851023;2;1/5/1972;1;11,2;18,4;24;2;1;1;0;1776,6;1;0;0;0;0;0;0;0;0;0;0;0;0;0;0;0;0;0;0;0;0;0;0;7,2;11,2;0;0;0;0;0;0;0;1;1;1;1;1;1;1;1;1;1;1;1;1;1;1;1;1;1;1;1;1;1;1;1;1;1;1;1;1;1;1;
02851023;2;1/6/1972;1;26,2;202,6;9;11;1;1;0;1776,6;1;0;14;8,3;0;0;25,1;16,1;11;26,2;0;22,3;0;17,1;0;0;0;0;17,2;0;0;0;0;0;0;0;0;0;22,1;0;23,2;;1;1;1;1;1;1;1;1;1;1;1;1;1;1;1;1;1;1;1;1;1;1;1;1;1;1;1;1;1;1;0;
02851023;2;1/7/1972;1;28,3;83,9;6;7;1;1;0;1776,6;1;0;0;0;0;0;28,3;0;18,2;25;0;0;3,2;0;0;0;0;0;8,3;0,6;0,3;0;0;0;0;0;0;0;0;0;0;0;1;1;1;1;1;1;1;1;1;1;1;1;1;1;1;1;1;1;1;1;1;1;1;1;1;1;1;1;1;1;1;
02851023;2;1/8/1972;1;52,1;275,8;26;12;1;1;0;1776,6;1;0;0;25,2;18,1;32,3;0;0;0;0;0;9,2;0;5,3;0;0;0;0;0;0;6,3;25;24,1;0;0;24,2;52,1;29;25;0;0;0;1;1;1;1;1;1;1;1;1;1;1;1;1;1;1;1;1;1;1;1;1;1;1;1;1;1;1;1;1;1;1;
02851023;2;1/9/1972;1;85;224,2;18;7;1;1;0;1776,6;1;0;0;0;0;0;0;0;0;21,3;0;0;0;0;0;0;0;0;85;35,2;8,2;0;28,3;0;0;0;25;0;21,2;0;0;;1;1;1;1;1;1;1;1;1;1;1;1;1;1;1;1;1;1;1;1;1;1;1;1;1;1;1;1;1;1;0;
02851023;2;1/10/1972;1;58,2;117,5;25;6;1;1;0;1776,6;1;0;0;0;0;0;0;0;0;0;2,3;0;4,2;0;0;20,2;3,3;0;0;0;0;0;0;0;0;58,2;0;0;0;29,3;0;0;1;1;1;1;1;1;1;1;1;1;1;1;1;1;1;1;1;1;1;1;1;1;1;1;1;1;1;1;1;1;1;
02851023;2;1/11/1972;1;38,3;165,2;30;7;1;1;0;1776,6;1;0;25;0;0;0;0;0;22,2;0;0;18;0;0;0;0;0;0;0;28,2;0;0;0;0;0;0;16,3;0;0;17,2;38,3;;1;1;1;1;1;1;1;1;1;1;1;1;1;1;1;1;1;1;1;1;1;1;1;1;1;1;1;1;1;1;0;
02851023;2;1/12/1972;1;25,2;64,6;1;4;1;1;0;1776,6;1;25,2;0;10,2;19;0;0;0;0;0;0;0;0;0;0;0;0;0;0;0;0;0;0;0;10,2;0;0;0;0;0;0;0;1;1;1;1;1;1;1;1;1;1;1;1;1;1;1;1;1;1;1;1;1;1;1;1;1;1;1;1;1;1;1;
02851023;2;1/1/1973;1;32,1;250,8;12;15;1;1;0;1540;1;0;14,2;0;0;16,4;19,2;23,2;22,1;0;0;10,3;32,1;0;21;0;18,2;14,3;0;0;0;21,2;0;24,1;0;5,2;0;0;4,2;0;0;5,1;1;1;1;1;1;1;1;1;1;1;1;1;1;1;1;1;1;1;1;1;1;1;1;1;1;1;1;1;1;1;1;
02851023;2;1/2/1973;1;22;140,6;12;11;1;1;0;1540;1;0;0;0;0;0;0;0;0;0;0;0;22;18,1;5,3;7,1;0;9,2;0;0;0;11,2;0;22;16,2;0;11;8,3;10,2;;;;1;1;1;1;1;1;1;1;1;1;1;1;1;1;1;1;1;1;1;1;1;1;1;1;1;1;1;1;0;0;0;
02851023;2;1/3/1973;1;48,3;90,6;20;6;1;1;0;1540;1;0;0;0,7;6,1;0;0;0;0;24,2;2,1;0;0;0;0;0;0;0;0;9,2;48,3;0;0;0;0;0;0;0;0;0;0;0;1;1;1;1;1;1;1;1;1;1;1;1;1;1;1;1;1;1;1;1;1;1;1;1;1;1;1;1;1;1;1;
02851023;2;1/4/1973;1;18;26,2;27;2;1;1;0;1540;1;0;0;0;0;0;0;0;0;0;0;0;0;0;0;0;0;0;0;8,2;0;0;0;0;0;0;0;18;0;0;0;;1;1;1;1;1;1;1;1;1;1;1;1;1;1;1;1;1;1;1;1;1;1;1;1;1;1;1;1;1;1;0;
02851023;2;1/5/1973;1;36;168,8;6;11;1;1;0;1540;1;18,3;8,2;7,3;24,1;6,2;36;0;0;0;12;0;0;0;0;0;0;0;0;6,2;0;18;0;0;0;14,2;18,3;0;0;0;0;0;1;1;1;1;1;1;1;1;1;1;1;1;1;1;1;1;1;1;1;1;1;1;1;1;1;1;1;1;1;1;1;
02851023;2;1/6/1973;1;28,3;120,5;24;8;1;1;0;1540;1;0;0;0;0;6,1;0;0;0;0;8,2;0;0;0;16,3;0;0;0;0;8,2;0;0;0;16,1;28,3;24,2;0;13,1;0;0;0;;1;1;1;1;1;1;1;1;1;1;1;1;1;1;1;1;1;1;1;1;1;1;1;1;1;1;1;1;1;1;0;
02851023;2;1/7/1973;1;43,2;158,2;2;12;1;1;0;1540;1;0;43,2;0;0;0;0;0;0;0;0;0;0;0;0;9,1;8,2;14,3;0;6;18,2;5,3;7,2;26,1;0;0;5,2;6,1;0;0;9,3;0;1;1;1;1;1;1;1;1;1;1;1;1;1;1;1;1;1;1;1;1;1;1;1;1;1;1;1;1;1;1;1;
02851023;2;1/8/1973;1;21;121,9;13;12;1;1;0;1540;1;0;4,2;0;0;0;0;0;0;0;0;6,2;18,1;21;8,2;0;0;0;14,3;9,2;0;0;0;18,2;10,1;11;0,8;0,6;0;0;0;0;1;1;1;1;1;1;1;1;1;1;1;1;1;1;1;1;1;1;1;1;1;1;1;1;1;1;1;1;1;1;1;
02851023;2;1/9/1973;1;28,2;144,8;17;12;1;1;0;1540;1;0;0;0;0;0;0,6;0,4;0;0;0,4;0;6,2;0;14,1;11;23,3;28,2;19,3;21,2;9,1;0;0;0;0;0;0;11;0;0;0;;1;1;1;1;1;1;1;1;1;1;1;1;1;1;1;1;1;1;1;1;1;1;1;1;1;1;1;1;1;1;0;
02851023;2;1/10/1973;1;22,1;75,1;31;6;1;1;0;1540;1;0;0;0;6,2;0;0;0;0;0;0;9,2;0;11,3;0;0;0;0;0;0;0;0;0;8,2;0;0;0;18,1;0;0;0;22,1;1;1;1;1;1;1;1;1;1;1;1;1;1;1;1;1;1;1;1;1;1;1;1;1;1;1;1;1;1;1;1;
02851023;2;1/11/1973;1;48;108,8;1;5;1;1;0;1540;1;48;0;7,2;0;17,2;0;0;0;0;0;0;0;0;23,2;0;0;13,2;0;0;0;0;0;0;0;0;0;0;0;0;0;;1;1;1;1;1;1;1;1;1;1;1;1;1;1;1;1;1;1;1;1;1;1;1;1;1;1;1;1;1;1;0;
02851023;2;1/12/1973;1;20;133,7;24;11;1;1;0;1540;1;0;0;8,2;10,1;0;0;0;18,1;0;0;0;0;0;6,1;9,2;18,3;0;15,2;0;0;0;0;9,1;20;0;0;0;0;11,1;8,3;0;1;1;1;1;1;1;1;1;1;1;1;1;1;1;1;1;1;1;1;1;1;1;1;1;1;1;1;1;1;1;1;
02851023;2;1/1/1974;1;18,2;76,9;1;9;1;1;0;1379,2;1;18,2;0;0,4;0;0;0;0;0;18,2;0;9,2;0;0;0;6,2;0;0;9,3;0;0;0;0;4;0;5,1;6,3;0;0;0;0;0;1;1;1;1;1;1;1;1;1;1;1;1;1;1;1;1;1;1;1;1;1;1;1;1;1;1;1;1;1;1;1;
02851023;2;1/2/1974;1;35,2;155,4;5;13;1;1;0;1379,2;1;0;0;0;8,1;35,2;0;0;0;0;0;0;0;0;8,2;4,2;19,3;0;11;0;28,2;5,1;6,3;8,2;6,1;0;9,2;6,3;0;;;;1;1;1;1;1;1;1;1;1;1;1;1;1;1;1;1;1;1;1;1;1;1;1;1;1;1;1;1;0;0;0;
02851023;2;1/3/1974;1;18,2;76,1;22;7;1;1;0;1379,2;1;0;0;0;11,2;13;0;0;0;0;0;12,1;4,2;0;0;0;0;0;0;0;0;8,1;18,2;0;0;0;0;0;9,3;0;0;0;1;1;1;1;1;1;1;1;1;1;1;1;1;1;1;1;1;1;1;1;1;1;1;1;1;1;1;1;1;1;1;
02851023;2;1/4/1974;1;18,2;44,8;25;4;1;1;0;1379,2;1;0;0;0;0;0;0;0;0;0;0;10,2;0;0;0;0;0;0;0;0;0;0;12,1;0;0;18,2;4,3;0;0;0;0;;1;1;1;1;1;1;1;1;1;1;1;1;1;1;1;1;1;1;1;1;1;1;1;1;1;1;1;1;1;1;0;
02851023;2;1/5/1974;1;38,2;129;18;10;1;1;0;1379,2;1;0;0;0;0;0;0;0;0,8;0;0;0;0;3,2;2,1;0;0;0;38,2;23,1;0;0;0;0;11,2;0;22,1;18;0;0;6,2;4,1;1;1;1;1;1;1;1;1;1;1;1;1;1;1;1;1;1;1;1;1;1;1;1;1;1;1;1;1;1;1;1;
02851023;2;1/6/1974;1;52,3;173,7;10;9;1;1;0;1379,2;1;0;0;0;0;0;6,1;5,2;38,3;0;52,3;0;0;0;0;0;9,2;18,1;12,2;0;0;14,1;0;0;0;18,2;0;0;0;0;0;;1;1;1;1;1;1;1;1;1;1;1;1;1;1;1;1;1;1;1;1;1;1;1;1;1;1;1;1;1;1;0;
02851023;2;1/7/1974;1;18,2;88,2;19;9;1;1;0;1379,2;1;0;0;0;0;0;0;0;0;0;0;0;0;0;0;8,2;0;0;0;18,2;0;0;10,1;0;9;6,2;5,1;8,3;11,1;12;0;0;1;1;1;1;1;1;1;1;1;1;1;1;1;1;1;1;1;1;1;1;1;1;1;1;1;1;1;1;1;1;1;
02851023;2;1/8/1974;1;46,3;105,2;31;6;1;1;0;1379,2;1;0;0;0;0;0;15,2;5,1;0;0;0;0;0;0;0;0;0;0;0;0;0;0;0;0;0;0;0;16,2;9,3;0;13,1;46,3;1;1;1;1;1;1;1;1;1;1;1;1;1;1;1;1;1;1;1;1;1;1;1;1;1;1;1;1;1;1;1;
02851023;2;1/9/1974;1;24,2;81,6;1;5;1;1;0;1379,2;1;24,2;0;18,1;10;0;0;0;0;0;0;0;0;0;0;0;0;0;0;0;0;0;0;0;0;19,2;10,1;0;0;0;0;;1;1;1;1;1;1;1;1;1;1;1;1;1;1;1;1;1;1;1;1;1;1;1;1;1;1;1;1;1;1;0;
02851023;2;1/10/1974;1;50;127,8;24;6;1;1;0;1379,2;1;0;0;9,2;4;0;0;0;0;0;0;0;0;0;0;0;0;11,2;0;0;0;0;0;0;50;0;0;0;35,1;0;18,3;0;1;1;1;1;1;1;1;1;1;1;1;1;1;1;1;1;1;1;1;1;1;1;1;1;1;1;1;1;1;1;1;
02851023;2;1/11/1974;1;82,1;209,9;6;5;1;1;0;1379,2;1;0;0;0;0;0;82,1;69,3;0;0;0;0;0;0;0;0;0;0;0;0;11,2;38,1;0;0;0;9,2;0;0;0;0;0;;1;1;1;1;1;1;1;1;1;1;1;1;1;1;1;1;1;1;1;1;1;1;1;1;1;1;1;1;1;1;0;
02851023;2;1/12/1974;1;46,3;110,6;2;9;1;1;0;1379,2;1;4,2;46,3;0;0;0;0;0;0;0;12,1;0;0;6,4;0;0;0;0;0;0;0;8,2;0;9,1;11;0;0;0;6,3;0;7;0;1;1;1;1;1;1;1;1;1;1;1;1;1;1;1;1;1;1;1;1;1;1;1;1;1;1;1;1;1;1;1;
02851023;2;1/1/1975;1;22,1;70,3;9;8;1;1;0;1371,2;1;0;0;0;0;0;0;6,2;0;22,1;0;0;11,3;9,1;0;0;0;4,1;9,2;0;0;0;0;0;0;0;0;0;6,2;2,1;0;0;1;1;1;1;1;1;1;1;1;1;1;1;1;1;1;1;1;1;1;1;1;1;1;1;1;1;1;1;1;1;1;
02851023;2;1/2/1975;1;12,1;75;3;8;1;1;0;1371,2;1;0;11;12,1;9,3;0;0;0;0;12,1;4,3;0;0;0;0;0;0;9,2;6;0;0;11;0;0;0;0;0;0;0;;;;1;1;1;1;1;1;1;1;1;1;1;1;1;1;1;1;1;1;1;1;1;1;1;1;1;1;1;1;0;0;0;
02851023;2;1/3/1975;1;38,2;116,9;12;8;1;1;0;1371,2;1;0;0;0;0;0;0;4,2;0;0;0;0;38,2;0;14,1;0;0;0;0;0;14,2;2,1;0;11,2;6,3;0;26,6;0;0;0;0;0;1;1;1;1;1;1;1;1;1;1;1;1;1;1;1;1;1;1;1;1;1;1;1;1;1;1;1;1;1;1;1;
02851023;2;1/4/1975;1;25,2;44,6;15;5;1;1;0;1371,2;1;0;0;5;2,1;0;0;0;0;0;0;0;0;0;0;25,2;0;0;0;0;6,1;0;0;0;0;0;0;0;0;0;6,2;;1;1;1;1;1;1;1;1;1;1;1;1;1;1;1;1;1;1;1;1;1;1;1;1;1;1;1;1;1;1;0;
02851023;2;1/5/1975;1;27,3;78,9;2;6;1;1;0;1371,2;1;0;27,3;13;0;0;0;0;0;0;0;0;0;0;3,2;8,1;0;19,2;0;0;0;0;0;0;0;0;0;0;0;0;0;8,1;1;1;1;1;1;1;1;1;1;1;1;1;1;1;1;1;1;1;1;1;1;1;1;1;1;1;1;1;1;1;1;
02851023;2;1/6/1975;1;52,1;202,2;13;9;1;1;0;1371,2;1;27,1;32;11;0;0;24,2;11,1;0;0;0;0;18,3;52,1;0;0;0;0;0;0;0;0;7,3;19,1;0;0;0;0;0;0;0;;1;1;1;1;1;1;1;1;1;1;1;1;1;1;1;1;1;1;1;1;1;1;1;1;1;1;1;1;1;1;0;
02851023;2;1/7/1975;1;23,3;74,7;6;5;1;1;0;1371,2;1;0;4,2;18,1;0;0;23,3;0;0;0;0;0;0;0;0;0;18,1;11;0;0;0;0;0;0;0;0;0;0;0;0;0;0;1;1;1;1;1;1;1;1;1;1;1;1;1;1;1;1;1;1;1;1;1;1;1;1;1;1;1;1;1;1;1;
02851023;2;1/8/1975;1;55,4;292,5;9;16;1;1;0;1371,2;1;0;0;0;15,3;22,1;18;13,2;10;55,4;28,2;17;0;6;18,2;9,1;21,3;13;0;0;0;0;0;0;0;0;17,4;0;0;4,1;0;24,2;1;1;1;1;1;1;1;1;1;1;1;1;1;1;1;1;1;1;1;1;1;1;1;1;1;1;1;1;1;1;1;
02851023;2;1/9/1975;1;56,2;227;10;12;1;1;0;1371,2;1;25,4;0;0;0;0;0;14,1;18,3;2,1;56,2;11,3;3,1;9;48,2;0;0;0;0;0;0;0;4,1;21,2;0;0;0;0;0;0;14;;1;1;1;1;1;1;1;1;1;1;1;1;1;1;1;1;1;1;1;1;1;1;1;1;1;1;1;1;1;1;0;
02851023;2;1/10/1975;1;22,1;49,7;14;6;1;1;0;1371,2;1;0;11,1;0;0;0;0,2;0;0;0;0;0;0;0;22,1;0;0;0;0;0;0;0;0;0;0;0;0;0;3,1;0;11,2;2;1;1;1;1;1;1;1;1;1;1;1;1;1;1;1;1;1;1;1;1;1;1;1;1;1;1;1;1;1;1;1;
02851023;2;1/11/1975;1;11,2;24,8;29;4;1;1;0;1371,2;1;0;0;0;0;0;0;0;0;0;0;0;0;0;0;0;0;6,2;3,1;0;0;0;0;0;0;0;0;0;0;11,2;4,3;;1;1;1;1;1;1;1;1;1;1;1;1;1;1;1;1;1;1;1;1;1;1;1;1;1;1;1;1;1;1;0;
02851023;2;1/12/1975;1;27;114,6;9;10;1;1;0;1371,2;1;0;6,1;12,3;0;14,1;0;6,2;0;27;0;0;11,2;0;16,3;0;0;0;0;0;4,2;0;6,1;0;0;0;11,1;0;0;0;0;0;1;1;1;1;1;1;1;1;1;1;1;1;1;1;1;1;1;1;1;1;1;1;1;1;1;1;1;1;1;1;1;
02851023;2;1/1/1976;1;23,3;105,3;24;7;1;1;0;1132,2;1;0;0;0;0;0;0;0;0;8,3;0;13,3;16;15,2;0;11,2;0;0;0;18;0;0;0;0;23,3;0;0;0;0;0;0;0;1;1;1;1;1;1;1;1;1;1;1;1;1;1;1;1;1;1;1;1;1;1;1;1;1;1;1;1;1;1;1;
02851023;2;1/2/1976;1;18,4;67,2;19;5;1;1;0;1132,2;1;7,3;8,2;0;0;0;0;0;0;0;0;0;0;0;0;0;0;16,3;17;18,4;0;0;0;0;0;0;0;0;0;0;;;1;1;1;1;1;1;1;1;1;1;1;1;1;1;1;1;1;1;1;1;1;1;1;1;1;1;1;1;1;0;0;
02851023;2;1/3/1976;1;31,3;141,6;18;11;1;1;0;1132,2;1;0;0;0;0;13,1;18;0;0;0;4,2;0;0;5,3;6,1;9,1;18,2;23;31,3;0;0;8,1;0;0;0;0;0;5,2;0;0;0;0;1;1;1;1;1;1;1;1;1;1;1;1;1;1;1;1;1;1;1;1;1;1;1;1;1;1;1;1;1;1;1;
02851023;2;1/4/1976;1;16,1;30,2;6;4;1;1;0;1132,2;1;0;0;0;0;0;16,1;0;3;0;8,1;0;0;0;0;0;0;0;0;0;3;0;0;0;0;0;0;0;0;0;0;;1;1;1;1;1;1;1;1;1;1;1;1;1;1;1;1;1;1;1;1;1;1;1;1;1;1;1;1;1;1;0;
02851023;2;1/5/1976;1;48,1;173,7;27;13;1;1;0;1132,2;1;0;0;0;0;0;0;0;0;4,2;6,3;9,1;0;5,2;0;0;0;0;8,1;0;9;0;5,2;0;0;18,1;0;48,1;6,3;14;26,1;14;1;1;1;1;1;1;1;1;1;1;1;1;1;1;1;1;1;1;1;1;1;1;1;1;1;1;1;1;1;1;1;
02851023;2;1/6/1976;1;22;36,4;9;3;1;1;0;1132,2;1;0;0;0;0;0;8,1;0;0;22;0;0;0;0;0;0;0;0;0;0;0;0;0;0;0;0;0;6,3;0;0;0;;1;1;1;1;1;1;1;1;1;1;1;1;1;1;1;1;1;1;1;1;1;1;1;1;1;1;1;1;1;1;0;
02851023;2;1/7/1976;1;23,2;103,1;14;7;1;1;0;1132,2;1;0;0;0;0;0;0;0;9,3;0;0;0;0;22;23,2;0;0;0;0;0;0;0;0;0;0;0;6,2;5,1;0;18;19,3;0;1;1;1;1;1;1;1;1;1;1;1;1;1;1;1;1;1;1;1;1;1;1;1;1;1;1;1;1;1;1;1;
02851023;2;1/8/1976;1;28,1;137;9;8;1;1;0;1132,2;1;0;0;0;21;26,1;0;5,2;19,3;28,1;0;0;0;0;0;0;0;5,1;18;14,2;0;0;0;0;0;0;0;0;0;0;0;0;1;1;1;1;1;1;1;1;1;1;1;1;1;1;1;1;1;1;1;1;1;1;1;1;1;1;1;1;1;1;1;
02851023;2;1/9/1976;1;6,1;27,9;6;7;1;1;0;1132,2;1;0;0;0;4,2;3;6,1;5,2;0;0;0;2;3,1;4,3;0;0;0;0;0;0;0;0;0;0;0;0;0;0;0;0;0;;1;1;1;1;1;1;1;1;1;1;1;1;1;1;1;1;1;1;1;1;1;1;1;1;1;1;1;1;1;1;0;
02851023;2;1/10/1976;1;24,2;58;31;7;1;1;0;1132,2;1;4,2;0;0;0;0;0;0;0;0;0;0;2,1;0;0;0;0;6,2;8,1;4;0;0;0;0;9,2;0;0;0;0;0;0;24,2;1;1;1;1;1;1;1;1;1;1;1;1;1;1;1;1;1;1;1;1;1;1;1;1;1;1;1;1;1;1;1;
02851023;2;1/11/1976;1;42;136,1;6;7;1;1;0;1132,2;1;0;0;0;36,1;9,3;42;0;0;0;0;0;0;0;0;0;6,1;5,2;0;0;0;0;0;0;0;16,2;0;0;0;0;21,2;;1;1;1;1;1;1;1;1;1;1;1;1;1;1;1;1;1;1;1;1;1;1;1;1;1;1;1;1;1;1;0;
02851023;2;1/12/1976;1;25,1;115,7;23;7;1;1;0;1132,2;1;25;18,1;0;0;0;0;9,3;10,1;0;0;0;0;0;0;3,1;25;0;0;0;0;0;0;25,1;0;0;0;0;0;0;0;0;1;1;1;1;1;1;1;1;1;1;1;1;1;1;1;1;1;1;1;1;1;1;1;1;1;1;1;1;1;1;1;
02851023;2;1/1/1977;1;18,1;84,2;18;10;1;1;0;1439,6;1;0;0;4,2;0;0;0;0;0;0;5,3;11;6,2;0,2;0;0;9,4;8,2;18,1;16,3;0;0;0;0;0;0;0;0;0;0;0;5,3;1;1;1;1;1;1;1;1;1;1;1;1;1;1;1;1;1;1;1;1;1;1;1;1;1;1;1;1;1;1;1;
02851023;2;1/2/1977;1;18,3;159,5;1;11;1;1;0;1439,6;1;18,3;0;0;0;16,3;14,5;0;17,4;7,3;0;16,4;10;0;0;0;0;0;16,3;0;0;18,3;0;0;0;0;0;18,3;6,4;;;;1;1;1;1;1;1;1;1;1;1;1;1;1;1;1;1;1;1;1;1;1;1;1;1;1;1;1;1;0;0;0;
02851023;2;1/3/1977;1;63,1;218,7;29;11;1;1;0;1439,6;1;0;18,2;0;0;11,1;0;5,2;0;0;0;6,2;0;0;11,1;0;0;24;0;0;0;0;3,1;0;0;0;0;0;46,2;63,1;12,2;18,3;1;1;1;1;1;1;1;1;1;1;1;1;1;1;1;1;1;1;1;1;1;1;1;1;1;1;1;1;1;1;1;
02851023;2;1/4/1977;1;18,3;48,8;10;5;1;1;0;1439,6;1;0;0;0;0;0;0;0;3,2;16,1;18,3;0;0;0;0;0;0;0;6;0;0;0;0;5,2;0;0;0;0;0;0;0;;1;1;1;1;1;1;1;1;1;1;1;1;1;1;1;1;1;1;1;1;1;1;1;1;1;1;1;1;1;1;0;
02851023;2;1/5/1977;1;59,3;108,7;27;6;1;1;0;1439,6;1;0;0;0;0;0;0;0;7,2;0;16,5;0;0;0;0;12,3;0;8,2;0;0;0;0;0;0;0;0;0;59,3;0;0;5,2;0;1;1;1;1;1;1;1;1;1;1;1;1;1;1;1;1;1;1;1;1;1;1;1;1;1;1;1;1;1;1;1;
02851023;2;1/6/1977;1;51,3;199,8;21;8;1;1;0;1439,6;1;0;0;0;0;0;0;4,2;0;0;0;0;0;0;0;5,1;0;0;0;34,2;41,4;51,3;10,1;0;29,3;24,2;0;0;0;0;0;;1;1;1;1;1;1;1;1;1;1;1;1;1;1;1;1;1;1;1;1;1;1;1;1;1;1;1;1;1;1;0;
02851023;2;1/7/1977;1;34,3;120;16;9;1;1;0;1439,6;1;0;0;0;0;0;0;0;0;0;0;0;0;0;9,2;6,1;34,3;0;0;0;0;0;6,3;4,2;7,3;0;0;0;0;18,2;21,3;13,1;1;1;1;1;1;1;1;1;1;1;1;1;1;1;1;1;1;1;1;1;1;1;1;1;1;1;1;1;1;1;1;
02851023;2;1/8/1977;1;48,2;192,6;17;10;1;1;0;1439,6;1;29,3;17,4;0;0;9;0;0;0;0;0;0;0;0;6,3;10,4;32,1;48,2;26,4;0;0;0;4,2;9,3;0;0;0;0;0;0;0;0;1;1;1;1;1;1;1;1;1;1;1;1;1;1;1;1;1;1;1;1;1;1;1;1;1;1;1;1;1;1;1;
02851023;2;1/9/1977;1;25,3;42,4;6;4;1;1;0;1439,6;1;0;0;0;0;5,2;25,3;0;0;0;0;0;0;0;0;0,6;0;11,3;0;0;0;0;0;0;0;0;0;0;0;0;0;;1;1;1;1;1;1;1;1;1;1;1;1;1;1;1;1;1;1;1;1;1;1;1;1;1;1;1;1;1;1;0;
02851023;2;1/10/1977;1;18,3;52,6;16;8;1;1;0;1439,6;1;4,2;0;0;0;0;0;0;0;0;0;0,2;0,2;8;0;0;18,3;5,4;0;0;0;0;0;0;0;4,2;12,1;0;0;0;0;0;1;1;1;1;1;1;1;1;1;1;1;1;1;1;1;1;1;1;1;1;1;1;1;1;1;1;1;1;1;1;1;
02851023;2;1/11/1977;1;28,3;142,9;3;9;1;1;0;1439,6;1;5,2;20,1;28,3;0;0;8,3;0;0;0;18,3;16,1;0;0;0;0;0;0;0;0;0;0;12,1;0;0;0;0;6,2;28,3;0;0;;1;1;1;1;1;1;1;1;1;1;1;1;1;1;1;1;1;1;1;1;1;1;1;1;1;1;1;1;1;1;0;
02851023;2;1/12/1977;1;26,1;69,4;8;6;1;1;0;1439,6;1;0;3,2;0;0;0;0;24,3;26,1;0;0;0;0;0;0;0;0;0;0;0;4,3;0;5,2;0;0;0;0;0;0;0;0;6,3;1;1;1;1;1;1;1;1;1;1;1;1;1;1;1;1;1;1;1;1;1;1;1;1;1;1;1;1;1;1;1;
02851023;2;1/1/1978;1;25,1;104,4;14;8;1;1;0;979,1;1;0;0;0;0;0;0;15,2;0;0;0;0;0;0;25,1;0;0;0;16,2;20,1;18;5,3;0;0;4,2;0;0;0;0;0;0,3;0;1;1;1;1;1;1;1;1;1;1;1;1;1;1;1;1;1;1;1;1;1;1;1;1;1;1;1;1;1;1;1;
02851023;2;1/2/1978;1;14,2;25,5;11;3;1;1;0;979,1;1;0;0;0;0;0;0;0;0;0;0;14,2;5,3;6;0;0;0;0;0;0;0;0;0;0;0;0;0;0;0;;;;1;1;1;1;1;1;1;1;1;1;1;1;1;1;1;1;1;1;1;1;1;1;1;1;1;1;1;1;0;0;0;
02851023;2;1/3/1978;1;26,2;61,2;2;6;1;1;0;979,1;1;0;26,2;5,3;0;0;0;0;0;0;0;8,1;3,2;0;0;0;0;0;0;0;0;0;2,1;0;0;0;0;16,3;0;0;0;0;1;1;1;1;1;1;1;1;1;1;1;1;1;1;1;1;1;1;1;1;1;1;1;1;1;1;1;1;1;1;1;
02851023;2;1/4/1978;1;6,3;6,3;30;1;1;1;0;979,1;1;0;0;0;0;0;0;0;0;0;0;0;0;0;0;0;0;0;0;0;0;0;0;0;0;0;0;0;0;0;6,3;;1;1;1;1;1;1;1;1;1;1;1;1;1;1;1;1;1;1;1;1;1;1;1;1;1;1;1;1;1;1;0;
02851023;2;1/5/1978;1;23,2;38,5;16;3;1;1;0;979,1;1;9,1;0;0;0;0;0;0;0;0;0;0;0;0;0;6,2;23,2;0;0;0;0;0;0;0;0;0;0;0;0;0;0;0;1;1;1;1;1;1;1;1;1;1;1;1;1;1;1;1;1;1;1;1;1;1;1;1;1;1;1;1;1;1;1;
02851023;2;1/6/1978;1;30;59,9;8;6;1;1;0;979,1;1;0;0;0;0;0;0;0;30;0;0;0;0;9,1;0;0;0;0;5,3;0;7,2;0;0;0;0;5,2;0;0;0;0;3,1;;1;1;1;1;1;1;1;1;1;1;1;1;1;1;1;1;1;1;1;1;1;1;1;1;1;1;1;1;1;1;0;
02851023;2;1/7/1978;1;38,2;142,8;21;10;1;1;0;979,1;1;0;13,2;4,1;0;0;0;0;0;0;0;0;0;0;0;0;0;5,2;19,3;0;24,1;38,2;9,1;0;16,3;0;0;6,2;7,1;0;0;0;1;1;1;1;1;1;1;1;1;1;1;1;1;1;1;1;1;1;1;1;1;1;1;1;1;1;1;1;1;1;1;
02851023;2;1/8/1978;1;26,1;102;13;10;1;1;0;979,1;1;0;0;0;0;0;0;0;0;0;0;14,1;22,3;26,1;2,3;8,4;0;0;0;0;5,2;6,1;0;0,2;0;0;0;0;0;0;6,2;11,1;1;1;1;1;1;1;1;1;1;1;1;1;1;1;1;1;1;1;1;1;1;1;1;1;1;1;1;1;1;1;1;
02851023;2;1/9/1978;1;38,3;135,8;14;11;1;1;0;979,1;1;0;0;6,3;25,1;6,3;0;6,2;8,4;4,1;0;0;0;0;38,3;29,2;0;0;0;0;0;6,2;0;0;0;0;0;0;3,1;2,6;0;;1;1;1;1;1;1;1;1;1;1;1;1;1;1;1;1;1;1;1;1;1;1;1;1;1;1;1;1;1;1;0;
02851023;2;1/10/1978;1;32,4;126,7;10;7;1;1;0;979,1;1;0;0;0;0;0;0;0;0;9,2;32,4;0;0;11,2;28,3;0;0;0;0;0;12,3;0;0;0;0;0;0;24,2;9,1;0;0;0;1;1;1;1;1;1;1;1;1;1;1;1;1;1;1;1;1;1;1;1;1;1;1;1;1;1;1;1;1;1;1;
02851023;2;1/11/1978;1;24,2;79,4;19;11;1;1;0;979,1;1;0;0;0;0;6,2;0;0;0;2,1;3,2;0;7,4;0;0;0;0;0;2,1;24,2;3,4;2,1;21,2;3,1;0;0;0;4,4;0;0;0;;1;1;1;1;1;1;1;1;1;1;1;1;1;1;1;1;1;1;1;1;1;1;1;1;1;1;1;1;1;1;0;
02851023;2;1/12/1978;1;25,1;96,6;14;8;1;1;0;979,1;1;0;0;4,3;6,4;7,2;6,2;0;0;8,2;0;0;0;0;25,1;20;0;0;0;0;0;0;0;0;0;0;19,2;0;0;0;0;0;1;1;1;1;1;1;1;1;1;1;1;1;1;1;1;1;1;1;1;1;1;1;1;1;1;1;1;1;1;1;1;
02851023;2;1/1/1979;1;12,2;29,9;27;4;1;1;0;1358,7;1;0;9,3;4,2;0;0;0;0;0;0;0;4,2;0;0;0;0;0;0;0;0;0;0;0;0;0;0;0;12,2;0;0;0;0;1;1;1;1;1;1;1;1;1;1;1;1;1;1;1;1;1;1;1;1;1;1;1;1;1;1;1;1;1;1;1;
02851023;2;1/2/1979;1;48,2;143,2;12;11;1;1;0;1358,7;1;0;0;0;0;0;0;0;0;0;7,2;6,1;48,2;0;0;0;0;0;0;10,2;17,1;0;8,2;6,3;14,4;6,1;13;0;6,4;;;;1;1;1;1;1;1;1;1;1;1;1;1;1;1;1;1;1;1;1;1;1;1;1;1;1;1;1;1;0;0;0;
02851023;2;1/3/1979;1;15,1;40,8;13;8;1;1;0;1358,7;1;0;0;0;0;0;0;0;0,2;4,3;0,3;5,2;3,4;15,1;10,2;0;0;0;0;0;0;0;0;0;0;0;0;0;0;2,1;0;0;1;1;1;1;1;1;1;1;1;1;1;1;1;1;1;1;1;1;1;1;1;1;1;1;1;1;1;1;1;1;1;
02851023;2;1/4/1979;1;43,2;107,9;16;10;1;1;0;1358,7;1;0;0;2,3;6,2;13,2;3,1;0;0;0;0,1;0;0;0;0;17,4;43,2;5,1;3,2;0;0;0;0;0;0;0;0;0;0;0;14,1;;1;1;1;1;1;1;1;1;1;1;1;1;1;1;1;1;1;1;1;1;1;1;1;1;1;1;1;1;1;1;0;
02851023;2;1/5/1979;1;46,4;157,2;22;8;1;1;0;1358,7;1;0;0;24,3;5,1;0;0;7,2;22,1;45,4;2,3;0;0;0;0;0;0;0;4,4;0;0;0;46,4;0;0;0;0;0;0;0;0;0;1;1;1;1;1;1;1;1;1;1;1;1;1;1;1;1;1;1;1;1;1;1;1;1;1;1;1;1;1;1;1;
02851023;2;1/6/1979;1;7,4;34,4;7;6;1;1;0;1358,7;1;0;0;0;0;2,1;6,2;7,4;5,3;0;0;0;7,1;0;0;0;0;0;0;0;0;0;0;0;0;6,3;0;0;0;0;0;;1;1;1;1;1;1;1;1;1;1;1;1;1;1;1;1;1;1;1;1;1;1;1;1;1;1;1;1;1;1;0;
02851023;2;1/7/1979;1;37,4;185;3;11;1;1;0;1358,7;1;0;4,2;37,4;0;0;6,1;19,2;28,3;16;0;0;0;0;0;0;0;0;6,1;25,2;7,2;0;0;0;0;25,1;10,2;0;0;0;0;0;1;1;1;1;1;1;1;1;1;1;1;1;1;1;1;1;1;1;1;1;1;1;1;1;1;1;1;1;1;1;1;
02851023;2;1/8/1979;1;25,4;162,9;14;15;1;1;0;1358,7;1;0;0;0;0;12,1;11,4;8,2;9,2;11;25,1;12,2;9,1;0,2;25,4;0;8,2;4,4;3,2;15,1;0;0;0;0;0;0;8,1;0;0;0;0;0;1;1;1;1;1;1;1;1;1;1;1;1;1;1;1;1;1;1;1;1;1;1;1;1;1;1;1;1;1;1;1;
02851023;2;1/9/1979;1;16,1;57,4;26;7;1;1;0;1358,7;1;10,2;4,3;0;0;0;0;0;0;0;0;0;0;0;6,2;0;0;0;0;0;0;0;0;0;0;10,2;16,1;0;0;2,1;8,3;;1;1;1;1;1;1;1;1;1;1;1;1;1;1;1;1;1;1;1;1;1;1;1;1;1;1;1;1;1;1;0;
02851023;2;1/10/1979;1;32,1;243,1;6;18;1;1;0;1358,7;1;12,1;25,2;2,1;1;28,3;32,1;9,4;3,2;0;0;0;9,4;8,2;6,3;3,4;0;0;0;0;0;0;0;0;9,4;18,2;26,1;11,2;0;0;32,1;5,4;1;1;1;1;1;1;1;1;1;1;1;1;1;1;1;1;1;1;1;1;1;1;1;1;1;1;1;1;1;1;1;
02851023;2;1/11/1979;1;41,4;117,6;19;12;1;1;0;1358,7;1;0;0;0;0;9,2;4,1;3,2;0;9,3;0;0;0;0;0;0;23,1;4,2;2,2;41,4;0;0;6,3;4,1;6,2;4,3;0;0;0;0;0;;1;1;1;1;1;1;1;1;1;1;1;1;1;1;1;1;1;1;1;1;1;1;1;1;1;1;1;1;1;1;0;
02851023;2;1/12/1979;1;24,4;79,3;4;6;1;1;0;1358,7;1;0;0;16,1;24,4;0;0;0;6,1;9,2;18,2;5,3;0;0;0;0;0;0;0;0;0;0;0;0;0;0;0;0;0;0;0;0;1;1;1;1;1;1;1;1;1;1;1;1;1;1;1;1;1;1;1;1;1;1;1;1;1;1;1;1;1;1;1;
02851023;2;1/1/1980;1;9,3;49,6;10;9;1;1;0;1344,3;1;0;0;0;0;0;0;3,2;0;5,3;9,3;0;0;0;0;0;0;6,1;0;2,1;3,3;0;0;6;0;0;8,2;6,1;0;0;0;0;1;1;1;1;1;1;1;1;1;1;1;1;1;1;1;1;1;1;1;1;1;1;1;1;1;1;1;1;1;1;1;
02851023;2;1/2/1980;1;15,2;80,7;15;11;1;1;0;1344,3;1;0;0;0;0;0;0;3,4;0;0;13,4;11,2;0;0;0;15,2;0;9,1;3,2;0;0;0;0;5,4;0,2;6,3;4,1;0;9,2;0;;;1;1;1;1;1;1;1;1;1;1;1;1;1;1;1;1;1;1;1;1;1;1;1;1;1;1;1;1;1;0;0;
02851023;2;1/3/1980;1;16,2;48,2;14;7;1;1;0;1344,3;1;0;0;0;11,3;0;0;4,1;0;0;3,1;4,2;6,2;0;16,2;0;0;0;0;0;0;0;0;0;0;0;0;3,1;0;0;0;0;1;1;1;1;1;1;1;1;1;1;1;1;1;1;1;1;1;1;1;1;1;1;1;1;1;1;1;1;1;1;1;
02851023;2;1/4/1980;1;28;55,5;14;4;1;1;0;1344,3;1;0;0;0;0;0;0;0;0;0;0;0;9,2;15,1;28;3,2;0;0;0;0;0;0;0;0;0;0;0;0;0;0;0;;1;1;1;1;1;1;1;1;1;1;1;1;1;1;1;1;1;1;1;1;1;1;1;1;1;1;1;1;1;1;0;
02851023;2;1/5/1980;1;31,4;134,7;8;10;1;1;0;1344,3;1;0;26,2;11,3;0;0;0;16,1;31,4;11,1;6,2;0;0;0;0;0;0;0;4,2;12,1;12;4,1;0;0;0;0;0;0;0;0;0;0;1;1;1;1;1;1;1;1;1;1;1;1;1;1;1;1;1;1;1;1;1;1;1;1;1;1;1;1;1;1;1;
02851023;2;1/6/1980;1;38,2;91,8;13;8;1;1;0;1344,3;1;16,2;0;0;0;0;0;0;0;0;0;0;0;38,2;2,4;0;0;0;0;0;3,2;4,1;0;0;0;19,2;3,1;0;0;0;5,4;;1;1;1;1;1;1;1;1;1;1;1;1;1;1;1;1;1;1;1;1;1;1;1;1;1;1;1;1;1;1;0;
02851023;2;1/7/1980;1;32,1;129;30;10;1;1;0;1344,3;1;6,1;0;0;0;0;0;0;8,3;5,1;16,4;0;0;0;0;0;0;0;0;0;0;0;0;0;0;0,2;11,1;9,2;12,3;28,2;32,1;0;1;1;1;1;1;1;1;1;1;1;1;1;1;1;1;1;1;1;1;1;1;1;1;1;1;1;1;1;1;1;1;
02851023;2;1/8/1980;1;32,4;103,7;21;6;1;1;0;1344,3;1;0;0;0;0;0,2;0,6;0;0;0;0;0;0;0;0;0;0;0;0;20,1;21,3;32,4;29,1;0;0;0;0;0;0;0;0;0;1;1;1;1;1;1;1;1;1;1;1;1;1;1;1;1;1;1;1;1;1;1;1;1;1;1;1;1;1;1;1;
02851023;2;1/9/1980;1;38,4;180,3;20;12;1;1;0;1344,3;1;25,4;18,2;22,3;0;0;0;0;6,2;18,4;0;0;0;0;15,1;6,2;0;0;0;6,2;38,4;14,1;0;3,4;0;0;0;0;6,4;0;0;;1;1;1;1;1;1;1;1;1;1;1;1;1;1;1;1;1;1;1;1;1;1;1;1;1;1;1;1;1;1;0;
02851023;2;1/10/1980;1;52,1;184,5;30;14;1;1;0;1344,3;1;0;0;0;3,2;9,1;0;0;21,2;6,1;0;0;0;0;0;0;0;0;6,1;0;14;7,4;11,1;4,3;3,2;0;0;14,3;0;26,4;52,1;6;1;1;1;1;1;1;1;1;1;1;1;1;1;1;1;1;1;1;1;1;1;1;1;1;1;1;1;1;1;1;1;
02851023;2;1/11/1980;1;25,1;107,4;9;8;1;1;0;1344,3;1;0;0;0;0;0;22,1;6;5,2;25,1;20,3;0;0;0;0;0;7,1;0;0;0;0;0;5,4;16,2;0;0;0;0;0;0;0;;1;1;1;1;1;1;1;1;1;1;1;1;1;1;1;1;1;1;1;1;1;1;1;1;1;1;1;1;1;1;0;
02851023;2;1/12/1980;1;52,1;178,9;28;12;1;1;0;1344,3;1;16,2;14,1;6;0;0;0;0;0;0;6,4;3,2;20,1;0;0;0;0;0;14,1;11,2;18,3;4,2;0;0;0;0;0;0;52,1;13;0;0;1;1;1;1;1;1;1;1;1;1;1;1;1;1;1;1;1;1;1;1;1;1;1;1;1;1;1;1;1;1;1;
02851023;2;1/1/1981;1;18,1;71,9;12;10;1;1;0;1084,5;1;0;0;0;0;0;6,2;4,1;0;0;0;0;18,1;0,4;0;0;0;0;6,2;12,1;9,2;7,1;0;0;0;5,2;0;0;0;3,3;0;0;1;1;1;1;1;1;1;1;1;1;1;1;1;1;1;1;1;1;1;1;1;1;1;1;1;1;1;1;1;1;1;
02851023;2;1/2/1981;1;28,1;173;3;13;1;1;0;1084,5;1;6,1;11,4;28,1;18,2;22,1;0;3,2;9;20,1;13;0;0;9,2;17,1;0;0;0;0;6,4;9,1;0;0;0;0;0;0;0;0;;;;1;1;1;1;1;1;1;1;1;1;1;1;1;1;1;1;1;1;1;1;1;1;1;1;1;1;1;1;0;0;0;
02851023;2;1/3/1981;1;6,2;20,9;15;5;1;1;0;1084,5;1;0;0;2,1;4,3;3,1;0;5,2;0;0;0;0;0;0;0;6,2;0;0;0;0;0;0;0;0;0;0;0;0;0;0;0;0;1;1;1;1;1;1;1;1;1;1;1;1;1;1;1;1;1;1;1;1;1;1;1;1;1;1;1;1;1;1;1;
02851023;2;1/4/1981;1;17,1;65,3;25;7;1;1;0;1084,5;1;0;0;0;0;0;0;0;0;0;0;0;0;0;7,9;0;0;0;0;0;0;0;0;0;4,2;17,1;9,2;7,4;11,2;8,3;0;;1;1;1;1;1;1;1;1;1;1;1;1;1;1;1;1;1;1;1;1;1;1;1;1;1;1;1;1;1;1;0;
02851023;2;1/5/1981;1;4,1;4,1;27;1;1;1;0;1084,5;1;0;0;0;0;0;0;0;0;0;0;0;0;0;0;0;0;0;0;0;0;0;0;0;0;0;0;4,1;0;0;0;0;1;1;1;1;1;1;1;1;1;1;1;1;1;1;1;1;1;1;1;1;1;1;1;1;1;1;1;1;1;1;1;
02851023;2;1/6/1981;1;26,2;131,4;8;10;1;1;0;1084,5;1;0;3,2;0;0;0;7,1;24;26,2;16;4,2;9;0;0;0;0;0;0;0;0;0;0;0;15,4;22,2;4,1;0;0;0;0;0;;1;1;1;1;1;1;1;1;1;1;1;1;1;1;1;1;1;1;1;1;1;1;1;1;1;1;1;1;1;1;0;
02851023;2;1/7/1981;1;17,4;32,4;17;7;1;1;0;1084,5;1;2,3;0;0;0;0;0;0;0;0;0;0;0;0;0;0;0;17,4;0;0;2,3;4,1;3,1;0;0;2;1,2;0;0;0;0;0;1;1;1;1;1;1;1;1;1;1;1;1;1;1;1;1;1;1;1;1;1;1;1;1;1;1;1;1;1;1;1;
02851023;2;1/8/1981;1;25,3;87,1;28;9;1;1;0;1084,5;1;0;0;0;0;0;0;0;20,2;0;2,1;3,2;0;0;0;0;0;0;0;0;0;0;0;0;0;0;3,4;19,2;25,3;6,1;5,2;2,4;1;1;1;1;1;1;1;1;1;1;1;1;1;1;1;1;1;1;1;1;1;1;1;1;1;1;1;1;1;1;1;
02851023;2;1/9/1981;1;26,1;189,6;21;16;1;1;0;1084,5;1;13,1;12,3;9;5,2;6;0;0;0;0;0;0;0;1;13,2;3,1;0;0;0;0;16,3;26,1;24,4;9,2;10,1;11,1;19,3;0;10,2;0;0;;1;1;1;1;1;1;1;1;1;1;1;1;1;1;1;1;1;1;1;1;1;1;1;1;1;1;1;1;1;1;0;
02851023;2;1/10/1981;1;23,1;88,8;20;8;1;1;0;1084,5;1;0;0;0;6,2;15,1;10,4;13;0;0;0;0;0;0;0;0;0;0;0;6,2;23,1;0;0;0;0;0;10,4;4,4;0;0;0;0;1;1;1;1;1;1;1;1;1;1;1;1;1;1;1;1;1;1;1;1;1;1;1;1;1;1;1;1;1;1;1;
02851023;2;1/11/1981;1;25,4;138,9;3;13;1;1;0;1084,5;1;0;0;25,4;10,2;0;12,1;18,3;4,3;20,2;0;0;0;5,4;0;4,2;9,2;0;0;6,1;0;0;0;0;0;0;0;0;10,1;9,3;4,1;;1;1;1;1;1;1;1;1;1;1;1;1;1;1;1;1;1;1;1;1;1;1;1;1;1;1;1;1;1;1;0;
02851023;2;1/12/1981;1;16,1;81,1;21;10;1;1;0;1084,5;1;8,3;0;0;0;0;13,2;0;0;0;0;6,1;0;0;0;0;0;0;0;3,4;6,3;16,1;9,3;6,1;0;0;8,1;4,2;0;0;0;0;1;1;1;1;1;1;1;1;1;1;1;1;1;1;1;1;1;1;1;1;1;1;1;1;1;1;1;1;1;1;1;
02851023;2;1/1/1982;1;14,1;26,4;8;3;1;1;0;1490,2;1;0;0;0;0;0;0;8,2;14,1;4,1;0;0;0;0;0;0;0;0;0;0;0;0;0;0;0;0;0;0;0;0;0;0;1;1;1;1;1;1;1;1;1;1;1;1;1;1;1;1;1;1;1;1;1;1;1;1;1;1;1;1;1;1;1;
02851023;2;1/2/1982;1;37,1;173,6;19;15;1;1;0;1490,2;1;0;9,4;13,2;2,1;11,3;0;0;0;6,2;13,1;7,2;0;10,1;22,3;18;0;0;0;37,1;0;5,2;3,1;0;0;0;0;6,2;9,1;;;;1;1;1;1;1;1;1;1;1;1;1;1;1;1;1;1;1;1;1;1;1;1;1;1;1;1;1;1;0;0;0;
02851023;2;1/3/1982;1;9,2;57,8;21;9;1;1;0;1490,2;1;6,2;0;0;0;0;0;0;0;6,2;3,1;8;0;0;0;6,1;0;0;0;0;0;9,2;4;0;0;0;0;0;9;6;0;0;1;1;1;1;1;1;1;1;1;1;1;1;1;1;1;1;1;1;1;1;1;1;1;1;1;1;1;1;1;1;1;
02851023;2;1/4/1982;1;27,2;37,5;5;3;1;1;0;1490,2;1;0;0;0;0;27,2;0;0;0;0;0;0;0;0;6,2;4,1;0;0;0;0;0;0;0;0;0;0;0;0;0;0;0;;1;1;1;1;1;1;1;1;1;1;1;1;1;1;1;1;1;1;1;1;1;1;1;1;1;1;1;1;1;1;0;
02851023;2;1/5/1982;1;36,2;106,6;11;9;1;1;0;1490,2;1;0;0;0;0;0;0;0;0;0;16,1;36,2;0;0;3,2;6,1;0;0;20,1;6,3;0;0;0;0;0;6,2;8,1;4,3;0;0;0;0;1;1;1;1;1;1;1;1;1;1;1;1;1;1;1;1;1;1;1;1;1;1;1;1;1;1;1;1;1;1;1;
02851023;2;1/6/1982;1;58,2;259,1;28;13;1;1;0;1490,2;1;0;0;0;6,2;2,4;0;0;0;0;22,1;11,3;0;0;4,2;28;23,1;0;0;8,3;4,1;0;0;0;9,1;0;0;46,1;58,2;36;0;;1;1;1;1;1;1;1;1;1;1;1;1;1;1;1;1;1;1;1;1;1;1;1;1;1;1;1;1;1;1;0;
02851023;2;1/7/1982;1;31;142,7;6;10;1;1;0;1490,2;1;0;0;0;12,1;8,2;31;20,2;0;0;0;10,2;25,1;3,2;0;0;0;21;6,4;0;0;0;0;0;0;0;0;0;0;0;5,3;0;1;1;1;1;1;1;1;1;1;1;1;1;1;1;1;1;1;1;1;1;1;1;1;1;1;1;1;1;1;1;1;
02851023;2;1/8/1982;1;28,4;146,4;9;11;1;1;0;1490,2;1;2;6,1;0;0;0;0;0;12,1;28,4;10,2;0;0;0;0;10,1;18,3;12,4;3,2;0;0;0;0;0;0;0;0;0;0;0;18,4;25,2;1;1;1;1;1;1;1;1;1;1;1;1;1;1;1;1;1;1;1;1;1;1;1;1;1;1;1;1;1;1;1;
02851023;2;1/9/1982;1;18,2;53,1;27;5;1;1;0;1490,2;1;0;0;0;0;0;0;0;0;0;0;0;0;0;0;0;0;0;3,1;5,2;0;0;0;0;0;0;0;18,2;16,4;10,2;0;;1;1;1;1;1;1;1;1;1;1;1;1;1;1;1;1;1;1;1;1;1;1;1;1;1;1;1;1;1;1;0;
02851023;2;1/10/1982;1;62,3;226,7;22;13;1;1;0;1490,2;1;5,4;9,3;0;0;0;0;25,1;6,3;0;6,1;0;9,2;0;0;0;0;0;6,3;0;0;3,1;62,3;51,2;18,1;6,2;18,1;0;0;0;0;0;1;1;1;1;1;1;1;1;1;1;1;1;1;1;1;1;1;1;1;1;1;1;1;1;1;1;1;1;1;1;1;
02851023;2;1/11/1982;1;35,1;234,5;11;18;1;1;0;1490,2;1;0;25,4;24,1;16,3;6,2;8,1;6,3;0;0;9,2;35,1;28,3;7,2;5,4;18,2;0;0;0;10,3;11,2;0;0;0;0;7,4;5,3;6,2;0;0;4,3;;1;1;1;1;1;1;1;1;1;1;1;1;1;1;1;1;1;1;1;1;1;1;1;1;1;1;1;1;1;1;0;
02851023;2;1/12/1982;1;10,2;25,8;22;5;1;1;0;1490,2;1;0;4,1;2,2;0;0;6,2;0;0;0;0;0;0;0;0;3,1;0;0;0;0;0;0;10,2;0;0;0;0;0;0;0;0;0;1;1;1;1;1;1;1;1;1;1;1;1;1;1;1;1;1;1;1;1;1;1;1;1;1;1;1;1;1;1;1;
02851023;2;1/1/1983;1;28,2;139,7;5;10;1;1;0;2085,2;1;0;0;0;4,1;28,2;24;6,2;7,1;0;0;0;0;0;0;0;0;0;0;0;6,2;12,3;0;0;0;0;0;6,1;18,3;27,2;0;0;1;1;1;1;1;1;1;1;1;1;1;1;1;1;1;1;1;1;1;1;1;1;1;1;1;1;1;1;1;1;1;
02851023;2;1/2/1983;1;38;185,2;21;9;1;1;0;2085,2;1;0;0;0;0;0;0;0;0;0;0;0;0;0;0;6,2;6,2;0;0;19,3;24,1;38;18,4;0;0;0;32;13;28;;;;1;1;1;1;1;1;1;1;1;1;1;1;1;1;1;1;1;1;1;1;1;1;1;1;1;1;1;1;0;0;0;
02851023;2;1/3/1983;1;24,2;143,8;12;11;1;1;0;2085,2;1;6,2;16,1;9,3;10;0;0;0;0;0;0;10;24,2;0;0;0;0;3,2;24,1;13,4;0;0;0;0;0;0;7,2;0;20,1;0;0;0;1;1;1;1;1;1;1;1;1;1;1;1;1;1;1;1;1;1;1;1;1;1;1;1;1;1;1;1;1;1;1;
02851023;2;1/4/1983;1;24,2;120,9;18;9;1;1;0;2085,2;1;0;0;0;21,2;18,3;0;0;18,2;0;0;0;0;0;0;0;0;3,1;24,2;15,4;0;0;0;0;10,2;0;0;0;0;6,2;4,1;;1;1;1;1;1;1;1;1;1;1;1;1;1;1;1;1;1;1;1;1;1;1;1;1;1;1;1;1;1;1;0;
02851023;2;1/5/1983;1;52;322,6;2;22;1;1;0;2085,2;1;35,3;52;31,4;0;4,2;0;8,1;14;13,3;6;18,2;9,3;0;0;0;11,1;10,3;6,2;22,1;10;3,2;0;4;0;0;7,2;18,1;14,4;0;16,2;8;1;1;1;1;1;1;1;1;1;1;1;1;1;1;1;1;1;1;1;1;1;1;1;1;1;1;1;1;1;1;1;
02851023;2;1/6/1983;1;75,2;159,3;12;6;1;1;0;2085,2;1;4,2;18,3;0;0;0;0;0;0;0;0;0;75,2;33,1;0;0;0;0;0;0;0;0;0;10,2;18,3;0;0;0;0;0;0;;1;1;1;1;1;1;1;1;1;1;1;1;1;1;1;1;1;1;1;1;1;1;1;1;1;1;1;1;1;1;0;
02851023;2;1/7/1983;1;52,4;528,7;5;23;1;1;0;2085,2;1;11,4;14,2;0;48,3;52,4;31,2;14,3;25,1;38,3;32;41,1;6,2;17;23,1;20,2;11,4;6,2;0;0;0;0;0;6,2;22,4;31;7,1;0;0;19;23,4;27,2;1;1;1;1;1;1;1;1;1;1;1;1;1;1;1;1;1;1;1;1;1;1;1;1;1;1;1;1;1;1;1;
02851023;2;1/8/1983;1;32,1;151,4;1;11;1;1;0;2085,2;1;32,1;11,3;0;0;0;0;0;4,2;6,1;9,2;0;0;0;8,1;23,4;10,3;11,2;23,4;0;0;0;0;0;0;0;0;0;0;0;0;12,1;1;1;1;1;1;1;1;1;1;1;1;1;1;1;1;1;1;1;1;1;1;1;1;1;1;1;1;1;1;1;1;
02851023;2;1/9/1983;1;52,1;122,9;23;8;1;1;0;2085,2;1;4,3;0;0;0;0;0;6,4;0;0;0;0;0;0;0;0;0;0;0;6,4;3,1;0;16,3;52,1;0;0;0;0;0;18,2;16,1;;1;1;1;1;1;1;1;1;1;1;1;1;1;1;1;1;1;1;1;1;1;1;1;1;1;1;1;1;1;1;0;
02851023;2;1/10/1983;1;14,1;63,6;22;7;1;1;0;2085,2;1;13,4;0;0;0;0;0;0;0;0;9,3;0;0;0;0;0;0;7,4;3,1;0;0;6,3;14,1;0;0;0;0;0;0;0;0;10;1;1;1;1;1;1;1;1;1;1;1;1;1;1;1;1;1;1;1;1;1;1;1;1;1;1;1;1;1;1;1;
02851023;2;1/11/1983;1;18,2;99,5;1;9;1;1;0;2085,2;1;18,2;14,1;0;0;0;0;0;11,2;0;9,4;0;17,1;14;0;0;0;0;0;5,1;6,3;4,1;0;0;0;0;0;0;0;0;0;;1;1;1;1;1;1;1;1;1;1;1;1;1;1;1;1;1;1;1;1;1;1;1;1;1;1;1;1;1;1;0;
02851023;2;1/12/1983;1;10,4;47,6;20;8;1;1;0;2085,2;1;0;0;0;0;0;0;0;0;0;0;0;3,1;0,2;0;0;0;7,2;6;7,2;10,4;5,3;0;0;0;0;0;0;0;0;0;8,2;1;1;1;1;1;1;1;1;1;1;1;1;1;1;1;1;1;1;1;1;1;1;1;1;1;1;1;1;1;1;1;
02851023;2;1/1/1984;1;12,1;118,4;19;17;1;1;0;;0;0;0;6,2;7,4;0;0;0;0;0;9,1;4,3;0;0;0;11,3;4,2;6,1;8,4;12,1;6,2;0;0;0;4,2;9,1;6;3,2;10,1;0;6,3;4,2;1;1;1;1;1;1;1;1;1;1;1;1;1;1;1;1;1;1;1;1;1;1;1;1;1;1;1;1;1;1;1;
02851023;2;1/2/1984;1;9,1;62,5;2;13;1;1;0;;0;0;9,1;5;3,1;8,2;2,1;0;0;0;0;0;0;0;0;0;0;0;3,2;4,1;0;0;0;5,2;6;4,1;4;0;5,3;3,1;;;1;1;1;1;1;1;1;1;1;1;1;1;1;1;1;1;1;1;1;1;1;1;1;1;1;1;1;1;1;0;0;
02851023;2;1/3/1984;1;10,4;62;29;9;1;1;0;;0;8,2;0;0;4,2;6,1;0;8,4;0;0;0;0;0;0;3,1;0;0;0;0;0;10,2;0;0;4,2;0;0;0;0;7,2;10,4;0;0;1;1;1;1;1;1;1;1;1;1;1;1;1;1;1;1;1;1;1;1;1;1;1;1;1;1;1;1;1;1;1;
02851023;2;1/4/1984;1;16,1;55,7;18;8;1;1;0;;0;5,2;3,2;0;0;0;0;4,1;0;0;0;0;0;0;0;0;0;0;16,1;0;0;7,2;0;11,3;5,4;0;0;0;0;0;3,2;;1;1;1;1;1;1;1;1;1;1;1;1;1;1;1;1;1;1;1;1;1;1;1;1;1;1;1;1;1;1;0;
02851023;2;1/5/1984;1;;;;;0;0;0;;0;;;;;;;;;;;;;;;;;;;;;;;;;;;;;;;;0;0;0;0;0;0;0;0;0;0;0;0;0;0;0;0;0;0;0;0;0;0;0;0;0;0;0;0;0;0;0;
02851023;2;1/6/1984;1;;;;;0;0;0;;0;;;;;;;;;;;;;;;;;;;;;;;;;;;;;;;;0;0;0;0;0;0;0;0;0;0;0;0;0;0;0;0;0;0;0;0;0;0;0;0;0;0;0;0;0;0;0;
02851023;2;1/7/1984;1;;;;;0;0;0;;0;;;;;;;;;;;;;;;;;;;;;;;;;;;;;;;;0;0;0;0;0;0;0;0;0;0;0;0;0;0;0;0;0;0;0;0;0;0;0;0;0;0;0;0;0;0;0;
02851023;2;1/8/1984;1;;;;;0;0;0;;0;;;;;;;;;;;;;;;;;;;;;;;;;;;;;;;;0;0;0;0;0;0;0;0;0;0;0;0;0;0;0;0;0;0;0;0;0;0;0;0;0;0;0;0;0;0;0;
02851023;2;1/9/1984;1;;;;;0;0;0;;0;;;;;;;;;;;;;;;;;;;;;;;;;;;;;;;;0;0;0;0;0;0;0;0;0;0;0;0;0;0;0;0;0;0;0;0;0;0;0;0;0;0;0;0;0;0;0;
02851023;2;1/10/1984;1;;;;;0;0;0;;0;;;;;;;;;;;;;;;;;;;;;;;;;;;;;;;;0;0;0;0;0;0;0;0;0;0;0;0;0;0;0;0;0;0;0;0;0;0;0;0;0;0;0;0;0;0;0;
02851023;2;1/11/1984;1;;;;;0;0;0;;0;;;;;;;;;;;;;;;;;;;;;;;;;;;;;;;;0;0;0;0;0;0;0;0;0;0;0;0;0;0;0;0;0;0;0;0;0;0;0;0;0;0;0;0;0;0;0;
02851023;2;1/12/1984;1;;;;;0;0;0;;0;;;;;;;;;;;;;;;;;;;;;;;;;;;;;;;;0;0;0;0;0;0;0;0;0;0;0;0;0;0;0;0;0;0;0;0;0;0;0;0;0;0;0;0;0;0;0;
