//------------------------------------------------------------------------------
//
// Sistema de Informações Hidrológicas
// Versão Web 3.0
// © 2001 Agência Nacional de Águas (ANA)
//
// NivelConsistencia: 1 = Bruto, 2 = Consistido
// TipoMedicaoChuvas: 1 = Pluviômetro, 2 = Pluviógrafo, 3 = Data logger
// Status: 0 = Branco, 1 = Real, 2 = Estimado, 3 = Duvidoso, 4 = Acumulado
//
// Restrições da consulta:
//   Código da Estação: 2851021
//
//------------------------------------------------------------------------------

//EstacaoCodigo;NivelConsistencia;Data;TipoMedicaoChuvas;Maxima;Total;DiaMaxima;NumDiasDeChuva;MaximaStatus;TotalStatus;NumDiasDeChuvaStatus;TotalAnual;TotalAnualStatus;Chuva01;Chuva02;Chuva03;Chuva04;Chuva05;Chuva06;Chuva07;Chuva08;Chuva09;Chuva10;Chuva11;Chuva12;Chuva13;Chuva14;Chuva15;Chuva16;Chuva17;Chuva18;Chuva19;Chuva20;Chuva21;Chuva22;Chuva23;Chuva24;Chuva25;Chuva26;Chuva27;Chuva28;Chuva29;Chuva30;Chuva31;Chuva01Status;Chuva02Status;Chuva03Status;Chuva04Status;Chuva05Status;Chuva06Status;Chuva07Status;Chuva08Status;Chuva09Status;Chuva10Status;Chuva11Status;Chuva12Status;Chuva13Status;Chuva14Status;Chuva15Status;Chuva16Status;Chuva17Status;Chuva18Status;Chuva19Status;Chuva20Status;Chuva21Status;Chuva22Status;Chuva23Status;Chuva24Status;Chuva25Status;Chuva26Status;Chuva27Status;Chuva28Status;Chuva29Status;Chuva30Status;Chuva31Status;
02851021;2;1/1/1957;1;;;;;0;0;0;;0;;;;;;;;;;;;;;;;;;;;;;;;;;;;;;;;0;0;0;0;0;0;0;0;0;0;0;0;0;0;0;0;0;0;0;0;0;0;0;0;0;0;0;0;0;0;0;
02851021;2;1/2/1957;1;;;;;0;0;0;;0;;;;;;;;;;;;;;;;;;;;;;;;;;;;;;;;0;0;0;0;0;0;0;0;0;0;0;0;0;0;0;0;0;0;0;0;0;0;0;0;0;0;0;0;0;0;0;
02851021;2;1/3/1957;1;;;;;0;0;0;;0;;;;;;;;;;;;;;;;;;;;;;;;;;;;;;;;0;0;0;0;0;0;0;0;0;0;0;0;0;0;0;0;0;0;0;0;0;0;0;0;0;0;0;0;0;0;0;
02851021;2;1/4/1957;1;;;;;0;0;0;;0;;;;;;;;;;;;;;;;;;;;;;;;;;;;;;;;0;0;0;0;0;0;0;0;0;0;0;0;0;0;0;0;0;0;0;0;0;0;0;0;0;0;0;0;0;0;0;
02851021;2;1/5/1957;1;;;;;0;0;0;;0;;;;;;;;;;;;;;;;;;;;;;;;;;;;;;;;0;0;0;0;0;0;0;0;0;0;0;0;0;0;0;0;0;0;0;0;0;0;0;0;0;0;0;0;0;0;0;
02851021;2;1/6/1957;1;;;;;0;0;0;;0;;;;;;;;;;;;;;;;;;;;;;;;;;;;;;;;0;0;0;0;0;0;0;0;0;0;0;0;0;0;0;0;0;0;0;0;0;0;0;0;0;0;0;0;0;0;0;
02851021;2;1/7/1957;1;;;;;0;0;0;;0;;;;;;;;;;;;;;;;;;;;;;;;;;;;;;;;0;0;0;0;0;0;0;0;0;0;0;0;0;0;0;0;0;0;0;0;0;0;0;0;0;0;0;0;0;0;0;
02851021;2;1/8/1957;1;;;;;0;0;0;;0;;;;;;;;;;;;;;;;;;;;;;;;;;;;;;;;0;0;0;0;0;0;0;0;0;0;0;0;0;0;0;0;0;0;0;0;0;0;0;0;0;0;0;0;0;0;0;
02851021;2;1/9/1957;1;;;;;0;0;0;;0;;;;;;;;;;;;;;;;;;;;;;;;;;;;;;;;0;0;0;0;0;0;0;0;0;0;0;0;0;0;0;0;0;0;0;0;0;0;0;0;0;0;0;0;0;0;0;
02851021;2;1/10/1957;1;;;;;0;0;0;;0;;;;;;;;;;;;;;;;;;;;;;;;;;;;;;;;0;0;0;0;0;0;0;0;0;0;0;0;0;0;0;0;0;0;0;0;0;0;0;0;0;0;0;0;0;0;0;
02851021;2;1/11/1957;1;;;;;0;0;0;;0;;;;;;;0;0;0,8;0;0;7,4;5;0;6;0;4,4;0;0;0;0;0;2;0;0;0;0;0;10,2;14;;0;0;0;0;0;0;1;1;1;1;1;1;1;1;1;1;1;1;1;1;1;1;1;1;1;1;1;1;1;1;0;
02851021;2;1/12/1957;1;22;64,1;2;9;1;1;0;;0;1,4;22;0;0;0;0;1,5;0;0;0;0;0;7,9;11;0;0;0,6;0;0;0;0;0;0;0;0;1;5,7;0;13;0;0;1;1;1;1;1;1;1;1;1;1;1;1;1;1;1;1;1;1;1;1;1;1;1;1;1;1;1;1;1;1;1;
02851021;2;1/1/1958;1;24;61,7;16;10;1;1;0;1521,6;2;8;2;0;0;0;0;0;0;0;0;0;8;1,8;2,8;0;24;10;0;0;0;0;0;0;0,2;4;0;0;0;0;0;0,9;1;1;1;1;1;1;1;1;1;1;1;1;1;1;1;1;1;1;1;1;1;1;1;1;1;1;1;1;1;1;1;
02851021;2;1/2/1958;1;40;118,9;26;7;2;2;0;1521,6;2;0;0;0;0;0;0;9;0;0;0;0;0;0;0;0;30;0;2,5;6;1,4;30;0;0;0;0;40;0;0;;;;1;1;1;1;1;1;2;1;1;1;1;1;1;1;1;2;1;1;1;1;2;1;1;1;1;2;1;1;0;0;0;
02851021;2;1/3/1958;1;33;85,7;16;7;1;1;0;1521,6;2;0;3,1;0;0;0;0;1,6;0;0;0;0;0;0;4;24;33;7;13;0;0;0;0;0;0;0;0;0;0;0;0;0;1;1;1;1;1;1;1;1;1;1;1;1;1;1;1;1;1;1;1;1;1;1;1;1;1;1;1;1;1;1;1;
02851021;2;1/4/1958;1;52;112,9;8;5;2;2;0;1521,6;2;0;0;0;0;0;0;11;52;26;0;0;23;0,9;0;0;0;0;0;0;0;0;0;0;0;0;0;0;0;0;0;;1;1;1;1;1;1;2;2;2;1;1;2;1;1;1;1;1;1;1;1;1;1;1;1;1;1;1;1;1;1;0;
02851021;2;1/5/1958;1;27;75,8;2;5;1;1;0;1521,6;2;0;27;0;0;0;0;0;0;0;0;0;0;26;0;0;0;0;0;0;12;0;0;0;0;0;8;0;2,8;0;0;0;1;1;1;1;1;1;1;1;1;1;1;1;1;1;1;1;1;1;1;1;1;1;1;1;1;1;1;1;1;1;1;
02851021;2;1/6/1958;1;67;147,4;12;6;2;2;0;1521,6;2;0;0;0;0;0;24;5;0;0;18;0;67;0;0;0;0;33;0;0;0;0;0;0;0;0;0;0;0;0,4;0;;1;1;1;1;1;2;2;1;1;2;1;2;1;1;1;1;2;1;1;1;1;1;1;1;1;1;1;1;1;1;0;
02851021;2;1/7/1958;1;7,6;24,1;28;4;1;1;0;1521,6;2;0;0;0;6;0;0;0;0;0;0;0;0;0;0;0;0;0;0;0;0;0;0;0;0;0;0;0;7,6;3,5;7;0;1;1;1;1;1;1;1;1;1;1;1;1;1;1;1;1;1;1;1;1;1;1;1;1;1;1;1;1;1;1;1;
02851021;2;1/8/1958;1;41;202,5;3;13;1;1;0;1521,6;2;12,4;16;41;6,4;0;7,5;24,6;1;32,3;0;0;3,6;0;0;0;0;0;0;0;0;8;0;0;0;0;18,2;4;27,5;0;0;0;1;1;1;1;1;1;1;1;1;1;1;1;1;1;1;1;1;1;1;1;1;1;1;1;1;1;1;1;1;1;1;
02851021;2;1/9/1958;1;32,5;174,1;25;11;1;1;0;1521,6;2;0;0;0;0;16;20,5;16;0;0;0;25,6;1,5;0;13;19,5;4;0;0;0;0;0;0;3,5;22;32,5;0;0;0;0;0;;1;1;1;1;1;1;1;1;1;1;1;1;1;1;1;1;1;1;1;1;1;1;1;1;1;1;1;1;1;1;0;
02851021;2;1/10/1958;1;50,3;179,3;5;11;1;1;0;1521,6;2;0;23,4;11;15,6;50,3;28,4;0,5;0;0;0;5,6;7;5;0;0;0;0;0;0;0;0;0;1,2;0;31,3;0;0;0;0;0;0;1;1;1;1;1;1;1;1;1;1;1;1;1;1;1;1;1;1;1;1;1;1;1;1;1;1;1;1;1;1;1;
02851021;2;1/11/1958;1;39,4;126,9;16;10;1;1;0;1521,6;2;0;0;0;5,7;0;0;0;0;0;20,2;2;0;0;8,2;0;39,4;13,7;0;5,4;11,8;0;0;0;11;0;0;0;0;0;9,5;;1;1;1;1;1;1;1;1;1;1;1;1;1;1;1;1;1;1;1;1;1;1;1;1;1;1;1;1;1;1;0;
02851021;2;1/12/1958;1;57,8;212,3;2;12;1;1;0;1521,6;2;0;57,8;0;23,4;2,5;9,4;0;14;0;8,6;44;0;0;9,8;0;0;0;23,6;9,4;4,8;5;0;0;0;0;0;0;0;0;0;0;1;1;1;1;1;1;1;1;1;1;1;1;1;1;1;1;1;1;1;1;1;1;1;1;1;1;1;1;1;1;1;
02851021;2;1/1/1959;1;44,8;197,3;4;14;1;1;0;2043,6;1;0;0;0;44,8;4;0;4,8;9,9;0;0;0;0;14;0;0;31;19,2;0;0;0;0;5,4;2,5;11;0;0;1,5;0;4,2;24,6;20,4;1;1;1;1;1;1;1;1;1;1;1;1;1;1;1;1;1;1;1;1;1;1;1;1;1;1;1;1;1;1;1;
02851021;2;1/2/1959;1;34,6;166,1;12;12;1;1;0;2043,6;1;0;0;0;0;0;21,6;1,4;0;21;6,8;28,4;34,6;10,2;0;10;0;0;0;0;0;3;0;4,5;15;9,6;0;0;0;;;;1;1;1;1;1;1;1;1;1;1;1;1;1;1;1;1;1;1;1;1;1;1;1;1;1;1;1;1;0;0;0;
02851021;2;1/3/1959;1;71;133,6;13;3;1;1;0;2043,6;1;0;0;0;0;0;0;0;0;0;0;0;0;71;0;0;0;60,6;2;0;0;0;0;0;0;0;0;0;0;0;0;0;1;1;1;1;1;1;1;1;1;1;1;1;1;1;1;1;1;1;1;1;1;1;1;1;1;1;1;1;1;1;1;
02851021;2;1/4/1959;1;76,2;272,4;26;12;1;1;0;2043,6;1;0;0;5,4;4,8;18,4;42,6;11;0;0;21,6;0;13,4;0;0;0;21;0;0;0;34,6;13,4;0;10;0;0;76,2;0;0;0;0;;1;1;1;1;1;1;1;1;1;1;1;1;1;1;1;1;1;1;1;1;1;1;1;1;1;1;1;1;1;1;0;
02851021;2;1/5/1959;1;65;151,2;4;9;1;1;0;2043,6;1;0;0;3,8;65;0;0;0;0;0;0;13,2;0;0;0;0;0;2;37,8;1;0;21;1;0;0;0;0;0;0;0;0;6,4;1;1;1;1;1;1;1;1;1;1;1;1;1;1;1;1;1;1;1;1;1;1;1;1;1;1;1;1;1;1;1;
02851021;2;1/6/1959;1;117,8;256;22;7;1;1;0;2043,6;1;0;0;0;0;6,2;24,6;0;0;0;0;0;0;0;0;0;0;0;0;0;0;75;117,8;2,4;0;0;24,6;5,4;0;0;0;;1;1;1;1;1;1;1;1;1;1;1;1;1;1;1;1;1;1;1;1;1;1;1;1;1;1;1;1;1;1;0;
02851021;2;1/7/1959;1;12,4;37;5;5;1;1;0;2043,6;1;8,2;0;0;0;12,4;0;0;1,6;9;0;0;0;0;0;0;0;0;0;0;5,8;0;0;0;0;0;0;0;0;0;0;0;1;1;1;1;1;1;1;1;1;1;1;1;1;1;1;1;1;1;1;1;1;1;1;1;1;1;1;1;1;1;1;
02851021;2;1/8/1959;1;96,4;288,2;14;11;1;1;0;2043,6;1;34;5,4;0;0;0;0;7,4;0;0;0;21,6;0;0;96,4;0;0;0;0;0;0;0;0;0;9,8;6;0;6,4;55;40,2;0;6;1;1;1;1;1;1;1;1;1;1;1;1;1;1;1;1;1;1;1;1;1;1;1;1;1;1;1;1;1;1;1;
02851021;2;1/9/1959;1;48,4;213,4;22;10;1;1;0;2043,6;1;10,4;10,6;0;0;0;0;0;0;0;18;30,6;22,8;0;0;0;0;0;0;0;0;11,6;48,4;7,6;0;0;25;28,4;0;0;0;;1;1;1;1;1;1;1;1;1;1;1;1;1;1;1;1;1;1;1;1;1;1;1;1;1;1;1;1;1;1;0;
02851021;2;1/10/1959;1;86,4;158,4;12;6;1;1;0;2043,6;1;0;0;0;9;0;0;0;0;0;0;15;86,4;0;0;18,6;0;0;0;0;0;12,6;0;0;0;0;0;0;16,8;0;0;0;1;1;1;1;1;1;1;1;1;1;1;1;1;1;1;1;1;1;1;1;1;1;1;1;1;1;1;1;1;1;1;
02851021;2;1/11/1959;1;6,6;25,9;9;6;1;1;0;2043,6;1;0;0;0;0;0;0;0;0;6,6;0;3;0;0;0;0;0;0;2;0;0;4;0;0;0;3,8;0;0;0;0;6,5;;1;1;1;1;1;1;1;1;1;1;1;1;1;1;1;1;1;1;1;1;1;1;1;1;1;1;1;1;1;1;0;
02851021;2;1/12/1959;1;48,5;144,1;7;8;1;1;0;2043,6;1;0;0;0;7,6;0;21,4;48,5;6;0;0;0;0;0;0;0;10,4;2,6;0;0;0;0;0;24,2;0;0;0;0;0;0;0;23,4;1;1;1;1;1;1;1;1;1;1;1;1;1;1;1;1;1;1;1;1;1;1;1;1;1;1;1;1;1;1;1;
02851021;2;1/1/1960;1;36,4;106;11;5;1;1;0;1628,2;1;0;0;0;0;0;30,4;0;4,8;0;0;36,4;0;0;0;0;0;0;12,8;0;0;0;0;21,6;0;0;0;0;0;0;0;0;1;1;1;1;1;1;1;1;1;1;1;1;1;1;1;1;1;1;1;1;1;1;1;1;1;1;1;1;1;1;1;
02851021;2;1/2/1960;1;51;131,2;3;8;1;1;0;1628,2;1;0;0;51;14,8;10;0;0;0;0;0;0;0;0;14,4;0;14;4,8;9,4;12,8;0;0;0;0;0;0;0;0;0;0;;;1;1;1;1;1;1;1;1;1;1;1;1;1;1;1;1;1;1;1;1;1;1;1;1;1;1;1;1;1;0;0;
02851021;2;1/3/1960;1;50;150,8;2;12;1;1;0;1628,2;1;5,4;50;8,4;7,5;9,8;0;0;0;0;0;10;2;22;6,8;0;0;0;18,4;0;0;8;2,5;0;0;0;0;0;0;0;0;0;1;1;1;1;1;1;1;1;1;1;1;1;1;1;1;1;1;1;1;1;1;1;1;1;1;1;1;1;1;1;1;
02851021;2;1/4/1960;1;34;95,4;17;6;1;1;0;1628,2;1;0;0;10;29,8;0;2;11,8;7,8;0;0;0;0;0;0;0;0;34;0;0;0;0;0;0;0;0;0;0;0;0;0;;1;1;1;1;1;1;1;1;1;1;1;1;1;1;1;1;1;1;1;1;1;1;1;1;1;1;1;1;1;1;0;
02851021;2;1/5/1960;1;61;116,9;29;6;1;1;0;1628,2;1;0;0;0;0;0;0;0;0;0;0;0;0;0;0;20;9,4;4,8;16,7;5;0;0;0;0;0;0;0;0;0;61;0;0;1;1;1;1;1;1;1;1;1;1;1;1;1;1;1;1;1;1;1;1;1;1;1;1;1;1;1;1;1;1;1;
02851021;2;1/6/1960;1;41,4;177,6;21;7;1;1;0;1628,2;1;0;0;0;0;0;40,6;0;0;0;0;0;0;0;0;7,8;15,4;0;0;0;0;41,4;24;22;26,4;0;0;0;0;0;0;;1;1;1;1;1;1;1;1;1;1;1;1;1;1;1;1;1;1;1;1;1;1;1;1;1;1;1;1;1;1;0;
02851021;2;1/7/1960;1;50,4;103,4;31;6;1;1;0;1628,2;1;0;0;0;0;0;0;0;10,4;0;0;0;0;0;0;0;0;0;4,6;0;0;0;26,8;7;4,2;0;0;0;0;0;0;50,4;1;1;1;1;1;1;1;1;1;1;1;1;1;1;1;1;1;1;1;1;1;1;1;1;1;1;1;1;1;1;1;
02851021;2;1/8/1960;1;82,4;212,8;31;8;1;1;0;1628,2;1;5,6;0;8,6;0;0;0;0;0;0;0;0;0;0;32;0;0;11,4;50;0;0;0;0;0;0;6,8;0;0;0;0;16;82,4;1;1;1;1;1;1;1;1;1;1;1;1;1;1;1;1;1;1;1;1;1;1;1;1;1;1;1;1;1;1;1;
02851021;2;1/9/1960;1;41,2;194,8;18;9;1;1;0;1628,2;1;20,6;0;0;0;0;0;0;26,4;0;0;0;0;0;8,4;0;0;33,4;41,2;0;0;0;0;22,4;33;6,4;3;0;0;0;0;;1;1;1;1;1;1;1;1;1;1;1;1;1;1;1;1;1;1;1;1;1;1;1;1;1;1;1;1;1;1;0;
02851021;2;1/10/1960;1;35;152,9;24;12;1;1;0;1628,2;1;0;0;0;0;0;4;0;0;20;0;0;0;4,5;3,4;0;6;13,4;2;0;6,4;0;0;20,4;35;12,8;0;25;0;0;0;0;1;1;1;1;1;1;1;1;1;1;1;1;1;1;1;1;1;1;1;1;1;1;1;1;1;1;1;1;1;1;1;
02851021;2;1/11/1960;1;23,8;114,8;27;11;1;1;0;1628,2;1;5,8;21;0;7,4;0;0;0;5,4;0;0;17;21,4;5;0;2,6;0;0;0;0;0;0;0;0;0;0;0;23,8;3;0;2,4;;1;1;1;1;1;1;1;1;1;1;1;1;1;1;1;1;1;1;1;1;1;1;1;1;1;1;1;1;1;1;0;
02851021;2;1/12/1960;1;25;71,6;17;5;1;1;0;1628,2;1;12;0;0;0;0;0;0;0;0;0;0;0;20,6;0;0;0;25;10,4;0;0;0;0;0;3,6;0;0;0;0;0;0;0;1;1;1;1;1;1;1;1;1;1;1;1;1;1;1;1;1;1;1;1;1;1;1;1;1;1;1;1;1;1;1;
02851021;2;1/1/1961;1;51,6;211,2;1;8;1;1;0;2244,3;1;51,6;0;0;27,4;0;50;21,4;0;0;0;18,6;0;0;0;0;0;6,8;18;0;0;0;17,4;0;0;0;0;0;0;0;0;0;1;1;1;1;1;1;1;1;1;1;1;1;1;1;1;1;1;1;1;1;1;1;1;1;1;1;1;1;1;1;1;
02851021;2;1/2/1961;1;54,6;149;6;8;1;1;0;2244,3;1;0;0;6;0;0;54,6;0;4,6;0;0;33;0;0;0;0;0;0;0;0;7,8;0;12;14,6;0;0;0;16,4;0;;;;1;1;1;1;1;1;1;1;1;1;1;1;1;1;1;1;1;1;1;1;1;1;1;1;1;1;1;1;0;0;0;
02851021;2;1/3/1961;1;60;220;17;10;1;1;0;2244,3;1;0;0;0;0;17;0;0;0;7,4;0;5,8;21,4;25,6;9,4;0;0;60;21,6;0;0;39,8;0;0;0;0;12;0;0;0;0;0;1;1;1;1;1;1;1;1;1;1;1;1;1;1;1;1;1;1;1;1;1;1;1;1;1;1;1;1;1;1;1;
02851021;2;1/4/1961;1;27,4;166,4;11;12;1;1;0;2244,3;1;0;0;0;19;0;0;0;0;0;0;27,4;20;22,4;4;15,6;4,6;11;24,8;10,2;0;0;0;2;0;0;0;0;0;5,4;0;;1;1;1;1;1;1;1;1;1;1;1;1;1;1;1;1;1;1;1;1;1;1;1;1;1;1;1;1;1;1;0;
02851021;2;1/5/1961;1;39;64,1;18;5;1;1;0;2244,3;1;0;0;0;0;0;0;0;11;0;0;0;0;0;0;0;2,6;7,8;39;3,7;0;0;0;0;0;0;0;0;0;0;0;0;1;1;1;1;1;1;1;1;1;1;1;1;1;1;1;1;1;1;1;1;1;1;1;1;1;1;1;1;1;1;1;
02851021;2;1/6/1961;1;73,4;227;20;7;1;1;0;2244,3;1;0;0;0;0;31,2;0;0;0;0;23;52,4;0;11,8;0;0;0;0;0;16;73,4;19,2;0;0;0;0;0;0;0;0;0;;1;1;1;1;1;1;1;1;1;1;1;1;1;1;1;1;1;1;1;1;1;1;1;1;1;1;1;1;1;1;0;
02851021;2;1/7/1961;1;33,2;137,2;8;9;1;1;0;2244,3;1;0;0;4,6;0;0;0;5,4;33,2;0;0;0;0;0;13,4;22,6;19;13,8;0;0;0;0;13,6;0;0;0;11,6;0;0;0;0;0;1;1;1;1;1;1;1;1;1;1;1;1;1;1;1;1;1;1;1;1;1;1;1;1;1;1;1;1;1;1;1;
02851021;2;1/8/1961;1;49;138,1;16;8;1;1;0;2244,3;1;0;0;0;0;0;0;0;0;0;0;0;0;0;0;6,4;49;5,8;0;0;37,6;6,5;0;0;5;0;10;0;0;0;17,8;0;1;1;1;1;1;1;1;1;1;1;1;1;1;1;1;1;1;1;1;1;1;1;1;1;1;1;1;1;1;1;1;
02851021;2;1/9/1961;1;45,6;377,7;5;19;1;1;0;2244,3;1;3;0;0;35;45,6;34,8;0;0;6,4;0;2;28;0;5,4;24;14,5;0;0;0;11,8;25,4;12;0;0;20,4;11,8;19;40,4;34,2;4;;1;1;1;1;1;1;1;1;1;1;1;1;1;1;1;1;1;1;1;1;1;1;1;1;1;1;1;1;1;1;0;
02851021;2;1/10/1961;1;65;220,6;25;13;1;1;0;2244,3;1;0;0;0;0;0;0;5;0;0;17,4;9;11;0;6,6;7,6;0;5;2,4;0;24;33,4;0;0;0;65;22,8;0;0;0;0;11,4;1;1;1;1;1;1;1;1;1;1;1;1;1;1;1;1;1;1;1;1;1;1;1;1;1;1;1;1;1;1;1;
02851021;2;1/11/1961;1;31;185,2;1;14;1;1;0;2244,3;1;31;2;3,2;13;0;5;0;0;0;0;0;0;0;25;14,2;0;0;0;0;16,2;5;0;12;0;20,8;7;25,2;0;0;5,6;;1;1;1;1;1;1;1;1;1;1;1;1;1;1;1;1;1;1;1;1;1;1;1;1;1;1;1;1;1;1;0;
02851021;2;1/12/1961;1;29,6;147,8;21;9;1;1;0;2244,3;1;23,8;10,4;11;0;0;0;0;0;0;0;0;0;0;0;0;0;0;5;0;0;29,6;0;10;27,8;0;0;0;0;22,8;0;7,4;1;1;1;1;1;1;1;1;1;1;1;1;1;1;1;1;1;1;1;1;1;1;1;1;1;1;1;1;1;1;1;
02851021;2;1/1/1962;1;27,4;81;15;7;1;1;0;840,8;1;0;0;12,4;0;0;0;0;10;0;0;0;0;0;6;27,4;0;0;0;0;0;0;0;0;6;15,2;0;0;0;0;4;0;1;1;1;1;1;1;1;1;1;1;1;1;1;1;1;1;1;1;1;1;1;1;1;1;1;1;1;1;1;1;1;
02851021;2;1/2/1962;1;21;52,8;4;4;1;1;0;840,8;1;0;0;0;21;0;0;0;0;0;0;0;8;0;0;0;0;0;20,8;3;0;0;0;0;0;0;0;0;0;;;;1;1;1;1;1;1;1;1;1;1;1;1;1;1;1;1;1;1;1;1;1;1;1;1;1;1;1;1;0;0;0;
02851021;2;1/3/1962;1;23;94,1;30;7;1;1;0;840,8;1;0;0;0;0;0;9,6;0;0;0;15,5;4,6;0;0;0;0;10;0;0;9;0;0;0;0;0;0;0;22,4;0;0;23;0;1;1;1;1;1;1;1;1;1;1;1;1;1;1;1;1;1;1;1;1;1;1;1;1;1;1;1;1;1;1;1;
02851021;2;1/4/1962;1;36,4;67,4;9;3;1;1;0;840,8;1;0;0;0;0;0;0;0;21;36,4;0;0;0;0;0;0;0;0;0;0;10;0;0;0;0;0;0;0;0;0;0;;1;1;1;1;1;1;1;1;1;1;1;1;1;1;1;1;1;1;1;1;1;1;1;1;1;1;1;1;1;1;0;
02851021;2;1/5/1962;1;22;80,4;21;7;1;1;0;840,8;1;0;11;0;0;0;0;0;0;0;0;0;0;0;0;0;0;3,6;5;0;16,4;22;11,4;0;0;0;0;0;11;0;0;0;1;1;1;1;1;1;1;1;1;1;1;1;1;1;1;1;1;1;1;1;1;1;1;1;1;1;1;1;1;1;1;
02851021;2;1/6/1962;1;17;35,6;3;3;1;1;0;840,8;1;0;0;17;0;0;0;0;0;0;0;0;0;0;0;0;0;0;0;0;8,4;10,2;0;0;0;0;0;0;0;0;0;;1;1;1;1;1;1;1;1;1;1;1;1;1;1;1;1;1;1;1;1;1;1;1;1;1;1;1;1;1;1;0;
02851021;2;1/7/1962;1;25;94,7;10;8;1;1;0;840,8;1;0;0;0;0;15;0;0;0;5;25;3,6;0;0;0;0;15,4;8,3;0;0;0;0;0;0;0;0;0;0;0;3,4;19;0;1;1;1;1;1;1;1;1;1;1;1;1;1;1;1;1;1;1;1;1;1;1;1;1;1;1;1;1;1;1;1;
02851021;2;1/8/1962;1;25,2;78,6;22;4;1;1;0;840,8;1;0;0;0;0;0;0;0;0;0;15,6;16,4;0;0;0;0;0;0;0;0;0;0;25,2;0;0;0;0;0;0;0;21,4;0;1;1;1;1;1;1;1;1;1;1;1;1;1;1;1;1;1;1;1;1;1;1;1;1;1;1;1;1;1;1;1;
02851021;2;1/9/1962;1;40;101,5;18;6;1;1;0;840,8;1;0;0;0;0;0;3;0;20;16,6;0;0;0;0;0;0;0;0;40;15,4;0;0;6,5;0;0;0;0;0;0;0;0;;1;1;1;1;1;1;1;1;1;1;1;1;1;1;1;1;1;1;1;1;1;1;1;1;1;1;1;1;1;1;0;
02851021;2;1/10/1962;1;20,4;46,5;18;4;1;1;0;840,8;1;0;4,5;0;0;5;0;0;0;0;0;0;0;0;0;0;0;0;20,4;0;0;0;0;0;0;0;0;0;16,6;0;0;0;1;1;1;1;1;1;1;1;1;1;1;1;1;1;1;1;1;1;1;1;1;1;1;1;1;1;1;1;1;1;1;
02851021;2;1/11/1962;1;11;54,6;30;7;1;1;0;840,8;1;7;0;0;0;4,6;0;0;0;0;0;0;0;0;0;0;9,2;0;0;5;9,8;8;0;0;0;0;0;0;0;0;11;;1;1;1;1;1;1;1;1;1;1;1;1;1;1;1;1;1;1;1;1;1;1;1;1;1;1;1;1;1;1;0;
02851021;2;1/12/1962;1;22,8;53,6;12;4;1;1;0;840,8;1;0;0;20,4;5;0;0;0;0;0;0;0;22,8;0;0;0;0;0;5,4;0;0;0;0;0;0;0;0;0;0;0;0;0;1;1;1;1;1;1;1;1;1;1;1;1;1;1;1;1;1;1;1;1;1;1;1;1;1;1;1;1;1;1;1;
02851021;2;1/1/1963;1;62,6;274,4;8;13;1;1;0;1943,2;1;0;0;0;16;0;4,2;0;62,6;12,4;3,8;3;0;10;0;0;0;0;0;0;0;0;32,2;0;0;53;7,4;0;0;28,6;25;16,2;1;1;1;1;1;1;1;1;1;1;1;1;1;1;1;1;1;1;1;1;1;1;1;1;1;1;1;1;1;1;1;
02851021;2;1/2/1963;1;35;101,4;18;7;1;1;0;1943,2;1;13,2;4;8,4;0;0;0;0;0;0;0;0;0;0;0;0;0;0;35;0;29,2;0;0;0;0;3,2;0;0;8,4;;;;1;1;1;1;1;1;1;1;1;1;1;1;1;1;1;1;1;1;1;1;1;1;1;1;1;1;1;1;0;0;0;
02851021;2;1/3/1963;1;45;183,8;20;10;1;1;0;1943,2;1;6,8;0;0;0;0;0;8,2;0;0;0;0;0;3;12,6;0;0;0;0;8;45;10,2;0;16,4;0;0;30,6;43;0;0;0;0;1;1;1;1;1;1;1;1;1;1;1;1;1;1;1;1;1;1;1;1;1;1;1;1;1;1;1;1;1;1;1;
02851021;2;1/4/1963;1;24;48,6;16;3;1;1;0;1943,2;1;0;0;20;0;0;0;0;0;4,6;0;0;0;0;0;0;24;0;0;0;0;0;0;0;0;0;0;0;0;0;0;;1;1;1;1;1;1;1;1;1;1;1;1;1;1;1;1;1;1;1;1;1;1;1;1;1;1;1;1;1;1;0;
02851021;2;1/5/1963;1;31,2;69;12;3;1;1;0;1943,2;1;0;0;11;0;0;0;0;0;0;0;0;31,2;0;26,8;0;0;0;0;0;0;0;0;0;0;0;0;0;0;0;0;0;1;1;1;1;1;1;1;1;1;1;1;1;1;1;1;1;1;1;1;1;1;1;1;1;1;1;1;1;1;1;1;
02851021;2;1/6/1963;1;20,6;54;15;4;1;1;0;1943,2;1;0;0;0;0;0;0;0;0;5,4;0;10;0;0;0;20,6;18;0;0;0;0;0;0;0;0;0;0;0;0;0;0;;1;1;1;1;1;1;1;1;1;1;1;1;1;1;1;1;1;1;1;1;1;1;1;1;1;1;1;1;1;1;0;
02851021;2;1/7/1963;1;33;53;22;3;1;1;0;1943,2;1;0;10,4;9,6;0;0;0;0;0;0;0;0;0;0;0;0;0;0;0;0;0;0;33;0;0;0;0;0;0;0;0;0;1;1;1;1;1;1;1;1;1;1;1;1;1;1;1;1;1;1;1;1;1;1;1;1;1;1;1;1;1;1;1;
02851021;2;1/8/1963;1;57,4;226,3;15;10;1;1;0;1943,2;1;0;0;0;28,5;13,4;0;0;0;0;0;0;19,2;0;9;57,4;0;0;0;0;8,4;26,8;4;11,6;0;48;0;0;0;0;0;0;1;1;1;1;1;1;1;1;1;1;1;1;1;1;1;1;1;1;1;1;1;1;1;1;1;1;1;1;1;1;1;
02851021;2;1/9/1963;1;50,4;327,9;27;14;1;1;0;1943,2;1;0;0;0;0;0;0;0;25;10,4;6,5;0;4,6;19,4;0;0;11;38,6;20,8;0;0;16;38;0;22;0;31,8;50,4;0;33,4;0;;1;1;1;1;1;1;1;1;1;1;1;1;1;1;1;1;1;1;1;1;1;1;1;1;1;1;1;1;1;1;0;
02851021;2;1/10/1963;1;50,4;284,3;10;12;1;1;0;1943,2;1;0;0;0;7;0;16,8;0;0;25;50,4;41,6;0;16,8;0;23;6;25,4;8,7;0;0;0;37,2;0;0;0;26,4;0;0;0;0;0;1;1;1;1;1;1;1;1;1;1;1;1;1;1;1;1;1;1;1;1;1;1;1;1;1;1;1;1;1;1;1;
02851021;2;1/11/1963;1;65,4;232,2;30;12;1;1;0;1943,2;1;7;0;0;0;30;13,2;10;16,3;16,4;7,3;0;0;0;0;0;0;0;10,2;0;13;0;0;0;0;0;0;0;33,4;10;65,4;;1;1;1;1;1;1;1;1;1;1;1;1;1;1;1;1;1;1;1;1;1;1;1;1;1;1;1;1;1;1;0;
02851021;2;1/12/1963;1;21,4;88,3;8;8;1;1;0;1943,2;1;13,4;0;0;12;2;2,6;0;21,4;0;6,5;0;0;0;0;0;0;0;0;19,4;0;0;0;0;0;0;0;0;0;0;0;11;1;1;1;1;1;1;1;1;1;1;1;1;1;1;1;1;1;1;1;1;1;1;1;1;1;1;1;1;1;1;1;
02851021;2;1/1/1964;1;64,2;100;13;5;1;1;0;1353,3;1;0;8,4;0;0;0;0;11;0;0;0;0;0;64,2;0;0;0;0;0;0;0;0;0;0;6,4;0;0;0;0;0;10;0;1;1;1;1;1;1;1;1;1;1;1;1;1;1;1;1;1;1;1;1;1;1;1;1;1;1;1;1;1;1;1;
02851021;2;1/2/1964;1;18;63,4;2;5;1;1;0;1353,3;1;11,4;18;0;0;0;0;0;10,6;0;0;0;0;0;0;9;0;14,4;0;0;0;0;0;0;0;0;0;0;0;0;;;1;1;1;1;1;1;1;1;1;1;1;1;1;1;1;1;1;1;1;1;1;1;1;1;1;1;1;1;1;0;0;
02851021;2;1/3/1964;1;40;80,4;6;5;1;1;0;1353,3;1;0;0;8;0;0;40;0;0;0;0;0;0;5;0;0;0;0;0;0;0;0;0;0;0;0;0;0;16;11,4;0;0;1;1;1;1;1;1;1;1;1;1;1;1;1;1;1;1;1;1;1;1;1;1;1;1;1;1;1;1;1;1;1;
02851021;2;1/4/1964;1;25;133,8;6;10;1;1;0;1353,3;1;0;0;0;0;0;25;0;0;0;0;0;0;15,4;0;0;4,2;16,4;0;0;0;6;0;18,2;16;0;0;15;12,4;0;5,2;;1;1;1;1;1;1;1;1;1;1;1;1;1;1;1;1;1;1;1;1;1;1;1;1;1;1;1;1;1;1;0;
02851021;2;1/5/1964;1;16,4;48,8;1;4;1;1;0;1353,3;1;16,4;10;0;0;0;0;0;0;0;0;0;0;0;0;0;12,4;0;0;0;0;0;0;0;0;0;0;0;10;0;0;0;1;1;1;1;1;1;1;1;1;1;1;1;1;1;1;1;1;1;1;1;1;1;1;1;1;1;1;1;1;1;1;
02851021;2;1/6/1964;1;35,2;100,8;24;5;1;1;0;1353,3;1;0;0;0;0;10;12,2;0;0;0;25,4;18;0;0;0;0;0;0;0;0;0;0;0;0;35,2;0;0;0;0;0;0;;1;1;1;1;1;1;1;1;1;1;1;1;1;1;1;1;1;1;1;1;1;1;1;1;1;1;1;1;1;1;0;
02851021;2;1/7/1964;1;38,4;157;8;8;1;1;0;1353,3;1;0;0;6,4;0;0;0;5;38,4;30,2;0;0;0;0;0;0;0;31;0;0;0;0;0;0;0;36,4;0;3,2;0;0;0;6,4;1;1;1;1;1;1;1;1;1;1;1;1;1;1;1;1;1;1;1;1;1;1;1;1;1;1;1;1;1;1;1;
02851021;2;1/8/1964;1;34,6;187,5;24;11;1;1;0;1353,3;1;0;29,5;3;0;0;0;0;12;7,2;0;0;0;0;0;10,4;22;0;0;19;0;0;0;0;34,6;31;0;6,4;0;0;12,4;0;1;1;1;1;1;1;1;1;1;1;1;1;1;1;1;1;1;1;1;1;1;1;1;1;1;1;1;1;1;1;1;
02851021;2;1/9/1964;1;47,2;195;1;11;1;1;0;1353,3;1;47,2;19;0;0;0;0;0;19;16,2;37;0;0;0;0;0;4,4;4;0;0;0;9,2;0;0;0;0;14;0;11,8;0;13,2;;1;1;1;1;1;1;1;1;1;1;1;1;1;1;1;1;1;1;1;1;1;1;1;1;1;1;1;1;1;1;0;
02851021;2;1/10/1964;1;68;95,6;26;4;1;1;0;1353,3;1;0;0;0;0;0;0;0;0;0;0;0;0;0;0;0;0;0;0;0;8,4;11,2;0;0;0;0;68;0;0;0;8;0;1;1;1;1;1;1;1;1;1;1;1;1;1;1;1;1;1;1;1;1;1;1;1;1;1;1;1;1;1;1;1;
02851021;2;1/11/1964;1;8;20,4;18;3;1;1;0;1353,3;1;0;0;0;0;0;0;0;0;0;0;0;0;0;0;0;0;0;8;0;0;7,4;0;0;0;0;0;0;0;0;5;;1;1;1;1;1;1;1;1;1;1;1;1;1;1;1;1;1;1;1;1;1;1;1;1;1;1;1;1;1;1;0;
02851021;2;1/12/1964;1;64;170,6;28;9;1;1;0;1353,3;1;6,2;0;15,4;0;0;0;0;0;0;5;0;17,6;12;0;0;0;0;0;0;0;0;0;0;22;9,4;19;0;64;0;0;0;1;1;1;1;1;1;1;1;1;1;1;1;1;1;1;1;1;1;1;1;1;1;1;1;1;1;1;1;1;1;1;
02851021;2;1/1/1965;1;26,4;88,8;18;6;1;1;0;1730,3;1;0;0;0;16,4;0;0;0;0;0;0;0;0;0;0;0;15;11;26,4;0;0;0;0;0;0;5;0;15;0;0;0;0;1;1;1;1;1;1;1;1;1;1;1;1;1;1;1;1;1;1;1;1;1;1;1;1;1;1;1;1;1;1;1;
02851021;2;1/2/1965;1;66,4;171,6;24;7;1;1;0;1730,3;1;0;3;24,6;0;0;0;0;0;0;0;0;0;41;8,4;0;0;0;0;0;0;0;0;22,2;66,4;6;0;0;0;;;;1;1;1;1;1;1;1;1;1;1;1;1;1;1;1;1;1;1;1;1;1;1;1;1;1;1;1;1;0;0;0;
02851021;2;1/3/1965;1;50,6;161,3;9;10;1;1;0;1730,3;1;0;0;13,6;0;0;0;0;0;50,6;18;3,5;0;0;0;0;0;0;0;25;0;0;0;35;6,2;2,4;3;0;0;0;4;0;1;1;1;1;1;1;1;1;1;1;1;1;1;1;1;1;1;1;1;1;1;1;1;1;1;1;1;1;1;1;1;
02851021;2;1/4/1965;1;15,4;52,2;25;5;1;1;0;1730,3;1;0;0;0;0;0;0;0;0;0;15;0;0;0;0;0;0;0;0;7;2;0;0;0;0;15,4;12,8;0;0;0;0;;1;1;1;1;1;1;1;1;1;1;1;1;1;1;1;1;1;1;1;1;1;1;1;1;1;1;1;1;1;1;0;
02851021;2;1/5/1965;1;26;45,6;14;4;1;1;0;1730,3;1;0;10,4;0;0;0;6;0;3,2;0;0;0;0;0;26;0;0;0;0;0;0;0;0;0;0;0;0;0;0;0;0;0;1;1;1;1;1;1;1;1;1;1;1;1;1;1;1;1;1;1;1;1;1;1;1;1;1;1;1;1;1;1;1;
02851021;2;1/6/1965;1;30,4;60,8;4;4;1;1;0;1730,3;1;0;0;17;30,4;0;0;0;9,4;0;0;4;0;0;0;0;0;0;0;0;0;0;0;0;0;0;0;0;0;0;0;;1;1;1;1;1;1;1;1;1;1;1;1;1;1;1;1;1;1;1;1;1;1;1;1;1;1;1;1;1;1;0;
02851021;2;1/7/1965;1;39,5;80,1;3;4;1;1;0;1730,3;1;0;0;39,5;0;0;0;0;0;5,2;0;0;0;0;27,4;8;0;0;0;0;0;0;0;0;0;0;0;0;0;0;0;0;1;1;1;1;1;1;1;1;1;1;1;1;1;1;1;1;1;1;1;1;1;1;1;1;1;1;1;1;1;1;1;
02851021;2;1/8/1965;1;80,4;304,4;19;13;1;1;0;1730,3;1;0;0;0;32;0;0;0;0;0;0;0;0;0;0;20;20,6;30;19,8;80,4;20,6;11;5,8;0;0;15;13,8;0;0;20;15,4;0;1;1;1;1;1;1;1;1;1;1;1;1;1;1;1;1;1;1;1;1;1;1;1;1;1;1;1;1;1;1;1;
02851021;2;1/9/1965;1;54;228,2;11;13;1;1;0;1730,3;1;0;0;0;35,2;10,8;18,4;0;11,4;3,2;0;54;0;0;11,6;5,4;0;0;10,2;8,6;0;0;0;0;0;23;15,6;0;0;0;20,8;;1;1;1;1;1;1;1;1;1;1;1;1;1;1;1;1;1;1;1;1;1;1;1;1;1;1;1;1;1;1;0;
02851021;2;1/10/1965;1;50,4;211,3;10;10;1;1;0;1730,3;1;13;0;0;0;0;0;0;12;0;50,4;12;0;0;0;0;0;0;0;0;0;0;20,6;0;0;50;17,4;0;7,6;15,5;0;12,8;1;1;1;1;1;1;1;1;1;1;1;1;1;1;1;1;1;1;1;1;1;1;1;1;1;1;1;1;1;1;1;
02851021;2;1/11/1965;1;38,2;111,6;26;8;1;1;0;1730,3;1;0;0;0;0;5,2;13;3;0;0;0;3,4;0;23,6;13,4;0;0;0;0;0;0;0;0;0;0;11,8;38,2;0;0;0;0;;1;1;1;1;1;1;1;1;1;1;1;1;1;1;1;1;1;1;1;1;1;1;1;1;1;1;1;1;1;1;0;
02851021;2;1/12/1965;1;50;214,4;21;11;1;1;0;1730,3;1;0;0;2;0;29;0;0;5,2;0;0;20;15,6;0;14;0;0;0;0;16,8;4,2;50;47,4;0;0;0;10,2;0;0;0;0;0;1;1;1;1;1;1;1;1;1;1;1;1;1;1;1;1;1;1;1;1;1;1;1;1;1;1;1;1;1;1;1;
02851021;2;1/1/1966;1;35;162,2;25;11;1;1;0;2112,7;1;0;0;11,4;0;0;0;0;25;0;25,6;0;0;0;0;0;0;0;0;5,4;0;21,6;7;13,2;3,6;35;0;0;0;0;10,4;4;1;1;1;1;1;1;1;1;1;1;1;1;1;1;1;1;1;1;1;1;1;1;1;1;1;1;1;1;1;1;1;
02851021;2;1/2/1966;1;34;155,2;12;9;1;1;0;2112,7;1;0;0;0;0;0;0;0;0;5,2;0;0;34;0;0;0;0;24;5;4;19,2;0;9,4;0;0;34;0;0;20,4;;;;1;1;1;1;1;1;1;1;1;1;1;1;1;1;1;1;1;1;1;1;1;1;1;1;1;1;1;1;0;0;0;
02851021;2;1/3/1966;1;78;155,6;20;7;1;1;0;2112,7;1;20;0;11,6;0;4;0;0;0;0;0;0;0;0;0;0;0;0;0;0;78;0;10,4;0;0;17,6;0;0;0;0;0;14;1;1;1;1;1;1;1;1;1;1;1;1;1;1;1;1;1;1;1;1;1;1;1;1;1;1;1;1;1;1;1;
02851021;2;1/4/1966;1;32;49,8;25;4;1;1;0;2112,7;1;0;0;0;0;0;0;6,8;0;0;0;0;0;0;7;0;0;0;0;0;0;0;0;4;0;32;0;0;0;0;0;;1;1;1;1;1;1;1;1;1;1;1;1;1;1;1;1;1;1;1;1;1;1;1;1;1;1;1;1;1;1;0;
02851021;2;1/5/1966;1;2;2;6;1;1;1;0;2112,7;1;0;0;0;0;0;2;0;0;0;0;0;0;0;0;0;0;0;0;0;0;0;0;0;0;0;0;0;0;0;0;0;1;1;1;1;1;1;1;1;1;1;1;1;1;1;1;1;1;1;1;1;1;1;1;1;1;1;1;1;1;1;1;
02851021;2;1/6/1966;1;70;311,4;20;11;1;1;0;2112,7;1;0;0;0;0;0;0;0;0;0;0;0;25,4;13;12,8;50;2;45,4;12,6;0;70;0;0;22;0;0;0;0;18;40,2;0;;1;1;1;1;1;1;1;1;1;1;1;1;1;1;1;1;1;1;1;1;1;1;1;1;1;1;1;1;1;1;0;
02851021;2;1/7/1966;1;65;220,3;14;8;1;1;0;2112,7;1;0;0;0;0;0;0;0;0;0;0;0;0;0;65;65;0;0;0;1,6;4,5;0;0;52;0;0;0;6,4;0;10,8;15;0;1;1;1;1;1;1;1;1;1;1;1;1;1;1;1;1;1;1;1;1;1;1;1;1;1;1;1;1;1;1;1;
02851021;2;1/8/1966;1;50,4;236,7;5;11;1;1;0;2112,7;1;4;6,5;8,4;10;50,4;35;0;0;0;0;0;0;0;15,4;0;0;0;0;0;0;0;0;0;15;36,6;0;0;0;45,4;10;0;1;1;1;1;1;1;1;1;1;1;1;1;1;1;1;1;1;1;1;1;1;1;1;1;1;1;1;1;1;1;1;
02851021;2;1/9/1966;1;50,6;198,8;1;6;1;1;0;2112,7;1;50,6;0;0;0;0;0;45,2;10;0;0;0;31,4;20;0;41,6;0;0;0;0;0;0;0;0;0;0;0;0;0;0;0;;1;1;1;1;1;1;1;1;1;1;1;1;1;1;1;1;1;1;1;1;1;1;1;1;1;1;1;1;1;1;0;
02851021;2;1/10/1966;1;50,3;253,5;26;10;1;1;0;2112,7;1;0;18,2;24;0;0;18,6;21;0;0;0;0;15;0;34;0;33,2;0;10;0;0;0;0;29,2;0;0;50,3;0;0;0;0;0;1;1;1;1;1;1;1;1;1;1;1;1;1;1;1;1;1;1;1;1;1;1;1;1;1;1;1;1;1;1;1;
02851021;2;1/11/1966;1;65,8;127,2;9;4;1;1;0;2112,7;1;0;0;0;0;0;0;0;0;65,8;0;0;28,4;0;0;0;6,4;0;0;0;0;0;0;0;0;0;0;26,6;0;0;0;;1;1;1;1;1;1;1;1;1;1;1;1;1;1;1;1;1;1;1;1;1;1;1;1;1;1;1;1;1;1;0;
02851021;2;1/12/1966;1;48,6;240;3;12;1;1;0;2112,7;1;0;8,4;48,6;0;31,6;0;28,8;42,4;3,2;0;0;3;18,4;0;29,6;0;0;0;11,6;12,4;0;0;0;0;0;0;0;0;2;0;0;1;1;1;1;1;1;1;1;1;1;1;1;1;1;1;1;1;1;1;1;1;1;1;1;1;1;1;1;1;1;1;
02851021;2;1/1/1967;1;42,2;124,5;21;8;1;1;0;1629,5;1;0;6;0;8,2;10;0;0;0;40,3;0;0;0;0;10;0;3,2;0;0;4,6;0;42,2;0;0;0;0;0;0;0;0;0;0;1;1;1;1;1;1;1;1;1;1;1;1;1;1;1;1;1;1;1;1;1;1;1;1;1;1;1;1;1;1;1;
02851021;2;1/2/1967;1;16;69,2;15;8;1;1;0;1629,5;1;0;0;12;0;0;0;0;0;0;12,2;7;0;4,2;0;16;0;7;0;0;0;0;0;0;0;0;0;5;5,8;;;;1;1;1;1;1;1;1;1;1;1;1;1;1;1;1;1;1;1;1;1;1;1;1;1;1;1;1;1;0;0;0;
02851021;2;1/3/1967;1;70;119,6;4;6;1;1;0;1629,5;1;2,4;0;0;70;0;0;0;0;0;0;0;0;11,6;0;0;0;0;0;0;0;0;9,2;0;0;20;6,4;0;0;0;0;0;1;1;1;1;1;1;1;1;1;1;1;1;1;1;1;1;1;1;1;1;1;1;1;1;1;1;1;1;1;1;1;
02851021;2;1/4/1967;1;13,4;41,2;20;7;1;1;0;1629,5;1;8;3,2;0;6,4;0;0;0;0;0;0;0;0;0;0;3;0;4,2;0;0;13,4;0;3;0;0;0;0;0;0;0;0;;1;1;1;1;1;1;1;1;1;1;1;1;1;1;1;1;1;1;1;1;1;1;1;1;1;1;1;1;1;1;0;
02851021;2;1/5/1967;1;20;60,8;22;5;1;1;0;1629,5;1;0;0;0;17;0;0;0;0;0;0;0;0;0;0;0;0;0;0;0;6,2;0;20;12,4;0;0;0;0;0;0;0;5,2;1;1;1;1;1;1;1;1;1;1;1;1;1;1;1;1;1;1;1;1;1;1;1;1;1;1;1;1;1;1;1;
02851021;2;1/6/1967;1;21;62,6;3;7;1;1;0;1629,5;1;4,6;0;21;6;7,2;10,4;0;0;0;0;0;0;0;0;0;0;0;0;0;0;7,8;0;0;0;0;0;0;0;0;5,6;;1;1;1;1;1;1;1;1;1;1;1;1;1;1;1;1;1;1;1;1;1;1;1;1;1;1;1;1;1;1;0;
02851021;2;1/7/1967;1;39,4;139,4;9;7;1;1;0;1629,5;1;0;0;0;0;3;0;0;21,4;39,4;32;4;0;0;0;0;0;0;0;0;20,2;19,4;0;0;0;0;0;0;0;0;0;0;1;1;1;1;1;1;1;1;1;1;1;1;1;1;1;1;1;1;1;1;1;1;1;1;1;1;1;1;1;1;1;
02851021;2;1/8/1967;1;40,2;134,4;23;8;1;1;0;1629,5;1;0;0;0;0;0;0;6;0;0;0;16,2;7,4;0;0;11,4;0;0;0;4;28,2;0;21;40,2;0;0;0;0;0;0;0;0;1;1;1;1;1;1;1;1;1;1;1;1;1;1;1;1;1;1;1;1;1;1;1;1;1;1;1;1;1;1;1;
02851021;2;1/9/1967;1;95,2;515,6;20;14;1;1;0;1629,5;1;54,2;27,8;14;50;7,4;4,2;0;0;37,8;0;0;30;24,2;0;0;0;0;75;72,4;95,2;8,4;0;15;0;0;0;0;0;0;0;;1;1;1;1;1;1;1;1;1;1;1;1;1;1;1;1;1;1;1;1;1;1;1;1;1;1;1;1;1;1;0;
02851021;2;1/10/1967;1;38,6;136,4;4;9;1;1;0;1629,5;1;0;0;5,2;38,6;5,2;0;0;0;12,2;0;0;6;0;0;0;5,4;25;0;36,4;0;2,4;0;0;0;0;0;0;0;0;0;0;1;1;1;1;1;1;1;1;1;1;1;1;1;1;1;1;1;1;1;1;1;1;1;1;1;1;1;1;1;1;1;
02851021;2;1/11/1967;1;25,2;115,4;28;6;1;1;0;1629,5;1;0;19,2;0;0;0;0;0;0;0;0;0;20;23;0;0;0;0;0;0;0;0;0;12;0;0;0;0;25,2;16;0;;1;1;1;1;1;1;1;1;1;1;1;1;1;1;1;1;1;1;1;1;1;1;1;1;1;1;1;1;1;1;0;
02851021;2;1/12/1967;1;59;110,4;3;4;1;1;0;1629,5;1;0;0;59;0;0;0;0;0;4;0;0;0;0;0;0;0;0;0;0;32,8;14,6;0;0;0;0;0;0;0;0;0;0;1;1;1;1;1;1;1;1;1;1;1;1;1;1;1;1;1;1;1;1;1;1;1;1;1;1;1;1;1;1;1;
02851021;2;1/1/1968;1;28,1;144;11;11;1;1;0;1258,3;1;0;20,4;0;0;0;0;0;0;0;0;28,1;4;6,7;8;22,2;0;0;0;0;0;21;0;0;0;0;13;12,6;6;0;2;0;1;1;1;1;1;1;1;1;1;1;1;1;1;1;1;1;1;1;1;1;1;1;1;1;1;1;1;1;1;1;1;
02851021;2;1/2/1968;1;60,6;128,2;8;4;1;1;0;1258,3;1;0;0;0;0;0;0;0;60,6;0;0;0;0;54,2;0;5;0;0;0;0;0;0;0;8,4;0;0;0;0;0;0;;;1;1;1;1;1;1;1;1;1;1;1;1;1;1;1;1;1;1;1;1;1;1;1;1;1;1;1;1;1;0;0;
02851021;2;1/3/1968;1;38;184,6;30;12;1;1;0;1258,3;1;0;0;0;0;0;0;14,2;0;0;0;36;0;0;0;0;9,4;0;0;0;0;15,2;12;2,4;0;0;29;13,6;7,4;3,2;38;4,2;1;1;1;1;1;1;1;1;1;1;1;1;1;1;1;1;1;1;1;1;1;1;1;1;1;1;1;1;1;1;1;
02851021;2;1/4/1968;1;41;94,8;28;6;1;1;0;1258,3;1;0;5;8,2;0;0;0;0;0;0;0;0;0;0;0;0;0;0;0;14;13,2;0;0;0;0;0;0;0;41;13,4;0;;1;1;1;1;1;1;1;1;1;1;1;1;1;1;1;1;1;1;1;1;1;1;1;1;1;1;1;1;1;1;0;
02851021;2;1/5/1968;1;14,2;27,4;29;4;1;1;0;1258,3;1;0;0;0;0;0;0;0;0;0;0;3;0;0;0;5,2;0;0;0;0;0;0;5;0;0;0;0;0;0;14,2;0;0;1;1;1;1;1;1;1;1;1;1;1;1;1;1;1;1;1;1;1;1;1;1;1;1;1;1;1;1;1;1;1;
02851021;2;1/6/1968;1;17;54,9;19;5;1;1;0;1258,3;1;0;0;0;0;0;13,2;13;7,5;0;0;0;0;0;0;0;0;0;0;17;0;0;0;0;4,2;0;0;0;0;0;0;;1;1;1;1;1;1;1;1;1;1;1;1;1;1;1;1;1;1;1;1;1;1;1;1;1;1;1;1;1;1;0;
02851021;2;1/7/1968;1;40;104,6;8;4;1;1;0;1258,3;1;0;0;0;0;22,6;0;0;40;36,2;0;0;0;0;0;0;0;0;0;0;0;5,8;0;0;0;0;0;0;0;0;0;0;1;1;1;1;1;1;1;1;1;1;1;1;1;1;1;1;1;1;1;1;1;1;1;1;1;1;1;1;1;1;1;
02851021;2;1/8/1968;1;4;6;8;2;1;1;0;1258,3;1;0;0;0;0;0;0;0;4;0;0;0;0;0;0;0;0;0;0;0;0;0;2;0;0;0;0;0;0;0;0;0;1;1;1;1;1;1;1;1;1;1;1;1;1;1;1;1;1;1;1;1;1;1;1;1;1;1;1;1;1;1;1;
02851021;2;1/9/1968;1;35,1;159,4;11;8;1;1;0;1258,3;1;0;0;0;0;0;0;0;0;0;0;35,1;25;20,4;15;16,2;0;0;0;0;20,2;0;0;0;0;0;0;13;0;14,5;0;;1;1;1;1;1;1;1;1;1;1;1;1;1;1;1;1;1;1;1;1;1;1;1;1;1;1;1;1;1;1;0;
02851021;2;1/10/1968;1;39;118,4;30;8;1;1;0;1258,3;1;0;0;0;0;0;0;0;17;0;0;0;8,4;0;0;0;0;0;2,4;8,2;0;0;0;0;0;0;17,2;19;0;0;39;7,2;1;1;1;1;1;1;1;1;1;1;1;1;1;1;1;1;1;1;1;1;1;1;1;1;1;1;1;1;1;1;1;
02851021;2;1/11/1968;1;49;169;10;7;1;1;0;1258,3;1;0;8;0;36;12;27;0;0;0;49;7;0;0;0;0;0;0;0;0;0;0;0;0;0;0;0;0;30;0;0;;1;1;1;1;1;1;1;1;1;1;1;1;1;1;1;1;1;1;1;1;1;1;1;1;1;1;1;1;1;1;0;
02851021;2;1/12/1968;1;29;67;16;5;1;1;0;1258,3;1;0;0;0;0;0;0;0;0;0;0;0;0;0;0;0;29;0;0;0;0;0;3;4;7;0;0;0;24;0;0;0;1;1;1;1;1;1;1;1;1;1;1;1;1;1;1;1;1;1;1;1;1;1;1;1;1;1;1;1;1;1;1;
02851021;2;1/1/1969;1;71;188,9;6;12;1;1;0;1296,3;1;0;10;7;6,8;15;71;0;0;0;33,6;0;0;0;0;17,2;2;0;0;0;0;0;0;0;0;0;7,2;9,1;0;7;0;3;1;1;1;1;1;1;1;1;1;1;1;1;1;1;1;1;1;1;1;1;1;1;1;1;1;1;1;1;1;1;1;
02851021;2;1/2/1969;1;73;241,5;9;11;1;1;0;1296,3;1;40;14,2;0;0;0;0;3;23,2;73;0;0;0;22;0;6,4;0;19;18,1;18,4;0;0;0;0;0;0;0;4,2;0;;;;1;1;1;1;1;1;1;1;1;1;1;1;1;1;1;1;1;1;1;1;1;1;1;1;1;1;1;1;0;0;0;
02851021;2;1/3/1969;1;58;164,2;21;7;1;1;0;1296,3;1;0;0;0;0;0;0;0;0;0;0;0;0;0;0;0;0;0;0;0;0;58;5,2;0;0;0;45;9,4;0;25;7,4;14,2;1;1;1;1;1;1;1;1;1;1;1;1;1;1;1;1;1;1;1;1;1;1;1;1;1;1;1;1;1;1;1;
02851021;2;1/4/1969;1;18;21;21;2;1;1;0;1296,3;1;0;0;0;0;0;0;0;0;0;0;0;0;0;0;0;0;0;0;0;0;18;0;0;0;0;0;0;3;0;0;;1;1;1;1;1;1;1;1;1;1;1;1;1;1;1;1;1;1;1;1;1;1;1;1;1;1;1;1;1;1;0;
02851021;2;1/5/1969;1;34;114,8;12;8;1;1;0;1296,3;1;0;0;17,2;4;0;0;0;0;0;0;0;34;0;0;0;0;0;0;0;3;0;0;0;16,2;0;15;0;0;0;10;15,4;1;1;1;1;1;1;1;1;1;1;1;1;1;1;1;1;1;1;1;1;1;1;1;1;1;1;1;1;1;1;1;
02851021;2;1/6/1969;1;45;85,4;14;6;1;1;0;1296,3;1;0;0;0;0;6;0;0;0;0;0;0;0;10,4;45;0;0;0;0;0;0;0;5,4;0;0;0;0;10,4;0;0;8,2;;1;1;1;1;1;1;1;1;1;1;1;1;1;1;1;1;1;1;1;1;1;1;1;1;1;1;1;1;1;1;0;
02851021;2;1/7/1969;1;13,1;50,3;8;5;1;1;0;1296,3;1;0;0;0;0;0;0;12,5;13,1;0;0;0;0;6;0;0;0;0;0;10,5;0;0;0;0;8,2;0;0;0;0;0;0;0;1;1;1;1;1;1;1;1;1;1;1;1;1;1;1;1;1;1;1;1;1;1;1;1;1;1;1;1;1;1;1;
02851021;2;1/8/1969;1;29;80,4;2;6;1;1;0;1296,3;1;0;29;0;0;0;26,2;0;0;0;0;0;0;7;0;0;0;6;0;0;0;0;0;0;0;7,2;0;5;0;0;0;0;1;1;1;1;1;1;1;1;1;1;1;1;1;1;1;1;1;1;1;1;1;1;1;1;1;1;1;1;1;1;1;
02851021;2;1/9/1969;1;48,2;150,8;7;8;1;1;0;1296,3;1;0;0;6;9,4;0;0;48,2;10,5;0;0;0;0;0;0;0;0;0;6,2;25;42,3;0;0;0;0;0;0;0;0;3,2;0;;1;1;1;1;1;1;1;1;1;1;1;1;1;1;1;1;1;1;1;1;1;1;1;1;1;1;1;1;1;1;0;
02851021;2;1/10/1969;1;12,2;38;22;5;1;1;0;1296,3;1;0;0;5,2;0;0;0;0;0;0;0;0;0;0;0;0;11,4;0;0;0;0;0;12,2;0;0;0;0;0;0;4,2;5;0;1;1;1;1;1;1;1;1;1;1;1;1;1;1;1;1;1;1;1;1;1;1;1;1;1;1;1;1;1;1;1;
02851021;2;1/11/1969;1;33;93;8;6;1;1;0;1296,3;1;0;4;0;0;0;0;22,8;33;14;0;0;0;0;0;0;0;0;0;0;5;0;0;0;0;0;0;0;0;14,2;0;;1;1;1;1;1;1;1;1;1;1;1;1;1;1;1;1;1;1;1;1;1;1;1;1;1;1;1;1;1;1;0;
02851021;2;1/12/1969;1;26,4;68;23;5;1;1;0;1296,3;1;0;0;0;0;0;0;0;0;0;4;0;3;0;0;0;0;0;0;0;0;0;25;26,4;0;0;0;0;0;0;0;9,6;1;1;1;1;1;1;1;1;1;1;1;1;1;1;1;1;1;1;1;1;1;1;1;1;1;1;1;1;1;1;1;
02851021;2;1/1/1970;1;59;200,2;21;8;1;1;0;1738,1;1;0;0;0;0;7,2;35;25;22,6;0;0;0;0;0;11,6;0;0;0;0;0;0;59;0;0;0;28,4;0;0;11,4;0;0;0;1;1;1;1;1;1;1;1;1;1;1;1;1;1;1;1;1;1;1;1;1;1;1;1;1;1;1;1;1;1;1;
02851021;2;1/2/1970;1;29;91,7;9;8;1;1;0;1738,1;1;0;0;0;8;5,2;10,6;17;12,4;29;0;0;0;0;0;0;0;0;7,4;2,1;0;0;0;0;0;0;0;0;0;;;;1;1;1;1;1;1;1;1;1;1;1;1;1;1;1;1;1;1;1;1;1;1;1;1;1;1;1;1;0;0;0;
02851021;2;1/3/1970;1;46,4;183,1;18;8;1;1;0;1738,1;1;0;0;0;0;0;0;0;0;0;23,5;13;18,4;0;0;0;2;43,4;46,4;0;0;0;29,4;0;0;0;0;0;0;0;0;7;1;1;1;1;1;1;1;1;1;1;1;1;1;1;1;1;1;1;1;1;1;1;1;1;1;1;1;1;1;1;1;
02851021;2;1/4/1970;1;24;42;1;2;1;1;0;1738,1;1;24;0;0;0;0;0;0;0;0;0;0;0;0;0;0;0;0;0;0;0;0;0;0;0;0;0;0;18;0;0;;1;1;1;1;1;1;1;1;1;1;1;1;1;1;1;1;1;1;1;1;1;1;1;1;1;1;1;1;1;1;0;
02851021;2;1/5/1970;1;45,2;180,2;5;9;1;1;0;1738,1;1;0;0;0;25;45,2;7,4;0;0;0;0;0;0;4,2;0;0;3,4;36;21;0;0;0;0;0;0;0;0;24,6;13,4;0;0;0;1;1;1;1;1;1;1;1;1;1;1;1;1;1;1;1;1;1;1;1;1;1;1;1;1;1;1;1;1;1;1;
02851021;2;1/6/1970;1;50;159,8;21;7;1;1;0;1738,1;1;0;0;0;0;4,2;42,2;0;0;0;0;0;0;8;0;0;0;0;10,2;0;0;50;17,6;0;0;0;0;0;0;0;27,6;;1;1;1;1;1;1;1;1;1;1;1;1;1;1;1;1;1;1;1;1;1;1;1;1;1;1;1;1;1;1;0;
02851021;2;1/7/1970;1;45;155,8;7;9;1;1;0;1738,1;1;32,4;7;0;0;0;0;45;11,2;0;0;0;0;0;0;0;0;0;0;0;0;0;8;3,4;0;0;0;10,4;0;25;13,4;0;1;1;1;1;1;1;1;1;1;1;1;1;1;1;1;1;1;1;1;1;1;1;1;1;1;1;1;1;1;1;1;
02851021;2;1/8/1970;1;30;123,6;6;6;1;1;0;1738,1;1;0;0;0;0;8;30;0;0;0;0;0;0;0;0;0;0;0;0;0;0;25;22,4;24;0;0;0;0;14,2;0;0;0;1;1;1;1;1;1;1;1;1;1;1;1;1;1;1;1;1;1;1;1;1;1;1;1;1;1;1;1;1;1;1;
02851021;2;1/9/1970;1;16;72;24;7;1;1;0;1738,1;1;0;0;0;0;0;14;8,6;0;0;0;0;0;0;11;0;0;0;0;0;0;10;0;0;16;0;0;6;0;6,4;0;;1;1;1;1;1;1;1;1;1;1;1;1;1;1;1;1;1;1;1;1;1;1;1;1;1;1;1;1;1;1;0;
02851021;2;1/10/1970;1;25;103,8;16;7;1;1;0;1738,1;1;0;0;19,4;24;6;0;0;0;0;0;0;0;0;0;0;25;13,4;0;0;0;0;12;0;0;0;0;4;0;0;0;0;1;1;1;1;1;1;1;1;1;1;1;1;1;1;1;1;1;1;1;1;1;1;1;1;1;1;1;1;1;1;1;
02851021;2;1/11/1970;1;27;48,8;2;5;1;1;0;1738,1;1;0;27;0;0;0;0;0;0;0;0;5;0;0;4,2;0;0;0;0;0;0;0;0;0;0;0;0;0;5;7,6;0;;1;1;1;1;1;1;1;1;1;1;1;1;1;1;1;1;1;1;1;1;1;1;1;1;1;1;1;1;1;1;0;
02851021;2;1/12/1970;1;45;377,1;26;14;1;1;0;1738,1;1;0;0;0;0;0;0;0;0;25;31,4;40;7,2;0;27,2;0;11;0;27;0;0;40;6,4;0;0;28;45;32,4;27;29,5;0;0;1;1;1;1;1;1;1;1;1;1;1;1;1;1;1;1;1;1;1;1;1;1;1;1;1;1;1;1;1;1;1;
02851021;2;1/1/1971;1;54;222,3;17;13;1;1;0;1616;1;20,4;10,2;0;0;18;0;0;13;8,4;9;0;4,2;13;0;0;0;54;4,5;9,2;0;0;0;0;0;0;0;0;0;33,4;25;0;1;1;1;1;1;1;1;1;1;1;1;1;1;1;1;1;1;1;1;1;1;1;1;1;1;1;1;1;1;1;1;
02851021;2;1/2/1971;1;43;173;10;6;1;1;0;1616;1;0;0;0;0;21,4;0;0;0;11,4;43;0;0;28,4;0;38,4;0;0;0;0;0;30,4;0;0;0;0;0;0;0;;;;1;1;1;1;1;1;1;1;1;1;1;1;1;1;1;1;1;1;1;1;1;1;1;1;1;1;1;1;0;0;0;
02851021;2;1/3/1971;1;74;152,6;17;8;1;1;0;1616;1;0;0;0;12;0;0;0;5,4;0;0;0;0;18;0;27,6;0;74;0;0;5;3,4;0;0;0;7,2;0;0;0;0;0;0;1;1;1;1;1;1;1;1;1;1;1;1;1;1;1;1;1;1;1;1;1;1;1;1;1;1;1;1;1;1;1;
02851021;2;1/4/1971;1;75;145,2;16;8;1;1;0;1616;1;0;0;0;5,3;5;0;13;0;0;0;8,4;0;0;0;0;75;0;0;0;0;24;0;0;0;0;0;0;7,4;0;7,1;;1;1;1;1;1;1;1;1;1;1;1;1;1;1;1;1;1;1;1;1;1;1;1;1;1;1;1;1;1;1;0;
02851021;2;1/5/1971;1;43,2;114;2;6;1;1;0;1616;1;0;43,2;0;0;40,3;3;8;0;0;0;0;0;0;0;0;15,2;0;0;0;0;0;0;0;0;4,3;0;0;0;0;0;0;1;1;1;1;1;1;1;1;1;1;1;1;1;1;1;1;1;1;1;1;1;1;1;1;1;1;1;1;1;1;1;
02851021;2;1/6/1971;1;52;211,7;28;12;1;1;0;1616;1;0;0;0;0;29;8,4;0;16;4;0;0;0;0;0;0;0;0;0;0;0;2,4;11,5;26;0;4;8,2;13;52;37,2;0;;1;1;1;1;1;1;1;1;1;1;1;1;1;1;1;1;1;1;1;1;1;1;1;1;1;1;1;1;1;1;0;
02851021;2;1/7/1971;1;15,6;69,6;1;8;1;1;0;1616;1;15,6;0;0;0;10,6;5,2;0;0;0;10;0;0;0;3;0;0;0;0;0;0;0;0;0;0;0;3;0;0;0;13;9,2;1;1;1;1;1;1;1;1;1;1;1;1;1;1;1;1;1;1;1;1;1;1;1;1;1;1;1;1;1;1;1;
02851021;2;1/8/1971;1;69,2;206,5;9;7;1;1;0;1616;1;0;0;0;0;16,3;12,2;17,8;0;69,2;0;0;0;54,8;13;0;0;0;0;0;0;0;0;0;23,2;0;0;0;0;0;0;0;1;1;1;1;1;1;1;1;1;1;1;1;1;1;1;1;1;1;1;1;1;1;1;1;1;1;1;1;1;1;1;
02851021;2;1/9/1971;1;41,2;83,2;27;5;1;1;0;1616;1;0;12,3;0;0;0;11,3;0;0;0;0;0;13,4;0;0;0;0;0;0;0;0;0;0;5;0;0;0;41,2;0;0;0;;1;1;1;1;1;1;1;1;1;1;1;1;1;1;1;1;1;1;1;1;1;1;1;1;1;1;1;1;1;1;0;
02851021;2;1/10/1971;1;18,2;45,3;11;5;1;1;0;1616;1;0;0;0;0;0;0;9,4;0;0;4,5;18,2;3;0;0;0;0;0;0;0;0;0;0;0;0;10,2;0;0;0;0;0;0;1;1;1;1;1;1;1;1;1;1;1;1;1;1;1;1;1;1;1;1;1;1;1;1;1;1;1;1;1;1;1;
02851021;2;1/11/1971;1;24;57;2;7;1;1;0;1616;1;0;24;4,2;16;0;0;0;0;0;3;0;0;0;0;0;0;0;2;0;0;0;0;0;0;0;4;0;0;0;3,8;;1;1;1;1;1;1;1;1;1;1;1;1;1;1;1;1;1;1;1;1;1;1;1;1;1;1;1;1;1;1;0;
02851021;2;1/12/1971;1;31;135,6;4;8;1;1;0;1616;1;5,2;0;0;31;0;0;0;0;0;0;0;11,2;22,3;15,3;0;0;0;18,4;4,2;0;0;28;0;0;0;0;0;0;0;0;0;1;1;1;1;1;1;1;1;1;1;1;1;1;1;1;1;1;1;1;1;1;1;1;1;1;1;1;1;1;1;1;
02851021;2;1/1/1972;1;35;173,8;21;10;1;1;0;2193,9;1;3,2;0;0;0;19;20,2;0;0;0;0;0;0;0;18,2;0;26,2;0;13;0;10;35;0;0;0;0;0;0;0;18;0;11;1;1;1;1;1;1;1;1;1;1;1;1;1;1;1;1;1;1;1;1;1;1;1;1;1;1;1;1;1;1;1;
02851021;2;1/2/1972;1;25;136,2;11;9;1;1;0;2193,9;1;0;15,3;0;0;0;0;0;0;0;16,2;25;11,3;9;0;0;0;13,2;17,4;14,3;0;0;0;14,5;0;0;0;0;0;0;;;1;1;1;1;1;1;1;1;1;1;1;1;1;1;1;1;1;1;1;1;1;1;1;1;1;1;1;1;1;0;0;
02851021;2;1/3/1972;1;29,3;103,5;26;6;1;1;0;2193,9;1;0;0;0;0;0;0;0;14,2;0;0;0;0;0;0;0;24,1;0;7,4;0;0;0;0;0;0;0;29,3;0;23,2;5,3;0;0;1;1;1;1;1;1;1;1;1;1;1;1;1;1;1;1;1;1;1;1;1;1;1;1;1;1;1;1;1;1;1;
02851021;2;1/4/1972;1;73,2;98,8;15;5;1;1;0;2193,9;1;0;0;11,3;8,2;0;0;0;0;0;0;0;0;3,2;0;73,2;0;0;0;0;0;0;0;0;0;0;0;2,9;0;0;0;;1;1;1;1;1;1;1;1;1;1;1;1;1;1;1;1;1;1;1;1;1;1;1;1;1;1;1;1;1;1;0;
02851021;2;1/5/1972;1;11,2;44;18;5;1;1;0;2193,9;1;0;0;0;0;0;0;0;0;0;9,2;0;0;0;0;0;0;0;11,2;0;0;0;6,2;8;0;0;0;0;0;0;9,4;0;1;1;1;1;1;1;1;1;1;1;1;1;1;1;1;1;1;1;1;1;1;1;1;1;1;1;1;1;1;1;1;
02851021;2;1/6/1972;1;80,4;265,8;8;14;1;1;0;2193,9;1;0;0;0;8,3;11,2;14,3;8,1;80,4;10;0;19,1;0;2;0;0;0;26,4;9,3;0;0;0;0;0;0;0;0;26,2;7,3;27;16,2;;1;1;1;1;1;1;1;1;1;1;1;1;1;1;1;1;1;1;1;1;1;1;1;1;1;1;1;1;1;1;0;
02851021;2;1/7/1972;1;56,3;153,9;19;7;1;1;0;2193,9;1;0;0;0;0;20,2;0;36,2;27,4;0;0;0;0;0;0;0;0;4,2;3,4;56,3;0;0;6,2;0;0;0;0;0;0;0;0;0;1;1;1;1;1;1;1;1;1;1;1;1;1;1;1;1;1;1;1;1;1;1;1;1;1;1;1;1;1;1;1;
02851021;2;1/8/1972;1;58,2;415,4;27;11;1;1;0;2193,9;1;0;0;50;38,2;0;0;0;0;0;0;22,4;41,2;6,4;0;0;0;0;0;0;0;42,3;34,2;0;0;41,3;37,1;58,2;44,1;0;0;0;1;1;1;1;1;1;1;1;1;1;1;1;1;1;1;1;1;1;1;1;1;1;1;1;1;1;1;1;1;1;1;
02851021;2;1/9/1972;1;68,3;272,3;6;8;1;1;0;2193,9;1;0;0;0;0;0;68,3;0;0;43,2;16,4;0;0;0;0;0;0;0;47,3;24,4;35,1;4,2;0;0;0;0;0;33,4;0;0;0;;1;1;1;1;1;1;1;1;1;1;1;1;1;1;1;1;1;1;1;1;1;1;1;1;1;1;1;1;1;1;0;
02851021;2;1/10/1972;1;42,3;132,7;15;7;1;1;0;2193,9;1;0;0;0;0;0;0;0;0;0;0;0;0;0;0;42,3;0;0;0;0;0;0;0;5;0;23,4;4,3;0;21,3;20,2;16,2;0;1;1;1;1;1;1;1;1;1;1;1;1;1;1;1;1;1;1;1;1;1;1;1;1;1;1;1;1;1;1;1;
02851021;2;1/11/1972;1;40,2;240,1;8;11;1;1;0;2193,9;1;0;0;0;0;0;0;0;40,2;0;0;29,3;0;24,3;21,4;24,3;24,3;0;25,2;0;0;0;0;0;0;12,4;7,3;0;0;6,4;25;;1;1;1;1;1;1;1;1;1;1;1;1;1;1;1;1;1;1;1;1;1;1;1;1;1;1;1;1;1;1;0;
02851021;2;1/12/1972;1;65,3;157,4;4;5;1;1;0;2193,9;1;28,3;7,4;26,2;65,3;0;0;0;0;0;0;30,2;0;0;0;0;0;0;0;0;0;0;0;0;0;0;0;0;0;0;0;0;1;1;1;1;1;1;1;1;1;1;1;1;1;1;1;1;1;1;1;1;1;1;1;1;1;1;1;1;1;1;1;
02851021;2;1/1/1973;1;88,2;177,8;8;6;1;1;0;1766,3;1;0;0;0;0;0;0;0;88,2;0;0;0;6,4;25,4;0;15,2;0;0;0;0;0;0;0;0;0;36,2;0;0;0;0;6,4;0;1;1;1;1;1;1;1;1;1;1;1;1;1;1;1;1;1;1;1;1;1;1;1;1;1;1;1;1;1;1;1;
02851021;2;1/2/1973;1;23,2;115,5;14;10;1;1;0;1766,3;1;0;0;0;12,1;0;0;0;0;16,4;0;0;11,3;5,4;23,2;9,2;0;0;5,2;0;14,3;0;14,3;4,1;0;0;0;0;0;;;;1;1;1;1;1;1;1;1;1;1;1;1;1;1;1;1;1;1;1;1;1;1;1;1;1;1;1;1;0;0;0;
02851021;2;1/3/1973;1;39,3;70,7;20;3;1;1;0;1766,3;1;0;0;6,4;0;0;0;0;25;0;0;0;0;0;0;0;0;0;0;0;39,3;0;0;0;0;0;0;0;0;0;0;0;1;1;1;1;1;1;1;1;1;1;1;1;1;1;1;1;1;1;1;1;1;1;1;1;1;1;1;1;1;1;1;
02851021;2;1/4/1973;1;39,4;112,1;26;5;1;1;0;1766,3;1;0;0;8;0;0;0;0;13,2;0;0;0;0;0;0;0;0;0;0;27,4;0;0;0;0;0;24,1;39,4;0;0;0;0;;1;1;1;1;1;1;1;1;1;1;1;1;1;1;1;1;1;1;1;1;1;1;1;1;1;1;1;1;1;1;0;
02851021;2;1/5/1973;1;43;144,8;2;6;1;1;0;1766,3;1;16,4;43;32,4;0;0;10,4;0;0;35,2;0;0;0;0;0;0;0;0;0;7,4;0;0;0;0;0;0;0;0;0;0;0;0;1;1;1;1;1;1;1;1;1;1;1;1;1;1;1;1;1;1;1;1;1;1;1;1;1;1;1;1;1;1;1;
02851021;2;1/6/1973;1;34,2;139,3;18;6;1;1;0;1766,3;1;0;0;0;0;0;0;29,1;0;4,2;0;0;0;0;0;0;0;0;34,2;0;0;0;0;30,1;28,3;13,4;0;0;0;0;0;;1;1;1;1;1;1;1;1;1;1;1;1;1;1;1;1;1;1;1;1;1;1;1;1;1;1;1;1;1;1;0;
02851021;2;1/7/1973;1;50,1;180,6;22;10;1;1;0;1766,3;1;10,2;25;0;0;0;0;0;3,4;0;0;0;0;0;0;30,5;10,2;13,4;0;0;0;25;50,1;9,4;0;0;0;3,4;0;0;0;0;1;1;1;1;1;1;1;1;1;1;1;1;1;1;1;1;1;1;1;1;1;1;1;1;1;1;1;1;1;1;1;
02851021;2;1/8/1973;1;54,2;226,7;26;10;1;1;0;1766,3;1;6,4;0;0;0;0;0;0;0;0;12,4;26,2;25;27,3;0;0;0;0;0;0;16,4;27,3;11,2;0;0;0;54,2;0;20,3;0;0;0;1;1;1;1;1;1;1;1;1;1;1;1;1;1;1;1;1;1;1;1;1;1;1;1;1;1;1;1;1;1;1;
02851021;2;1/9/1973;1;44,2;160,6;17;9;1;1;0;1766,3;1;0;0;0;0;0;2,4;0;0;0;18,3;0;0;8;0;9,4;10,4;44,2;23,4;38,1;0;0;0;0;0;0;0;0;0;6,4;0;;1;1;1;1;1;1;1;1;1;1;1;1;1;1;1;1;1;1;1;1;1;1;1;1;1;1;1;1;1;1;0;
02851021;2;1/10/1973;1;88,2;126,3;23;4;1;1;0;1766,3;1;0;0;0;0;0;3,4;0;0;0;16,4;18,3;0;0;0;0;0;0;0;0;0;0;0;88,2;0;0;0;0;0;0;0;0;1;1;1;1;1;1;1;1;1;1;1;1;1;1;1;1;1;1;1;1;1;1;1;1;1;1;1;1;1;1;1;
02851021;2;1/11/1973;1;36,4;69,6;1;5;1;1;0;1766,3;1;36,4;7,3;0;0;0;0;0;0;0;0;0;0;0;0;0;0;0;6,4;0;0;0;0;16,4;3,1;0;0;0;0;0;0;;1;1;1;1;1;1;1;1;1;1;1;1;1;1;1;1;1;1;1;1;1;1;1;1;1;1;1;1;1;1;0;
02851021;2;1/12/1973;1;53;242,3;2;11;1;1;0;1766,3;1;0;53;21,4;0;0;0;0;32,4;0;0;0;0;0;9,4;0;51,3;0;13,4;0;0;0;0;4,2;0;34,2;0;4,2;8,4;0;0;10,4;1;1;1;1;1;1;1;1;1;1;1;1;1;1;1;1;1;1;1;1;1;1;1;1;1;1;1;1;1;1;1;
02851021;2;1/1/1974;1;39,2;122,5;21;7;1;1;0;1280;1;8,4;0;0;0;0;0;0;21;0;0;8,4;0;0;0;0;0;0;0;0;0;39,2;0;0;0;4;27,3;14,2;0;0;0;0;1;1;1;1;1;1;1;1;1;1;1;1;1;1;1;1;1;1;1;1;1;1;1;1;1;1;1;1;1;1;1;
02851021;2;1/2/1974;1;39,3;194,9;20;13;1;1;0;1280;1;0;0;0;4,6;3,4;0;14,2;0;0;0;9,4;23,2;11,4;22;0;5,4;0;0;14,2;39,3;19,1;0;0;17,3;0;0;0;11,4;;;;1;1;1;1;1;1;1;1;1;1;1;1;1;1;1;1;1;1;1;1;1;1;1;1;1;1;1;1;0;0;0;
02851021;2;1/3/1974;1;34,4;101,4;24;7;1;1;0;1280;1;0;0;11,4;0;0;0;0;0;0;0;12,4;0;0;0;0;20,2;5,4;0;0;0;6,4;0;0;34,4;11,2;0;0;0;0;0;0;1;1;1;1;1;1;1;1;1;1;1;1;1;1;1;1;1;1;1;1;1;1;1;1;1;1;1;1;1;1;1;
02851021;2;1/4/1974;1;12,4;37,3;1;4;1;1;0;1280;1;12,4;0;0;0;0;0;0;0;0;0;9,4;0;0;0;0;0;0;0;0;0;0;6,1;0;0;0;9,4;0;0;0;0;;1;1;1;1;1;1;1;1;1;1;1;1;1;1;1;1;1;1;1;1;1;1;1;1;1;1;1;1;1;1;0;
02851021;2;1/5/1974;1;63,1;107,3;18;5;1;1;0;1280;1;4,3;0;0;0;0;0;0;9,4;0;0;0;0;0;0;0;0;0;63,1;6,4;0;0;0;0;0;0;24,1;0;0;0;0;0;1;1;1;1;1;1;1;1;1;1;1;1;1;1;1;1;1;1;1;1;1;1;1;1;1;1;1;1;1;1;1;
02851021;2;1/6/1974;1;49,2;164,6;8;7;1;1;0;1280;1;0;0;0;0;0;0;10,4;49,2;0;39;0;0;0;0;0;17,4;20,2;8;0;0;20,4;0;0;0;0;0;0;0;0;0;;1;1;1;1;1;1;1;1;1;1;1;1;1;1;1;1;1;1;1;1;1;1;1;1;1;1;1;1;1;1;0;
02851021;2;1/7/1974;1;28,1;42,3;19;4;1;1;0;1280;1;0;0;0;0;0;0;0;0;0;0;0;0;0;0;0;5,4;3,4;0;28,1;0;0;0;0;5,4;0;0;0;0;0;0;0;1;1;1;1;1;1;1;1;1;1;1;1;1;1;1;1;1;1;1;1;1;1;1;1;1;1;1;1;1;1;1;
02851021;2;1/8/1974;1;41;83,1;28;5;1;1;0;1280;1;0;0;0;0;7,4;0;0;0;0;0;0;0;0;0;0;0;0;0;0;0;0;0;0;0;11,2;0;0;41;0;4,1;19,4;1;1;1;1;1;1;1;1;1;1;1;1;1;1;1;1;1;1;1;1;1;1;1;1;1;1;1;1;1;1;1;
02851021;2;1/9/1974;1;24,1;24,1;26;1;1;1;0;1280;1;0;0;0;0;0;0;0;0;0;0;0;0;0;0;0;0;0;0;0;0;0;0;0;0;0;24,1;0;0;0;0;;1;1;1;1;1;1;1;1;1;1;1;1;1;1;1;1;1;1;1;1;1;1;1;1;1;1;1;1;1;1;0;
02851021;2;1/10/1974;1;35,3;101,1;26;5;1;1;0;1280;1;0;0;0;0;8,4;0;3,4;0;0;0;0;0;0;0;0;0;21;0;0;0;0;0;0;33;0;35,3;0;0;0;0;0;1;1;1;1;1;1;1;1;1;1;1;1;1;1;1;1;1;1;1;1;1;1;1;1;1;1;1;1;1;1;1;
02851021;2;1/11/1974;1;87,2;149,3;6;6;1;1;0;1280;1;0;0;0;0;0;87,2;0;0;0;0;0;0;19,1;0;0;0;0;0;0;22,4;10,1;6,4;0;0;0;4,1;0;0;0;0;;1;1;1;1;1;1;1;1;1;1;1;1;1;1;1;1;1;1;1;1;1;1;1;1;1;1;1;1;1;1;0;
02851021;2;1/12/1974;1;58,4;152,1;2;6;1;1;0;1280;1;51;58,4;0;0;0;0;0;0;0;0;0;0;7,4;0;0;0;0;0;0;0;0;0;5,2;6;0;0;0;24,1;0;0;0;1;1;1;1;1;1;1;1;1;1;1;1;1;1;1;1;1;1;1;1;1;1;1;1;1;1;1;1;1;1;1;
02851021;2;1/1/1975;1;27;81,3;8;6;1;1;0;1317,3;2;0;0;0;0;0;12,4;8,2;27;0;19,1;0;0;0;0;0;0;3,2;0;0;0;0;0;0;0;0;0;11,4;0;0;0;0;1;1;1;1;1;1;1;1;1;1;1;1;1;1;1;1;1;1;1;1;1;1;1;1;1;1;1;1;1;1;1;
02851021;2;1/2/1975;1;50,1;119,9;7;6;1;1;0;1317,3;2;8,2;15,4;0;0;0;0;50,1;0;0;0;0;0;0;0;0;0;5;25;0;0;16,2;0;0;0;0;0;0;0;;;;1;1;1;1;1;1;1;1;1;1;1;1;1;1;1;1;1;1;1;1;1;1;1;1;1;1;1;1;0;0;0;
02851021;2;1/3/1975;1;71;179,1;30;9;1;1;0;1317,3;2;0;0;0;0;0;14,2;5,1;27;0;0;17,2;0;0;0;15,2;0;0;0;0;20,2;0;0;4,2;0;0;0;0;0;5;71;0;1;1;1;1;1;1;1;1;1;1;1;1;1;1;1;1;1;1;1;1;1;1;1;1;1;1;1;1;1;1;1;
02851021;2;1/4/1975;1;18,2;33,8;15;4;1;1;0;1317,3;2;0;0;0;0;0;0;0;0;0;0;0;0;0;0;18,2;0;0;0;0;0;0;5,2;8,1;0;0;0;0;2,3;0;0;;1;1;1;1;1;1;1;1;1;1;1;1;1;1;1;1;1;1;1;1;1;1;1;1;1;1;1;1;1;1;0;
02851021;2;1/5/1975;1;28;68;30;5;1;1;0;1317,3;2;0;0;0;16;0;0;0;0;0;0;0;0;0;8,4;10,4;0;0;5,2;0;0;0;0;0;0;0;0;0;0;0;28;0;1;1;1;1;1;1;1;1;1;1;1;1;1;1;1;1;1;1;1;1;1;1;1;1;1;1;1;1;1;1;1;
02851021;2;1/6/1975;1;37,1;101,6;22;5;1;1;0;1317,3;2;0;12,4;0;0;26;0;0;0;0;0;0;11;15,1;0;0;0;0;0;0;0;0;37,1;0;0;0;0;0;0;0;0;;1;1;1;1;1;1;1;1;1;1;1;1;1;1;1;1;1;1;1;1;1;1;1;1;1;1;1;1;1;1;0;
02851021;2;1/7/1975;1;23;60,5;6;5;1;1;0;1317,3;2;0;0;0;0;0;23;0;0;0;0;0;0;4,1;0;0;19;0;0;0;0;0;0;0;6;0;0;0;0;8,4;0;0;1;1;1;1;1;1;1;1;1;1;1;1;1;1;1;1;1;1;1;1;1;1;1;1;1;1;1;1;1;1;1;
02851021;2;1/8/1975;1;47;187,6;10;7;1;1;0;1317,3;2;0;0;0;12,4;24;0;0;0;38;47;0;0;0;25;0;0;18,2;0;0;0;0;0;0;0;0;23;0;0;0;0;0;1;1;1;1;1;1;1;1;1;1;1;1;1;1;1;1;1;1;1;1;1;1;1;1;1;1;1;1;1;1;1;
02851021;2;1/9/1975;1;48;182,8;10;9;1;1;0;1317,3;2;24;0;0;0;0;0;21;0;0;48;0;0;0;25;0;0;0;0;0;10;15,7;4;0;0;0;0;11,1;0;0;24;;1;1;1;1;1;1;1;1;1;1;1;1;1;1;1;1;1;1;1;1;1;1;1;1;1;1;1;1;1;1;0;
02851021;2;1/10/1975;1;46;129;29;6;1;1;0;1317,3;2;0;17;0;0;0;21;0;0;0;18;0;0;0;19;0;0;0;0;0;0;0;0;0;0;0;0;0;0;46;8;0;1;1;1;1;1;1;1;1;1;1;1;1;1;1;1;1;1;1;1;1;1;1;1;1;1;1;1;1;1;1;1;
02851021;2;1/11/1975;1;50;103,7;17;4;2;2;0;1317,3;2;0;0;0;0;0;0;0;0;0;0;0;0;0;0;0;0;50;0;0;0;31,4;0;0;4,3;0;0;0;0;18;0;;1;1;1;1;1;1;1;1;1;1;1;1;1;1;1;1;2;1;1;1;1;1;1;1;1;1;1;1;2;1;0;
02851021;2;1/12/1975;1;50;70;9;3;1;1;0;1317,3;2;0;0;0;0;0;0;0;0;50;0;0;0;10;0;0;0;0;0;10;0;0;0;0;0;0;0;0;0;0;0;0;1;1;1;1;1;1;1;1;1;1;1;1;1;1;1;1;1;1;1;1;1;1;1;1;1;1;1;1;1;1;1;
02851021;2;1/1/1976;1;29;125;9;7;1;1;0;1449,4;1;0;15;0;0;0;8;0;0;29;0;24;0;16;0;0;0;0;0;28;5;0;0;0;0;0;0;0;0;0;0;0;1;1;1;1;1;1;1;1;1;1;1;1;1;1;1;1;1;1;1;1;1;1;1;1;1;1;1;1;1;1;1;
02851021;2;1/2/1976;1;26;120;2;7;1;1;0;1449,4;1;0;26;0;0;0;0;0;0;0;0;0;0;16;0;14;0;0;0;23;12;25;0;0;0;4;0;0;0;0;;;1;1;1;1;1;1;1;1;1;1;1;1;1;1;1;1;1;1;1;1;1;1;1;1;1;1;1;1;1;0;0;
02851021;2;1/3/1976;1;28;112,2;6;7;1;1;0;1449,4;1;0;0;0;0;0;28;0;0;0;0;15,2;0;1,4;0;0;16,4;13,2;20,4;0;0;0;0;0;0;0;0;17,6;0;0;0;0;1;1;1;1;1;1;1;1;1;1;1;1;1;1;1;1;1;1;1;1;1;1;1;1;1;1;1;1;1;1;1;
02851021;2;1/4/1976;1;38,4;57,2;6;4;1;1;0;1449,4;1;0;0;0;0;0;38,4;0;0;5,2;0;0;0;0;0;0;0;0;0;0;11,6;0;0;0;0;0;0;0;0;0;2;;1;1;1;1;1;1;1;1;1;1;1;1;1;1;1;1;1;1;1;1;1;1;1;1;1;1;1;1;1;1;0;
02851021;2;1/5/1976;1;69,4;160,2;29;8;1;1;0;1449,4;1;0;0;0;0;0;0;0;15,4;0;0;12,2;0;5,6;0;0;0;0;12,4;0;8,2;0;16,4;0;0;20,6;0;0;0;69,4;0;0;1;1;1;1;1;1;1;1;1;1;1;1;1;1;1;1;1;1;1;1;1;1;1;1;1;1;1;1;1;1;1;
02851021;2;1/6/1976;1;34,2;68,2;27;4;1;1;0;1449,4;1;0;0;0;0;0;0;12,2;0;0;0;0;0;0;0;0;0;8,4;0;0;0;0;0;0;0;0;13,4;34,2;0;0;0;;1;1;1;1;1;1;1;1;1;1;1;1;1;1;1;1;1;1;1;1;1;1;1;1;1;1;1;1;1;1;0;
02851021;2;1/7/1976;1;23,2;100,8;14;7;1;1;0;1449,4;1;0;0;0;0;0;0;0;10,6;0;0;0;0;9,4;23,2;6,6;0;0;0;0;0;0;0;0;0;0;18,4;0;0;0;10,2;22,4;1;1;1;1;1;1;1;1;1;1;1;1;1;1;1;1;1;1;1;1;1;1;1;1;1;1;1;1;1;1;1;
02851021;2;1/8/1976;1;71,2;180;9;4;1;1;0;1449,4;1;0;0;0;14,2;48,4;0;0;0;71,2;0;0;0;0;0;0;0;0;0;46,2;0;0;0;0;0;0;0;0;0;0;0;0;1;1;1;1;1;1;1;1;1;1;1;1;1;1;1;1;1;1;1;1;1;1;1;1;1;1;1;1;1;1;1;
02851021;2;1/9/1976;1;24,2;56,8;4;4;1;1;0;1449,4;1;0;0;0;24,2;0;10,4;8,2;0;0;0;0;0;14;0;0;0;0;0;0;0;0;0;0;0;0;0;0;0;0;0;;1;1;1;1;1;1;1;1;1;1;1;1;1;1;1;1;1;1;1;1;1;1;1;1;1;1;1;1;1;1;0;
02851021;2;1/10/1976;1;48,2;217,8;16;8;1;1;0;1449,4;1;27,4;0;0;0;30,2;0;0;0;20,4;0;0;0;0;0;0;48,2;0;0;28;0;0;0;0;28;0;6,4;0;0;0;0;29,2;1;1;1;1;1;1;1;1;1;1;1;1;1;1;1;1;1;1;1;1;1;1;1;1;1;1;1;1;1;1;1;
02851021;2;1/11/1976;1;28,4;102,4;30;4;1;1;0;1449,4;1;0;0;0;0;0;26,2;0;0;0;0;0;0;0;0;0;0;0;0;0;0;26,2;0;0;0;0;0;21,6;0;0;28,4;;1;1;1;1;1;1;1;1;1;1;1;1;1;1;1;1;1;1;1;1;1;1;1;1;1;1;1;1;1;1;0;
02851021;2;1/12/1976;1;44,6;148,8;1;6;1;1;0;1449,4;1;44,6;0;0;0;0;0;0;30,4;0;0;0;0;0;0;12,6;28,2;0;0;0;23,4;0;0;9,6;0;0;0;0;0;0;0;0;1;1;1;1;1;1;1;1;1;1;1;1;1;1;1;1;1;1;1;1;1;1;1;1;1;1;1;1;1;1;1;
02851021;2;1/1/1977;1;43,2;197,4;3;11;1;1;0;1351,5;2;0;37,2;43,2;22,4;0;0;0;0;0;9,4;10,2;0;0;12,4;0;8,4;15,2;13,6;11,2;0;0;0;14,2;0;0;0;0;0;0;0;0;1;1;1;1;1;1;1;1;1;1;1;1;1;1;1;1;1;1;1;1;1;1;1;1;1;1;1;1;1;1;1;
02851021;2;1/2/1977;1;50;158,2;12;6;2;2;0;1351,5;2;0;30;0;0;10;0;0;0;0;0;0;50;0;0;0;0;0;0;40;0;0;0;13,6;0;0;0;14,6;0;;;;1;1;1;1;1;1;1;1;1;1;1;2;1;1;1;1;1;1;2;1;1;1;1;1;1;1;1;1;0;0;0;
02851021;2;1/3/1977;1;35;123,8;28;7;1;1;0;1351,5;2;14,6;0;0;0;0;0;0;0;0;0;0;0;0;8;0;11,2;0;0;0;0;9,4;0;0;0;0;0;0;35;24,2;0;21,4;1;1;1;1;1;1;1;1;1;1;1;1;1;1;1;1;1;1;1;1;1;1;1;1;1;1;1;1;1;1;1;
02851021;2;1/4/1977;1;11,2;29,8;10;3;1;1;0;1351,5;2;0;0;0;0;0;0;0;0;0;11,2;0;0;0;0;0;0;0;10,4;0;0;8,2;0;0;0;0;0;0;0;0;0;;1;1;1;1;1;1;1;1;1;1;1;1;1;1;1;1;1;1;1;1;1;1;1;1;1;1;1;1;1;1;0;
02851021;2;1/5/1977;1;20,4;47,8;27;3;1;1;0;1351,5;2;0;0;0;0;0;0;0;0;0;0;16,4;0;0;0;0;0;11;0;0;0;0;0;0;0;0;0;20,4;0;0;0;0;1;1;1;1;1;1;1;1;1;1;1;1;1;1;1;1;1;1;1;1;1;1;1;1;1;1;1;1;1;1;1;
02851021;2;1/6/1977;1;24,2;80,1;20;6;1;1;0;1351,5;2;0;0;0;0;0;0;0;0;0;0;0;0;0;0;0;18,4;0;0;11;24,2;0;14,1;8,2;0;0;0;4,2;0;0;0;;1;1;1;1;1;1;1;1;1;1;1;1;1;1;1;1;1;1;1;1;1;1;1;1;1;1;1;1;1;1;0;
02851021;2;1/7/1977;1;30,4;120,6;28;6;1;1;0;1351,5;2;0;0;0;0;0;0;0;0;16,2;0;0;0;0;0;24,2;0;0;0;0;0;19,4;11,2;0;0;0;0;0;30,4;19,2;0;0;1;1;1;1;1;1;1;1;1;1;1;1;1;1;1;1;1;1;1;1;1;1;1;1;1;1;1;1;1;1;1;
02851021;2;1/8/1977;1;85,4;252;17;8;1;1;0;1351,5;2;0;75,2;0;0;0;0;0;0;0;0;0;0;18,2;0;0;26;85,4;14,2;0;0;0;0;0;0;0;14,4;0;0;0;10,4;8,2;1;1;1;1;1;1;1;1;1;1;1;1;1;1;1;1;1;1;1;1;1;1;1;1;1;1;1;1;1;1;1;
02851021;2;1/9/1977;1;20,4;48,8;16;3;1;1;0;1351,5;2;0;0;0;0;0;20,2;0;0;0;0;0;0;0;0;0;20,4;0;8,2;0;0;0;0;0;0;0;0;0;0;0;0;;1;1;1;1;1;1;1;1;1;1;1;1;1;1;1;1;1;1;1;1;1;1;1;1;1;1;1;1;1;1;0;
02851021;2;1/10/1977;1;24,2;66,2;16;4;1;1;0;1351,5;2;0;0;0;0;0;0;0;0;0;0;10,4;0;0;0;0;24,2;0;0;0;0;0;0;0;0;7,4;24,2;0;0;0;0;0;1;1;1;1;1;1;1;1;1;1;1;1;1;1;1;1;1;1;1;1;1;1;1;1;1;1;1;1;1;1;1;
02851021;2;1/11/1977;1;40,4;122,4;24;6;1;1;0;1351,5;2;28,4;0;0;0;0;0;0;0;0;0;14;0;0;0;0;0;0;0;0;0;10;17,2;0;40,4;0;0;0;12,4;0;0;;1;1;1;1;1;1;1;1;1;1;1;1;1;1;1;1;1;1;1;1;1;1;1;1;1;1;1;1;1;1;0;
02851021;2;1/12/1977;1;46,2;104,4;7;5;1;1;0;1351,5;2;0;0;0;10,2;5,4;0;46,2;0;0;0;0;0;0;0;0;0;0;0;0;0;0;34,2;8,4;0;0;0;0;0;0;0;0;1;1;1;1;1;1;1;1;1;1;1;1;1;1;1;1;1;1;1;1;1;1;1;1;1;1;1;1;1;1;1;
02851021;2;1/1/1978;1;35,2;218,3;19;11;1;1;0;1416,4;1;26,2;0;0;0;0;0;8,4;0;4,6;0;0;0;0;0;24,2;0;0;0;35,2;24,1;25,4;34,2;5,4;0;8,2;22,4;0;0;0;0;0;1;1;1;1;1;1;1;1;1;1;1;1;1;1;1;1;1;1;1;1;1;1;1;1;1;1;1;1;1;1;1;
02851021;2;1/2/1978;1;14,8;25,2;13;2;1;1;0;1416,4;1;0;0;0;0;0;0;0;0;10,4;0;0;0;14,8;0;0;0;0;0;0;0;0;0;0;0;0;0;0;0;;;;1;1;1;1;1;1;1;1;1;1;1;1;1;1;1;1;1;1;1;1;1;1;1;1;1;1;1;1;0;0;0;
02851021;2;1/3/1978;1;68,2;167,2;21;4;1;1;0;1416,4;1;0;42,4;0;0;0;0;0;0;0;0;0;20,2;0;0;0;0;0;0;0;0;68,2;0;0;0;0;0;36,4;0;0;0;0;1;1;1;1;1;1;1;1;1;1;1;1;1;1;1;1;1;1;1;1;1;1;1;1;1;1;1;1;1;1;1;
02851021;2;1/4/1978;1;14;14;10;1;1;1;0;1416,4;1;0;0;0;0;0;0;0;0;0;14;0;0;0;0;0;0;0;0;0;0;0;0;0;0;0;0;0;0;0;0;;1;1;1;1;1;1;1;1;1;1;1;1;1;1;1;1;1;1;1;1;1;1;1;1;1;1;1;1;1;1;0;
02851021;2;1/5/1978;1;38,4;82,1;1;3;1;1;0;1416,4;1;38,4;0;0;0;0;0;0;0;0;0;0;0;0;0;0;0;25,3;0;0;18,4;0;0;0;0;0;0;0;0;0;0;0;1;1;1;1;1;1;1;1;1;1;1;1;1;1;1;1;1;1;1;1;1;1;1;1;1;1;1;1;1;1;1;
02851021;2;1/6/1978;1;24,2;69,5;8;5;1;1;0;1416,4;1;0;0;0;0;0;0;0;24,2;0;0;0;14;0;0;0;0;0;8,4;0;0;0;0;0;0;0;18,8;0;0;0;4,1;;1;1;1;1;1;1;1;1;1;1;1;1;1;1;1;1;1;1;1;1;1;1;1;1;1;1;1;1;1;1;0;
02851021;2;1/7/1978;1;66,2;196,9;22;8;1;1;0;1416,4;1;0;0;9,4;0;0;0;0;0;0;0;0;0;0;0;8,2;0;0;15,4;0;28,4;25;66,2;0;0;0;0;20,2;0;0;24,1;0;1;1;1;1;1;1;1;1;1;1;1;1;1;1;1;1;1;1;1;1;1;1;1;1;1;1;1;1;1;1;1;
02851021;2;1/8/1978;1;28,3;98,5;13;6;1;1;0;1416,4;1;0;0;0;0;0;0;0;0;0;0;8,4;20,2;28,3;0;0;0;0;18,2;22,4;0;0;0;1;0;0;0;0;0;0;0;0;1;1;1;1;1;1;1;1;1;1;1;1;1;1;1;1;1;1;1;1;1;1;1;1;1;1;1;1;1;1;1;
02851021;2;1/9/1978;1;32,4;132,3;8;6;1;1;0;1416,4;1;10,4;0;19,2;20,1;0;0;0;32,4;0;0;0;0;26,2;24;0;0;0;0;0;0;0;0;0;0;0;0;0;0;0;0;;1;1;1;1;1;1;1;1;1;1;1;1;1;1;1;1;1;1;1;1;1;1;1;1;1;1;1;1;1;1;0;
02851021;2;1/10/1978;1;28,4;183,2;11;9;1;1;0;1416,4;1;0;0;0;23,2;12,1;0;0;0;0;0;28,4;0;0;26,2;10,1;0;0;0;11,2;17,4;0;0;0;0;28,2;0;0;0;0;0;26,4;1;1;1;1;1;1;1;1;1;1;1;1;1;1;1;1;1;1;1;1;1;1;1;1;1;1;1;1;1;1;1;
02851021;2;1/11/1978;1;26,1;99,7;25;7;1;1;0;1416,4;1;0;0;0;0;0;0;0;0;0;8,2;0;0;0;0;0;0;0;10,4;16,2;20;0;10,4;0;0;26,1;0;8,4;0;0;0;;1;1;1;1;1;1;1;1;1;1;1;1;1;1;1;1;1;1;1;1;1;1;1;1;1;1;1;1;1;1;0;
02851021;2;1/12/1978;1;28,2;129,5;26;7;1;1;0;1416,4;1;0;0;0;16,4;0;10,4;0;0;19,6;0;0;0;0;12,1;0;22,4;0;20,4;0;0;0;0;0;0;0;28,2;0;0;0;0;0;1;1;1;1;1;1;1;1;1;1;1;1;1;1;1;1;1;1;1;1;1;1;1;1;1;1;1;1;1;1;1;
02851021;2;1/1/1979;1;18,2;42;27;3;1;1;0;1383,4;1;0;11,4;0;0;0;0;0;0;0;0;0;0;0;0;0;0;0;0;0;0;0;0;0;0;0;12,4;18,2;0;0;0;0;1;1;1;1;1;1;1;1;1;1;1;1;1;1;1;1;1;1;1;1;1;1;1;1;1;1;1;1;1;1;1;
02851021;2;1/2/1979;1;35,2;96;13;6;1;1;0;1383,4;1;0;0;0;0;0;0;0;10;0;0;0;0;35,2;0;0;0;0;13,4;0;0;0;0;0;12,2;16,1;0;0;9,1;;;;1;1;1;1;1;1;1;1;1;1;1;1;1;1;1;1;1;1;1;1;1;1;1;1;1;1;1;1;0;0;0;
02851021;2;1/3/1979;1;20,2;55,8;31;4;1;1;0;1383,4;1;0;0;0;0;0;0;0;0;11,4;0;14;10,2;0;0;0;0;0;0;0;0;0;0;0;0;0;0;0;0;0;0;20,2;1;1;1;1;1;1;1;1;1;1;1;1;1;1;1;1;1;1;1;1;1;1;1;1;1;1;1;1;1;1;1;
02851021;2;1/4/1979;1;28;113,1;19;7;1;1;0;1383,4;1;0;0;8,4;7,2;0;0;0;0;0;14;0;0;10,1;0;0;0;26,2;0;28;0;0;0;19,2;0;0;0;0;0;0;0;;1;1;1;1;1;1;1;1;1;1;1;1;1;1;1;1;1;1;1;1;1;1;1;1;1;1;1;1;1;1;0;
02851021;2;1/5/1979;1;42,1;201;8;9;1;1;0;1383,4;1;11,1;0;0;32,2;8;0;0;42,1;10,2;0;0;0;0;0;0;0;0;0;26,2;0;0;0;42;0;0;0;0;21,2;0;8;0;1;1;1;1;1;1;1;1;1;1;1;1;1;1;1;1;1;1;1;1;1;1;1;1;1;1;1;1;1;1;1;
02851021;2;1/6/1979;1;28,2;62,7;8;4;1;1;0;1383,4;1;0;8,4;0;12,1;0;0;0;28,2;0;0;0;0;0;0;0;0;0;0;0;0;14;0;0;0;0;0;0;0;0;0;;1;1;1;1;1;1;1;1;1;1;1;1;1;1;1;1;1;1;1;1;1;1;1;1;1;1;1;1;1;1;0;
02851021;2;1/7/1979;1;38,2;168,2;7;7;1;1;0;1383,4;1;0;8,4;26;0;22;0;38,2;26,4;0;0;0;0;0;0;21;0;0;0;26,2;0;0;0;0;0;0;0;0;0;0;0;0;1;1;1;1;1;1;1;1;1;1;1;1;1;1;1;1;1;1;1;1;1;1;1;1;1;1;1;1;1;1;1;
02851021;2;1/8/1979;1;21;51,8;5;4;1;1;0;1383,4;1;0;0;0;0;21;4,2;8,2;0;0;0;0;0;0;0;0;18,4;0;0;0;0;0;0;0;0;0;0;0;0;0;0;0;1;1;1;1;1;1;1;1;1;1;1;1;1;1;1;1;1;1;1;1;1;1;1;1;1;1;1;1;1;1;1;
02851021;2;1/9/1979;1;23,2;64,8;30;5;1;1;0;1383,4;1;0;0;8,4;0;0;0;0;0;0;3,1;0;0;0;0;0;0;0;0;0;0;0;0;0;0;14,1;16;0;0;0;23,2;;1;1;1;1;1;1;1;1;1;1;1;1;1;1;1;1;1;1;1;1;1;1;1;1;1;1;1;1;1;1;0;
02851021;2;1/10/1979;1;28,2;139,5;8;7;1;1;0;1383,4;1;26;0;11;0;0;0;0;28,2;0;0;0;0;0;0;16,2;0;0;0;0;0;0;0;16;0;22,1;0;0;20;0;0;0;1;1;1;1;1;1;1;1;1;1;1;1;1;1;1;1;1;1;1;1;1;1;1;1;1;1;1;1;1;1;1;
02851021;2;1/11/1979;1;75,4;175,4;8;7;1;1;0;1383,4;1;0;0;0;0;0;0;0;75,4;8,2;0;0;0;0;0;0;0;34;9,1;0;14,2;0;0;26,1;0;8,4;0;0;0;0;0;;1;1;1;1;1;1;1;1;1;1;1;1;1;1;1;1;1;1;1;1;1;1;1;1;1;1;1;1;1;1;0;
02851021;2;1/12/1979;1;36,1;213,1;4;10;1;1;0;1383,4;1;0;21;12,2;36,1;0;16;0;24,2;0;19;0;24;18,2;26;16,4;0;0;0;0;0;0;0;0;0;0;0;0;0;0;0;0;1;1;1;1;1;1;1;1;1;1;1;1;1;1;1;1;1;1;1;1;1;1;1;1;1;1;1;1;1;1;1;
02851021;2;1/1/1980;1;26;52,1;31;3;1;1;0;1346,4;1;0;0;0;0;0;0;14,1;0;0;0;0;0;0;0;0;0;12;0;0;0;0;0;0;0;0;0;0;0;0;0;26;1;1;1;1;1;1;1;1;1;1;1;1;1;1;1;1;1;1;1;1;1;1;1;1;1;1;1;1;1;1;1;
02851021;2;1/2/1980;1;41,1;124,5;23;6;1;1;0;1346,4;1;12,1;0;0;0;0;0;0;0;0;0;24,1;0;0;0;0;26;0;9;0;0;0;0;41,1;0;0;12,2;0;0;0;;;1;1;1;1;1;1;1;1;1;1;1;1;1;1;1;1;1;1;1;1;1;1;1;1;1;1;1;1;1;0;0;
02851021;2;1/3/1980;1;11;29,1;11;3;1;1;0;1346,4;1;0;0;0;8;0;0;0;10,1;0;0;11;0;0;0;0;0;0;0;0;0;0;0;0;0;0;0;0;0;0;0;0;1;1;1;1;1;1;1;1;1;1;1;1;1;1;1;1;1;1;1;1;1;1;1;1;1;1;1;1;1;1;1;
02851021;2;1/4/1980;1;32,1;58,1;13;2;1;1;0;1346,4;1;0;0;0;0;0;0;0;0;0;0;0;26;32,1;0;0;0;0;0;0;0;0;0;0;0;0;0;0;0;0;0;;1;1;1;1;1;1;1;1;1;1;1;1;1;1;1;1;1;1;1;1;1;1;1;1;1;1;1;1;1;1;0;
02851021;2;1/5/1980;1;42,1;135;2;8;1;1;0;1346,4;1;0;42,1;0;0;0;8,4;0;24,2;26,1;11;0;0;0;0;0;4,1;0;0;0;8;0;11,1;0;0;0;0;0;0;0;0;0;1;1;1;1;1;1;1;1;1;1;1;1;1;1;1;1;1;1;1;1;1;1;1;1;1;1;1;1;1;1;1;
02851021;2;1/6/1980;1;16,4;50,7;25;4;1;1;0;1346,4;1;0;0;0;0;0;0;0;0;0;0;0;0;0;0;0;0;0;0;0;9;0;0;0;0;16,4;11,1;0;0;0;14,2;;1;1;1;1;1;1;1;1;1;1;1;1;1;1;1;1;1;1;1;1;1;1;1;1;1;1;1;1;1;1;0;
02851021;2;1/7/1980;1;68,3;193,7;30;7;1;1;0;1346,4;1;0;0;0;0;0;0;0;0;22;0;0;0;0;14,1;0;0;0;0;0;0;11;0;0;0;0;8;11,1;0;59,2;68,3;0;1;1;1;1;1;1;1;1;1;1;1;1;1;1;1;1;1;1;1;1;1;1;1;1;1;1;1;1;1;1;1;
02851021;2;1/8/1980;1;42,1;152,9;20;6;1;1;0;1346,4;1;0;0;0;0;0;18,2;0;0;0;0;0;0;0;0;0;0;0;11,4;21;42,1;36,2;24;0;0;0;0;0;0;0;0;0;1;1;1;1;1;1;1;1;1;1;1;1;1;1;1;1;1;1;1;1;1;1;1;1;1;1;1;1;1;1;1;
02851021;2;1/9/1980;1;31,2;116,7;2;7;1;1;0;1346,4;1;10,1;31,2;0;0;0;0;0;0;24,1;0;0;0;0;0;9,1;11;0;0;0;0;18;13,2;0;0;0;0;0;0;0;0;;1;1;1;1;1;1;1;1;1;1;1;1;1;1;1;1;1;1;1;1;1;1;1;1;1;1;1;1;1;1;0;
02851021;2;1/10/1980;1;29,2;130,8;19;8;1;1;0;1346,4;1;0;0;0;0;0;0;0;0;0;0;0;0;0;0;0;0;0;13,1;29,2;0;21;0;0;0;0;0;21,1;11,3;16;11;8,1;1;1;1;1;1;1;1;1;1;1;1;1;1;1;1;1;1;1;1;1;1;1;1;1;1;1;1;1;1;1;1;
02851021;2;1/11/1980;1;28,2;142,5;7;8;1;1;0;1346,4;1;0;0;0;0;18;11,1;28,2;0;16;26,1;0;0;0;0;0;0;0;0;12;0;0;0;0;13;0;0;0;0;0;18,1;;1;1;1;1;1;1;1;1;1;1;1;1;1;1;1;1;1;1;1;1;1;1;1;1;1;1;1;1;1;1;0;
02851021;2;1/12/1980;1;26,4;160,3;1;8;1;1;0;1346,4;1;26,4;24,1;0;0;0;18,2;0;0;0;0;0;0;0;0;0;0;0;0;18;22,4;16,1;0;0;0;0;0;0;11;24,1;0;0;1;1;1;1;1;1;1;1;1;1;1;1;1;1;1;1;1;1;1;1;1;1;1;1;1;1;1;1;1;1;1;
02851021;2;1/1/1981;1;24,2;93;18;6;1;1;0;1212,9;1;0;0;0;0;0;0;18,1;0;0;0;0;11,2;10;0;0;0;0;24,2;0;13,1;0;0;0;0;0;0;0;0;0;16,4;0;1;1;1;1;1;1;1;1;1;1;1;1;1;1;1;1;1;1;1;1;1;1;1;1;1;1;1;1;1;1;1;
02851021;2;1/2/1981;1;46;247,3;2;13;1;1;0;1212,9;1;0;46;14,1;16;0;12,4;0;0;13,3;0;4,4;28,1;17,2;0;26,2;0;37,4;0;2;0;0;0;0;0;4,1;0;0;26,1;;;;1;1;1;1;1;1;1;1;1;1;1;1;1;1;1;1;1;1;1;1;1;1;1;1;1;1;1;1;0;0;0;
02851021;2;1/3/1981;1;19,2;27,4;31;2;1;1;0;1212,9;1;0;0;0;8,2;0;0;0;0;0;0;0;0;0;0;0;0;0;0;0;0;0;0;0;0;0;0;0;0;0;0;19,2;1;1;1;1;1;1;1;1;1;1;1;1;1;1;1;1;1;1;1;1;1;1;1;1;1;1;1;1;1;1;1;
02851021;2;1/4/1981;1;30,4;105,2;26;6;1;1;0;1212,9;1;0;0;0;23,1;0;0;0;0;0;0;0;0;0;0;18,2;0;0;0;0;0;0;0;0;0;11,3;30,4;15;0;7,2;0;;1;1;1;1;1;1;1;1;1;1;1;1;1;1;1;1;1;1;1;1;1;1;1;1;1;1;1;1;1;1;0;
02851021;2;1/5/1981;1;10,4;25,1;15;4;1;1;0;1212,9;1;0;0;0;0;0;5,1;0;0;0;0;0;0;0;0;10,4;0;0;0;0;7,3;0;0;0;0;0;0;2,3;0;0;0;0;1;1;1;1;1;1;1;1;1;1;1;1;1;1;1;1;1;1;1;1;1;1;1;1;1;1;1;1;1;1;1;
02851021;2;1/6/1981;1;36,1;101,4;7;6;1;1;0;1212,9;1;0;0;4,2;0;0;0;36,1;21;0;0;17;0;0;0;0;0;0;0;0;0;0;0;2,1;21;0;0;0;0;0;0;;1;1;1;1;1;1;1;1;1;1;1;1;1;1;1;1;1;1;1;1;1;1;1;1;1;1;1;1;1;1;0;
02851021;2;1/7/1981;1;22;44,4;17;3;1;1;0;1212,9;1;0;0;0;0;0;0;0;0;0;0;0;13,1;0;0;0;0;22;0;0;0;9,3;0;0;0;0;0;0;0;0;0;0;1;1;1;1;1;1;1;1;1;1;1;1;1;1;1;1;1;1;1;1;1;1;1;1;1;1;1;1;1;1;1;
02851021;2;1/8/1981;1;16,1;54,5;8;6;1;1;0;1212,9;1;0;0;0;0;0;0;0;16,1;0;0;0;0;1,5;0;0;0;0;0;0;0;0;0;0;0;0;10;16,1;5,4;0;5,4;0;1;1;1;1;1;1;1;1;1;1;1;1;1;1;1;1;1;1;1;1;1;1;1;1;1;1;1;1;1;1;1;
02851021;2;1/9/1981;1;72;220,3;24;12;1;1;0;1212,9;1;3;22,1;3,1;8,4;0;0;0;0;0;0;0;0;0;23,3;2,2;0;0;0;0;10,2;43,4;2,1;0;72;17,4;0;0;0;0;13,1;;1;1;1;1;1;1;1;1;1;1;1;1;1;1;1;1;1;1;1;1;1;1;1;1;1;1;1;1;1;1;0;
02851021;2;1/10/1981;1;18;64,7;20;5;1;1;0;1212,9;1;0;0;0;9,1;0;10,4;17;0;0;0;0;0;0;0;0;0;0;0;0;18;0;0;0;0;0;0;10,2;0;0;0;0;1;1;1;1;1;1;1;1;1;1;1;1;1;1;1;1;1;1;1;1;1;1;1;1;1;1;1;1;1;1;1;
02851021;2;1/11/1981;1;45,2;136,4;7;7;1;1;0;1212,9;1;0;0;0;26,1;0;0;45,2;0;27,2;2,2;0;0;0;10,1;0;0;0;0;2,3;0;0;0;0;0;0;0;0;0;23,3;0;;1;1;1;1;1;1;1;1;1;1;1;1;1;1;1;1;1;1;1;1;1;1;1;1;1;1;1;1;1;1;0;
02851021;2;1/12/1981;1;33,2;93,2;6;8;1;1;0;1212,9;1;11,3;0;0;0;0;33,2;0;0;0;0;0;0;0;0;0;4,3;0;0;0;0;11,2;0;12;2,1;0;0;0;17;0;2,1;0;1;1;1;1;1;1;1;1;1;1;1;1;1;1;1;1;1;1;1;1;1;1;1;1;1;1;1;1;1;1;1;
02851021;2;1/1/1982;1;18;33,8;8;4;1;1;0;1645,7;1;2,3;0;0;0;0;0;0;18;5,1;8,4;0;0;0;0;0;0;0;0;0;0;0;0;0;0;0;0;0;0;0;0;0;1;1;1;1;1;1;1;1;1;1;1;1;1;1;1;1;1;1;1;1;1;1;1;1;1;1;1;1;1;1;1;
02851021;2;1/2/1982;1;62,2;200,1;19;10;1;1;0;1645,7;1;0;0;23,3;28;0;0;0;0;0;5,2;9;1,3;0;8,4;0;28,2;2,1;32,4;62,2;0;0;0;0;0;0;0;0;0;;;;1;1;1;1;1;1;1;1;1;1;1;1;1;1;1;1;1;1;1;1;1;1;1;1;1;1;1;1;0;0;0;
02851021;2;1/3/1982;1;50,4;124,1;1;4;1;1;0;1645,7;1;50,4;0;0;0;0;0;0;0;0;21,3;0;0;0;0;0;31,1;0;0;0;0;0;0;0;0;0;0;0;0;21,3;0;0;1;1;1;1;1;1;1;1;1;1;1;1;1;1;1;1;1;1;1;1;1;1;1;1;1;1;1;1;1;1;1;
02851021;2;1/4/1982;1;21,1;21,1;15;1;1;1;0;1645,7;1;0;0;0;0;0;0;0;0;0;0;0;0;0;0;21,1;0;0;0;0;0;0;0;0;0;0;0;0;0;0;0;;1;1;1;1;1;1;1;1;1;1;1;1;1;1;1;1;1;1;1;1;1;1;1;1;1;1;1;1;1;1;0;
02851021;2;1/5/1982;1;18,4;41;11;4;1;1;0;1645,7;1;0;0;0;0;0;0;0;0;0;0;18,4;7,3;0;0;0;0;0;0;11,1;0;0;0;0;0;0;4,2;0;0;0;0;0;1;1;1;1;1;1;1;1;1;1;1;1;1;1;1;1;1;1;1;1;1;1;1;1;1;1;1;1;1;1;1;
02851021;2;1/6/1982;1;104,2;230,5;28;8;1;1;0;1645,7;1;0;0;0;1,2;0;0;0;0;0;0;12,3;0;0;0;0;64,1;0;0;7,3;14,1;11,2;0;0;0;0;0;0;104,2;16,1;0;;1;1;1;1;1;1;1;1;1;1;1;1;1;1;1;1;1;1;1;1;1;1;1;1;1;1;1;1;1;1;0;
02851021;2;1/7/1982;1;59,2;184,6;7;8;1;1;0;1645,7;1;0;0;0;0;29,1;0;59,2;0;0;0;0;0;36,2;0;0;0;18,4;9,2;0;0;0;0;16;3,4;0;0;0;0;13,1;0;0;1;1;1;1;1;1;1;1;1;1;1;1;1;1;1;1;1;1;1;1;1;1;1;1;1;1;1;1;1;1;1;
02851021;2;1/8/1982;1;42,4;140,4;8;7;1;1;0;1645,7;1;0;12,2;0;0;0;0;0;42,4;3,3;0;0;0;0;0;0;35,1;19,1;0;0;0;0;0;5,1;0;0;0;0;0;0;0;23,2;1;1;1;1;1;1;1;1;1;1;1;1;1;1;1;1;1;1;1;1;1;1;1;1;1;1;1;1;1;1;1;
02851021;2;1/9/1982;1;50;118,4;28;6;1;1;0;1645,7;1;2,4;0;0;0;0;2,3;0;0;0;0;0;0;0;0;0;0;0;48,2;7,3;0;0;0;0;0;8,2;0;0;50;0;0;;1;1;1;1;1;1;1;1;1;1;1;1;1;1;1;1;1;1;1;1;1;1;1;1;1;1;1;1;1;1;0;
02851021;2;1/10/1982;1;56,2;190;22;8;1;1;0;1645,7;1;0;0;0;0;0;0;31,4;0;0;0;9,1;0;8,3;0;0;0;0;18,2;0;0;0;56,2;15,3;0;48,1;0;3,4;0;0;0;0;1;1;1;1;1;1;1;1;1;1;1;1;1;1;1;1;1;1;1;1;1;1;1;1;1;1;1;1;1;1;1;
02851021;2;1/11/1982;1;74,1;273,6;11;10;1;1;0;1645,7;1;0;0;72,1;12,2;16;19;0;0;0;0;74,1;0;7,3;18,4;18,2;0;0;0;24,2;0;12,1;0;0;0;0;0;0;0;0;0;;1;1;1;1;1;1;1;1;1;1;1;1;1;1;1;1;1;1;1;1;1;1;1;1;1;1;1;1;1;1;0;
02851021;2;1/12/1982;1;18,2;88,1;15;8;1;1;0;1645,7;1;0;4;0;0;0;0;0;0;0;0;0;0;0;0;18,2;0;17,2;6,1;11,2;0;0;0;10;16,2;0;0;0;0;0;0;5,2;1;1;1;1;1;1;1;1;1;1;1;1;1;1;1;1;1;1;1;1;1;1;1;1;1;1;1;1;1;1;1;
02851021;2;1/1/1983;1;45,2;158,9;6;10;1;1;0;2429,6;2;0;0;0;0;28,2;45,2;25,1;0;0;0;0;0;0;0;0;0;0;0;28,3;2,2;8,3;0;0;0;0;0;6,2;7;3,1;5,3;0;1;1;1;1;1;1;1;1;1;1;1;1;1;1;1;1;1;1;1;1;1;1;1;1;1;1;1;1;1;1;1;
02851021;2;1/2/1983;1;56;198,9;28;7;1;1;0;2429,6;2;11,1;0;0;0;0;0;0;28;0;0;0;0;5,3;0;0;0;32,1;0;0;0;0;42,2;0;0;0;0;24,2;56;;;;1;1;1;1;1;1;1;1;1;1;1;1;1;1;1;1;1;1;1;1;1;1;1;1;1;1;1;1;0;0;0;
02851021;2;1/3/1983;1;68,2;178,2;18;5;1;1;0;2429,6;2;0;0;10,2;0;0;0;0;0;0;0;0;52,3;37,2;0;0;0;0;68,2;10,3;0;0;0;0;0;0;0;0;0;0;0;0;1;1;1;1;1;1;1;1;1;1;1;1;1;1;1;1;1;1;1;1;1;1;1;1;1;1;1;1;1;1;1;
02851021;2;1/4/1983;1;39,2;182,8;5;9;1;1;0;2429,6;2;0;0;0;8,2;39,2;23,1;0;0;0;0;0;0;0;0;18,3;0;0;14,3;6,1;0;0;0;0;31,1;0;0;0;0;30,2;12,3;;1;1;1;1;1;1;1;1;1;1;1;1;1;1;1;1;1;1;1;1;1;1;1;1;1;1;1;1;1;1;0;
02851021;2;1/5/1983;1;64;246;2;11;2;2;0;2429,6;2;28,3;64;0;0;0;0;0;15,3;0;3,4;10,1;1,3;0;0;0;40;13,2;0;1,4;19;0;0;0;0;0;0;0;50;0;0;0;1;2;1;1;1;1;1;1;1;1;1;1;1;1;1;2;1;1;1;1;1;1;1;1;1;1;1;2;1;1;1;
02851021;2;1/6/1983;1;75,2;150,6;13;3;1;1;0;2429,6;2;0;0;0;0;0;0;0;0;0;0;0;0;75,2;0;0;0;0;0;0;0;8,2;0;0;67,2;0;0;0;0;0;0;;1;1;1;1;1;1;1;1;1;1;1;1;1;1;1;1;1;1;1;1;1;1;1;1;1;1;1;1;1;1;0;
02851021;2;1/7/1983;1;95,1;405,2;6;16;1;1;0;2429,6;2;11,2;0;9,3;0;11;95,1;14,3;28,2;35,3;28,2;21,2;0;0;7,2;0;29,2;0;0;0;0;0;0;0;0;40,3;0;11,2;9,3;0;11,2;43;1;1;1;1;1;1;1;1;1;1;1;1;1;1;1;1;1;1;1;1;1;1;1;1;1;1;1;1;1;1;1;
02851021;2;1/8/1983;1;72,2;243,6;1;7;1;1;0;2429,6;2;72,2;9,4;0;0;0;0;0;0;4,2;0;0;0;0;0;40,3;44,2;50;23,3;0;0;0;0;0;0;0;0;0;0;0;0;0;1;1;1;1;1;1;1;1;1;1;1;1;1;1;1;1;1;1;1;1;1;1;1;1;1;1;1;1;1;1;1;
02851021;2;1/9/1983;1;26,1;104,9;23;6;1;1;0;2429,6;2;21,1;0;0;0;3,2;0;0;0;0;0;0;0;0;0;0;16,1;0;0;15,2;0;0;0;26,1;0;0;0;0;0;0;23,2;;1;1;1;1;1;1;1;1;1;1;1;1;1;1;1;1;1;1;1;1;1;1;1;1;1;1;1;1;1;1;0;
02851021;2;1/10/1983;1;61,2;151,2;18;7;1;1;0;2429,6;2;53,1;3,2;0;0;0;0;0;0;0;3,1;2,4;0;0;0;10,1;0;0;61,2;0;0;0;18,1;0;0;0;0;0;0;0;0;0;1;1;1;1;1;1;1;1;1;1;1;1;1;1;1;1;1;1;1;1;1;1;1;1;1;1;1;1;1;1;1;
02851021;2;1/11/1983;1;18,3;89,8;1;9;1;1;0;2429,6;2;18,3;0;17,2;0;0;0;0;3,2;0;0;2,2;13,3;0;2,3;1,2;0;0;0;0;17;0;15,1;0;0;0;0;0;0;0;0;;1;1;1;1;1;1;1;1;1;1;1;1;1;1;1;1;1;1;1;1;1;1;1;1;1;1;1;1;1;1;0;
02851021;2;1/12/1983;1;70,2;319,5;17;9;1;1;0;2429,6;2;0;0;0;0;0;60,2;0;0;0;0;0;0;41,1;0;0;0;70,2;5,3;1,2;40;15,1;52,3;0;0;0;0;0;0;34,1;0;0;1;1;1;1;1;1;1;1;1;1;1;1;1;1;1;1;1;1;1;1;1;1;1;1;1;1;1;1;1;1;1;
02851021;2;1/1/1984;1;26,3;183,2;30;11;1;1;0;1823,7;1;0;0;0;0;0;0;25,3;0;12,2;0;0;20,2;0;7,2;0;21,1;7,3;0;14,2;0;0;0;0;0;0;15,2;0;0;8,1;26,3;26,1;1;1;1;1;1;1;1;1;1;1;1;1;1;1;1;1;1;1;1;1;1;1;1;1;1;1;1;1;1;1;1;
02851021;2;1/2/1984;1;45,3;181,4;24;10;1;1;0;1823,7;1;10,1;24;0;0;0;30,3;0;0;0;0;0;0;0;0;10,3;0;20,3;0;0;18,3;0;0;0;45,3;5,2;0;13,4;0;4,2;;;1;1;1;1;1;1;1;1;1;1;1;1;1;1;1;1;1;1;1;1;1;1;1;1;1;1;1;1;1;0;0;
02851021;2;1/3/1984;1;34,2;61,9;29;4;1;1;0;1823,7;1;4,3;3,1;0;0;0;0;0;0;0;0;0;0;0;0;0;0;0;0;0;0;20,3;0;0;0;0;0;0;0;34,2;0;0;1;1;1;1;1;1;1;1;1;1;1;1;1;1;1;1;1;1;1;1;1;1;1;1;1;1;1;1;1;1;1;
02851021;2;1/4/1984;1;48,3;137,9;23;9;1;1;0;1823,7;1;7,2;0;3,2;0;0;0;0;0;0;0;0;0;0;0;0;0;0;8,3;3,5;0;20,3;35,4;48,3;8,2;0;0;0;0;0;3,5;;1;1;1;1;1;1;1;1;1;1;1;1;1;1;1;1;1;1;1;1;1;1;1;1;1;1;1;1;1;1;0;
02851021;2;1/5/1984;1;45,3;209,1;8;12;1;1;0;1823,7;1;0;0;0;0;0;4;22,1;45,3;24,2;15,3;35,1;7,3;0;0;0;0;7,3;0;0;26,2;8;0;10,1;0;0;0;0;0;0;4,2;0;1;1;1;1;1;1;1;1;1;1;1;1;1;1;1;1;1;1;1;1;1;1;1;1;1;1;1;1;1;1;1;
02851021;2;1/6/1984;1;42,3;216,2;6;12;1;1;0;1823,7;1;0;0;0;25,2;34,1;42,3;2,3;0;0;0;0;0;10,1;0;1,3;0;28,3;0;30,2;5,1;0;13;0;14,1;0;0;10,2;0;0;0;;1;1;1;1;1;1;1;1;1;1;1;1;1;1;1;1;1;1;1;1;1;1;1;1;1;1;1;1;1;1;0;
02851021;2;1/7/1984;1;32,2;149,7;16;8;1;1;0;1823,7;1;0;0;0;7,3;0;0;0;30,2;20,1;0;0;0;0;0;16,3;32,2;0;0;0;23,3;17,1;3,2;0;0;0;0;0;0;0;0;0;1;1;1;1;1;1;1;1;1;1;1;1;1;1;1;1;1;1;1;1;1;1;1;1;1;1;1;1;1;1;1;
02851021;2;1/8/1984;1;39,2;125,3;6;7;1;1;0;1823,7;1;0;0;0;0;12,1;39,2;24;11,1;0;0;0;0;20,3;0;0;0;0;0;0;0;0;4,3;0;0;14,3;0;0;0;0;0;0;1;1;1;1;1;1;1;1;1;1;1;1;1;1;1;1;1;1;1;1;1;1;1;1;1;1;1;1;1;1;1;
02851021;2;1/9/1984;1;56,3;193,2;24;8;1;1;0;1823,7;1;0;0;0;0;0;0;0;0;0;0;0;0;0;0;8,3;0;0;0;10,3;40,2;0;3,1;0;56,3;35,4;20,3;19,3;0;0;0;;1;1;1;1;1;1;1;1;1;1;1;1;1;1;1;1;1;1;1;1;1;1;1;1;1;1;1;1;1;1;0;
02851021;2;1/10/1984;1;42,3;130,1;5;6;1;1;0;1823,7;1;0;0;0;20,1;42,3;21,2;0;0;9,3;0;0;0;0;0;0;0;0;21,1;0;0;0;0;0;0;0;0;0;0;0;0;16,1;1;1;1;1;1;1;1;1;1;1;1;1;1;1;1;1;1;1;1;1;1;1;1;1;1;1;1;1;1;1;1;
02851021;2;1/11/1984;1;28,2;75;2;5;1;1;0;1823,7;1;0;28,2;0;0;0;22,3;0;0;11,2;0;0;0;0;0;0;0;6,1;0;0;0;0;0;0;0;0;0;0;0;7,2;0;;1;1;1;1;1;1;1;1;1;1;1;1;1;1;1;1;1;1;1;1;1;1;1;1;1;1;1;1;1;1;0;
02851021;2;1/12/1984;1;42,1;160,7;13;9;1;1;0;1823,7;1;7,3;15,2;0;0;0;12,2;0;0;0;0;0;0;42,1;0;0;0;10,2;40,1;0;0;0;0;0;0;2,1;0;0;0;0;27,2;4,3;1;1;1;1;1;1;1;1;1;1;1;1;1;1;1;1;1;1;1;1;1;1;1;1;1;1;1;1;1;1;1;
02851021;2;1/1/1985;1;10,2;27,1;16;5;1;1;0;1348,3;1;0;0;0;0;0;0;6,1;2,2;0;0;0;0;0;0;0;10,2;0;0;0;0;0;0;0;0;0;0;5,3;0;0;0;3,3;1;1;1;1;1;1;1;1;1;1;1;1;1;1;1;1;1;1;1;1;1;1;1;1;1;1;1;1;1;1;1;
02851021;2;1/2/1985;1;57;265,3;18;10;1;1;0;1348,3;1;0;8,3;0;24,1;0;0;0;0;22;6,3;2,1;0;10,2;45,2;0;0;55,1;57;35;0;0;0;0;0;0;0;0;0;;;;1;1;1;1;1;1;1;1;1;1;1;1;1;1;1;1;1;1;1;1;1;1;1;1;1;1;1;1;0;0;0;
02851021;2;1/3/1985;1;43,2;158,1;23;9;1;1;0;1348,3;1;0;0;0;0;0;18,2;4,3;0;0;32,3;0;0;0;0;15,1;0;0;0;0;0;0;0;43,2;14,3;12,3;2,2;0;16,2;0;0;0;1;1;1;1;1;1;1;1;1;1;1;1;1;1;1;1;1;1;1;1;1;1;1;1;1;1;1;1;1;1;1;
02851021;2;1/4/1985;1;32,1;134,6;15;8;1;1;0;1348,3;1;0;0;7,3;20;0;0;0;0;0;0;0;11,1;0;0;32,1;28,3;0;26,4;0;0;0;0;0;2,3;0;0;0;0;0;7,1;;1;1;1;1;1;1;1;1;1;1;1;1;1;1;1;1;1;1;1;1;1;1;1;1;1;1;1;1;1;1;0;
02851021;2;1/5/1985;1;25,1;88,1;8;7;1;1;0;1348,3;1;0;0;0;0;0;0;0;25,1;12,2;5,3;0;0;0;0;0;0;0;0;0;4,1;0;0;0;15;0;0;0;8,3;18,1;0;0;1;1;1;1;1;1;1;1;1;1;1;1;1;1;1;1;1;1;1;1;1;1;1;1;1;1;1;1;1;1;1;
02851021;2;1/6/1985;1;36,2;67,8;17;4;1;1;0;1348,3;1;0;18,2;0;0;0;0;0;0;10,3;3,1;0;0;0;0;0;0;36,2;0;0;0;0;0;0;0;0;0;0;0;0;0;;1;1;1;1;1;1;1;1;1;1;1;1;1;1;1;1;1;1;1;1;1;1;1;1;1;1;1;1;1;1;0;
02851021;2;1/7/1985;1;28,1;105,2;7;7;1;1;0;1348,3;1;15,1;0;0;0;0;10,3;28,1;0;0;9,1;1,3;0;0;0;0;0;0;0;0;0;0;0;0;0;0;0;0;0;24,1;0;17,2;1;1;1;1;1;1;1;1;1;1;1;1;1;1;1;1;1;1;1;1;1;1;1;1;1;1;1;1;1;1;1;
02851021;2;1/8/1985;1;50;211;9;9;1;1;0;1348,3;1;17;0;0;0;15,1;0;0;0;50;0;30,2;21,1;0;0;0;0;20,2;0;7,1;0;0;0;0;0;0;0;30,1;0;0;0;20,2;1;1;1;1;1;1;1;1;1;1;1;1;1;1;1;1;1;1;1;1;1;1;1;1;1;1;1;1;1;1;1;
02851021;2;1/9/1985;1;40,3;129;17;6;1;1;0;1348,3;1;0;0;0;4;0;0;0;0;0;0;0;0;0;24,1;20,3;10,2;40,3;0;0;30,1;0;0;0;0;0;0;0;0;0;0;;1;1;1;1;1;1;1;1;1;1;1;1;1;1;1;1;1;1;1;1;1;1;1;1;1;1;1;1;1;1;0;
02851021;2;1/10/1985;1;7,2;10,4;2;2;1;1;0;1348,3;1;0;7,2;0;0;0;0;0;0;0;3,2;0;0;0;0;0;0;0;0;0;0;0;0;0;0;0;0;0;0;0;0;0;1;1;1;1;1;1;1;1;1;1;1;1;1;1;1;1;1;1;1;1;1;1;1;1;1;1;1;1;1;1;1;
02851021;2;1/11/1985;1;56;65,2;1;2;1;1;0;1348,3;1;56;0;0;9,2;0;0;0;0;0;0;0;0;0;0;0;0;0;0;0;0;0;0;0;0;0;0;0;0;0;0;;1;1;1;1;1;1;1;1;1;1;1;1;1;1;1;1;1;1;1;1;1;1;1;1;1;1;1;1;1;1;0;
02851021;2;1/12/1985;1;36;86,5;26;6;1;1;0;1348,3;1;0;0;0;0;0;0;2,1;0;0;0;0;0;12,2;26;0;0;0;0;0;0;0;0;0;0;7,1;36;3,1;0;0;0;0;1;1;1;1;1;1;1;1;1;1;1;1;1;1;1;1;1;1;1;1;1;1;1;1;1;1;1;1;1;1;1;
02851021;2;1/1/1986;1;24,1;51,2;18;7;1;1;0;1556;1;10,2;0;0;0;0;0;0;0;2,2;1,3;0;0;0;0;1,2;0;0;24,1;10,2;2;0;0;0;0;0;0;0;0;0;0;0;1;1;1;1;1;1;1;1;1;1;1;1;1;1;1;1;1;1;1;1;1;1;1;1;1;1;1;1;1;1;1;
02851021;2;1/2/1986;1;31,3;138,5;6;10;1;1;0;1556;1;13,2;0;0;0;15,3;31,3;0;0;7,3;24,3;3,2;0;0;0;0;0;13;0;0;0;0;0;0;12,4;0;0;13,4;5,1;;;;1;1;1;1;1;1;1;1;1;1;1;1;1;1;1;1;1;1;1;1;1;1;1;1;1;1;1;1;0;0;0;
02851021;2;1/3/1986;1;50;120,6;17;8;1;1;0;1556;1;19;0;0;0;0;2,1;0;0;0;0;0;15;0;0;8,4;7,1;50;0;8;0;0;0;0;0;0;11;0;0;0;0;0;1;1;1;1;1;1;1;1;1;1;1;1;1;1;1;1;1;1;1;1;1;1;1;1;1;1;1;1;1;1;1;
02851021;2;1/4/1986;1;45,1;184,1;4;10;1;1;0;1556;1;0;20,3;5,3;45,1;0;30,1;4,3;0;17,4;0;8,1;0;0;25,1;16,2;0;0;0;0;0;0;0;0;0;0;12,2;0;0;0;0;;1;1;1;1;1;1;1;1;1;1;1;1;1;1;1;1;1;1;1;1;1;1;1;1;1;1;1;1;1;1;0;
02851021;2;1/5/1986;1;50,4;145,7;30;7;1;1;0;1556;1;0;0;0;0;0;0;0;0;0;0;0;0;2,3;0;13,2;7,3;0;0;0;0;0;0;0;18,1;0;0;0;0;40,1;50,4;14,3;1;1;1;1;1;1;1;1;1;1;1;1;1;1;1;1;1;1;1;1;1;1;1;1;1;1;1;1;1;1;1;
02851021;2;1/6/1986;1;44;94,6;15;6;1;1;0;1556;1;0;0;0;0;0;14,2;6,1;0;0;0;0;5,1;0;0;44;0;0;0;0;0;0;0;0;0;13,1;0;0;0;0;12,1;;1;1;1;1;1;1;1;1;1;1;1;1;1;1;1;1;1;1;1;1;1;1;1;1;1;1;1;1;1;1;0;
02851021;2;1/7/1986;1;50,1;124,1;18;7;1;1;0;1556;1;30;0;0;0;0;0;0;0;0;0;0;0;0;0;0;0;5,2;50,1;10,2;17,3;8,2;0;0;0;0;0;0;0;0;3,1;0;1;1;1;1;1;1;1;1;1;1;1;1;1;1;1;1;1;1;1;1;1;1;1;1;1;1;1;1;1;1;1;
02851021;2;1/8/1986;1;35,3;139,9;5;6;1;1;0;1556;1;0;0;0;10,1;35,3;25;0;0;0;0;0;28,3;0;11,1;30,1;0;0;0;0;0;0;0;0;0;0;0;0;0;0;0;0;1;1;1;1;1;1;1;1;1;1;1;1;1;1;1;1;1;1;1;1;1;1;1;1;1;1;1;1;1;1;1;
02851021;2;1/9/1986;1;40,3;108,5;17;6;1;1;0;1556;1;0;0;0;0;0;0;0;0;0;0;0;0;0;0;7,3;38,3;40,3;2,2;0;0;0;0;6,3;14,1;0;0;0;0;0;0;;1;1;1;1;1;1;1;1;1;1;1;1;1;1;1;1;1;1;1;1;1;1;1;1;1;1;1;1;1;1;0;
02851021;2;1/10/1986;1;55,4;125,3;10;6;1;1;0;1556;1;0;0;0;0;0;0;13,1;0;28,3;55,4;0;0;0;0;0;0;0;0;0;0;18;0;0;0;0;0;0;0;8,2;0;2,3;1;1;1;1;1;1;1;1;1;1;1;1;1;1;1;1;1;1;1;1;1;1;1;1;1;1;1;1;1;1;1;
02851021;2;1/11/1986;1;52,1;213,8;26;9;1;1;0;1556;1;8,3;0;6,4;0;30,1;49,1;0;0;0;12,1;0;0;0;0;0;0;0;0;0;4,4;0;0;0;0;0;52,1;26,2;25,1;0;0;;1;1;1;1;1;1;1;1;1;1;1;1;1;1;1;1;1;1;1;1;1;1;1;1;1;1;1;1;1;1;0;
02851021;2;1/12/1986;1;42,2;109,7;21;5;1;1;0;1556;1;0;0;0;0;0;0;0;0;0;0;0;0;0;0;0;0;0;20,1;0;0;42,2;7,3;0;5,1;35;0;0;0;0;0;0;1;1;1;1;1;1;1;1;1;1;1;1;1;1;1;1;1;1;1;1;1;1;1;1;1;1;1;1;1;1;1;
02851021;2;1/1/1987;1;29,2;146,9;9;11;1;1;0;1766,4;2;0;6,4;0;0;0;22,1;2,3;20,1;29,2;0;3,1;17;2,3;4,3;0;0;0;0;0;0;0;17;0;0;23,1;0;0;0;0;0;0;1;1;1;1;1;1;1;1;1;1;1;1;1;1;1;1;1;1;1;1;1;1;1;1;1;1;1;1;1;1;1;
02851021;2;1/2/1987;1;30,1;141,7;20;10;1;1;0;1766,4;2;0;13,3;0;20,1;1,2;0;0;14,3;9,3;0;0;0;0;0;0;0;0;7,4;0;30,1;28,3;0;12,4;5,3;0;0;0;0;;;;1;1;1;1;1;1;1;1;1;1;1;1;1;1;1;1;1;1;1;1;1;1;1;1;1;1;1;1;0;0;0;
02851021;2;1/3/1987;1;14,4;30,1;26;3;1;1;0;1766,4;2;0;0;0;0;0;0;0;0;0;7,4;0;0;0;0;0;0;0;0;0;0;0;8,3;0;0;0;14,4;0;0;0;0;0;1;1;1;1;1;1;1;1;1;1;1;1;1;1;1;1;1;1;1;1;1;1;1;1;1;1;1;1;1;1;1;
02851021;2;1/4/1987;1;112,1;170,7;12;6;1;1;0;1766,4;2;0;28,1;0;0;0;0;0;0;0;20,1;5;112,1;4,1;1,3;0;0;0;0;0;0;0;0;0;0;0;0;0;0;0;0;;1;1;1;1;1;1;1;1;1;1;1;1;1;1;1;1;1;1;1;1;1;1;1;1;1;1;1;1;1;1;0;
02851021;2;1/5/1987;1;54;215,2;14;9;1;1;0;1766,4;2;19,2;0;0;0;0;0;42,1;21;0;0;0;12,3;24,1;54;16,1;0;0;0;0;17,3;0;0;9,1;0;0;0;0;0;0;0;0;1;1;1;1;1;1;1;1;1;1;1;1;1;1;1;1;1;1;1;1;1;1;1;1;1;1;1;1;1;1;1;
02851021;2;1/6/1987;1;19,1;83,9;13;7;1;1;0;1766,4;2;0;0;0;13,4;12,1;18,3;0;0;0;0;0;0;19,1;0;1,3;0;0;0;0;0;0;18,3;1,4;0;0;0;0;0;0;0;;1;1;1;1;1;1;1;1;1;1;1;1;1;1;1;1;1;1;1;1;1;1;1;1;1;1;1;1;1;1;0;
02851021;2;1/7/1987;1;57,2;255,4;29;11;1;1;0;1766,4;2;6,5;0;0;0;0;0;53,1;15,3;0;0;0;23,1;0;23,1;0;0;0;20,3;0;0;0;0;0;0;0;0;5;43,3;57,2;4,3;4,2;1;1;1;1;1;1;1;1;1;1;1;1;1;1;1;1;1;1;1;1;1;1;1;1;1;1;1;1;1;1;1;
02851021;2;1/8/1987;1;26,3;144,4;14;10;1;1;0;1766,4;2;0;0;0;0;15,3;4,2;0;0;0;0;0;10,3;25,1;26,3;0;0;18,2;0;3,2;0;8,3;0;0;0;9,2;0;0;0;0;24,3;0;1;1;1;1;1;1;1;1;1;1;1;1;1;1;1;1;1;1;1;1;1;1;1;1;1;1;1;1;1;1;1;
02851021;2;1/9/1987;1;51,2;125,4;3;7;1;1;0;1766,4;2;0;4,1;51,2;0;0;0;0;0;0;15,3;37,2;0;0;0;3,1;5,2;0;0;0;0;0;0;0;0;0;0;0;9,3;0;0;;1;1;1;1;1;1;1;1;1;1;1;1;1;1;1;1;1;1;1;1;1;1;1;1;1;1;1;1;1;1;0;
02851021;2;1/10/1987;1;67,1;182,7;1;10;1;1;0;1766,4;2;67,1;2,3;0;0;0;0;0;0;0;0;0;10,3;27,1;0;28,1;7,4;0;1,1;0;0;0;5;0;0;0;4,1;0;0;30,2;0;0;1;1;1;1;1;1;1;1;1;1;1;1;1;1;1;1;1;1;1;1;1;1;1;1;1;1;1;1;1;1;1;
02851021;2;1/11/1987;1;39;107;7;6;2;2;0;1766,4;2;0;0;0;0;13;7;39;0;22;0;0;0;0;0;19;0;0;0;0;0;0;0;0;0;0;7;0;0;0;0;;1;1;1;1;2;2;2;1;2;1;1;1;1;1;2;1;1;1;1;1;1;1;1;1;1;2;1;1;1;1;0;
02851021;2;1/12/1987;1;93;163;3;5;2;2;0;1766,4;2;0;0;93;0;0;0;0;15;0;0;0;0;0;0;0;0;0;20;0;0;15;0;0;0;0;0;0;0;0;20;0;1;1;2;1;1;1;1;2;1;1;1;1;1;1;1;1;1;2;1;1;2;1;1;1;1;1;1;1;1;2;1;
02851021;2;1/1/1988;1;63,2;136,2;31;10;1;1;0;1497,9;1;0;0;0;0;0;13,2;0;0;0;0;0;0;10,1;5,3;7,4;0;0;2,3;0;13,3;0;0;0;0;0;5,1;6,2;0;0;10,1;63,2;1;1;1;1;1;1;1;1;1;1;1;1;1;1;1;1;1;1;1;1;1;1;1;1;1;1;1;1;1;1;1;
02851021;2;1/2/1988;1;20,2;52,9;1;5;1;1;0;1497,9;1;20,2;0;0;0;0;0;0;0;0;0;0;0;0;7,2;2,1;3,4;0;0;0;0;0;0;0;0;20;0;0;0;0;;;1;1;1;1;1;1;1;1;1;1;1;1;1;1;1;1;1;1;1;1;1;1;1;1;1;1;1;1;1;0;0;
02851021;2;1/3/1988;1;7,4;14,4;29;2;1;1;0;1497,9;1;0;0;0;0;0;0;0;0;0;0;0;0;0;7;0;0;0;0;0;0;0;0;0;0;0;0;0;0;7,4;0;0;1;1;1;1;1;1;1;1;1;1;1;1;1;1;1;1;1;1;1;1;1;1;1;1;1;1;1;1;1;1;1;
02851021;2;1/4/1988;1;125,2;266,3;25;8;1;1;0;1497,9;1;53,1;0;0;0;0;0;0;4;0;0;0;0;25,4;0;0;0;0;0;0;0;17,1;0;12,3;0;125,2;27,1;2,1;0;0;0;;1;1;1;1;1;1;1;1;1;1;1;1;1;1;1;1;1;1;1;1;1;1;1;1;1;1;1;1;1;1;0;
02851021;2;1/5/1988;1;11,2;41,1;2;5;1;1;0;1497,9;1;7,4;11,2;1,2;0;0;0;0;11,2;0;0;0;0;0;0;0;0;0;0;0;0;0;0;10,1;0;0;0;0;0;0;0;0;1;1;1;1;1;1;1;1;1;1;1;1;1;1;1;1;1;1;1;1;1;1;1;1;1;1;1;1;1;1;1;
02851021;2;1/6/1988;1;75,1;180,3;9;7;1;1;0;1497,9;1;0;0;0;10,1;0;0;0;14,3;75,1;0;0;0;14,1;0;0;0;0;4,3;0;0;0;0;0;53,2;0;0;0;9,2;0;0;;1;1;1;1;1;1;1;1;1;1;1;1;1;1;1;1;1;1;1;1;1;1;1;1;1;1;1;1;1;1;0;
02851021;2;1/7/1988;1;9,2;16,8;6;4;1;1;0;1497,9;1;0;0;0;0;0;9,2;1,1;1,3;0;0;0;0;0;0;0;0;0;0;0;0;0;0;5,2;0;0;0;0;0;0;0;0;1;1;1;1;1;1;1;1;1;1;1;1;1;1;1;1;1;1;1;1;1;1;1;1;1;1;1;1;1;1;1;
02851021;2;1/8/1988;1;12,1;19,4;16;2;1;1;0;1497,9;1;0;0;0;0;0;0;0;0;7,3;0;0;0;0;0;0;12,1;0;0;0;0;0;0;0;0;0;0;0;0;0;0;0;1;1;1;1;1;1;1;1;1;1;1;1;1;1;1;1;1;1;1;1;1;1;1;1;1;1;1;1;1;1;1;
02851021;2;1/9/1988;1;85,3;406,8;12;10;1;1;0;1497,9;1;0;0;0;0;0;0;0;5,2;0;0;39,1;85,3;56,1;38;0;0;0;0;0;0;64,1;28,3;9,4;54,1;27,2;0;0;0;0;0;;1;1;1;1;1;1;1;1;1;1;1;1;1;1;1;1;1;1;1;1;1;1;1;1;1;1;1;1;1;1;0;
02851021;2;1/10/1988;1;34,1;140,6;31;8;1;1;0;1497,9;1;0;0;10,3;16,2;0;0;0;0;0;0;0;1,4;0;0;0;0;0;0;23,2;0;0;0;15,2;11,1;0;29,1;0;0;0;0;34,1;1;1;1;1;1;1;1;1;1;1;1;1;1;1;1;1;1;1;1;1;1;1;1;1;1;1;1;1;1;1;1;
02851021;2;1/11/1988;1;44,1;148,4;27;8;1;1;0;1497,9;1;6,1;0;0;0;0;0;0;0;0;0;0;18,3;28,3;0;0;0;0;0;15,1;11,3;22,1;3,1;0;0;0;0;44,1;0;0;0;;1;1;1;1;1;1;1;1;1;1;1;1;1;1;1;1;1;1;1;1;1;1;1;1;1;1;1;1;1;1;0;
02851021;2;1/12/1988;1;39,1;74,7;28;7;1;1;0;1497,9;1;2,1;0;0;0;0;0;0;0;7,4;0;0;0;9,1;0;0;0;0;5,3;0;3,4;0;0;8,3;0;0;0;0;39,1;0;0;0;1;1;1;1;1;1;1;1;1;1;1;1;1;1;1;1;1;1;1;1;1;1;1;1;1;1;1;1;1;1;1;
02851021;2;1/1/1989;1;25;210,6;9;17;1;1;0;1665,7;1;0;0;0;0;0;5,2;9,1;7,3;25;0;0;0;0;13,1;9,3;16,1;2,1;0;0;11,3;22,4;0;0;20,1;23,3;7,4;11,1;0;6,1;3,4;18,3;1;1;1;1;1;1;1;1;1;1;1;1;1;1;1;1;1;1;1;1;1;1;1;1;1;1;1;1;1;1;1;
02851021;2;1/2/1989;1;43,2;103,3;21;6;1;1;0;1665,7;1;21,4;0;0;0;0;0;0;0;20,3;0;0;0;0;0;8,1;2,1;0;0;0;8,2;43,2;0;0;0;0;0;0;0;;;;1;1;1;1;1;1;1;1;1;1;1;1;1;1;1;1;1;1;1;1;1;1;1;1;1;1;1;1;0;0;0;
02851021;2;1/3/1989;1;112,1;240,5;20;8;1;1;0;1665,7;1;0;19,2;0;0;0;7,2;0;0;0;0;0;3,4;0;0;0;0;0;0;13,1;112,1;60,1;0;0;0;0;13;0;0;0;0;12,4;1;1;1;1;1;1;1;1;1;1;1;1;1;1;1;1;1;1;1;1;1;1;1;1;1;1;1;1;1;1;1;
02851021;2;1/4/1989;1;49,3;126,8;11;10;1;1;0;1665,7;1;7,2;14,1;0;2,1;11,3;4,2;1;0;0;0;49,3;0;0;0;0;0;0;12,1;0;0;0;0;0;0;0;0;6,4;0;19,1;0;;1;1;1;1;1;1;1;1;1;1;1;1;1;1;1;1;1;1;1;1;1;1;1;1;1;1;1;1;1;1;0;
02851021;2;1/5/1989;1;26,1;63,7;4;4;1;1;0;1665,7;1;18,1;0;5,3;26,1;14,2;0;0;0;0;0;0;0;0;0;0;0;0;0;0;0;0;0;0;0;0;0;0;0;0;0;0;1;1;1;1;1;1;1;1;1;1;1;1;1;1;1;1;1;1;1;1;1;1;1;1;1;1;1;1;1;1;1;
02851021;2;1/6/1989;1;20,1;53;25;6;1;1;0;1665,7;1;0;5,1;0;0;0;0;0;0;0;0;0;0;0;0;0;0;0;0;0;0;0;2,1;0;2,3;20,1;0;0;0;6,2;17,2;;1;1;1;1;1;1;1;1;1;1;1;1;1;1;1;1;1;1;1;1;1;1;1;1;1;1;1;1;1;1;0;
02851021;2;1/7/1989;1;71,3;180,2;3;6;1;1;0;1665,7;1;0;0;71,3;26,1;55,3;0;0;0;0;0;0;0;9,3;0;0;0;0;0;0;0;3,1;0;0;0;0;15,1;0;0;0;0;0;1;1;1;1;1;1;1;1;1;1;1;1;1;1;1;1;1;1;1;1;1;1;1;1;1;1;1;1;1;1;1;
02851021;2;1/8/1989;1;37,2;132,4;25;8;1;1;0;1665,7;1;0;0;0;4,3;15,1;0;0;0;0;0;12,1;0;0;0;0;0;0;0;0;16,3;8,1;4,2;0;0;37,2;0;0;0;0;0;35,1;1;1;1;1;1;1;1;1;1;1;1;1;1;1;1;1;1;1;1;1;1;1;1;1;1;1;1;1;1;1;1;
02851021;2;1/9/1989;1;90,4;333,2;24;10;1;1;0;1665,7;1;26,1;0;0;0;0;0;25,3;0;19,1;0;12,3;80,1;0;18,1;9,2;0;0;0;0;0;0;0;50,3;90,4;2,3;0;0;0;0;0;;1;1;1;1;1;1;1;1;1;1;1;1;1;1;1;1;1;1;1;1;1;1;1;1;1;1;1;1;1;1;0;
02851021;2;1/10/1989;1;40,2;85;4;5;1;1;0;1665,7;1;0;0;16,1;40,2;0;0;0;0;0;0;0;17,3;5,2;0;0;6,2;0;0;0;0;0;0;0;0;0;0;0;0;0;0;0;1;1;1;1;1;1;1;1;1;1;1;1;1;1;1;1;1;1;1;1;1;1;1;1;1;1;1;1;1;1;1;
02851021;2;1/11/1989;1;43,3;107,8;12;7;1;1;0;1665,7;1;0;0;0;0;0;0;0;0;20,1;2,2;0;43,3;11,3;0;0;0;0;0;0;0;4,3;0;0;16,3;10,3;0;0;0;0;0;;1;1;1;1;1;1;1;1;1;1;1;1;1;1;1;1;1;1;1;1;1;1;1;1;1;1;1;1;1;1;0;
02851021;2;1/12/1989;1;12,1;29,2;29;5;1;1;0;1665,7;1;0;0;0;0;0;0;0;0;0;0;3,2;0;0;0;0;0;0;7,4;0;0;0;0;0;0;0;0;0;0;12,1;2,3;4,2;1;1;1;1;1;1;1;1;1;1;1;1;1;1;1;1;1;1;1;1;1;1;1;1;1;1;1;1;1;1;1;
02851021;2;1/1/1990;1;41,1;119,9;25;11;1;1;0;1516,1;2;1,3;0;3,1;0;0;0;0;0;0;0;0;0;0;13,1;4,2;0;11,1;14,2;0;0;19,3;8,2;1,1;0;41,1;3,2;0;0;0;0;0;1;1;1;1;1;1;1;1;1;1;1;1;1;1;1;1;1;1;1;1;1;1;1;1;1;1;1;1;1;1;1;
02851021;2;1/2/1990;1;25,1;110,5;12;8;1;1;0;1516,1;2;0;0;0;0;0;0;0;0;0;0;7,3;25,1;0;2,1;0;25,1;0;0;0;0;0;10,3;0;13,3;7,2;20,1;0;0;;;;1;1;1;1;1;1;1;1;1;1;1;1;1;1;1;1;1;1;1;1;1;1;1;1;1;1;1;1;0;0;0;
02851021;2;1/3/1990;1;53,1;135,1;31;8;1;1;0;1516,1;2;0;0;0;0;0;32,1;0;0;8,1;0;0;0;0;5,1;0;0;0;12,1;0;0;0;0;8,2;8,3;0;0;8,1;0;0;0;53,1;1;1;1;1;1;1;1;1;1;1;1;1;1;1;1;1;1;1;1;1;1;1;1;1;1;1;1;1;1;1;1;
02851021;2;1/4/1990;1;70;182,5;27;9;2;2;0;1516,1;2;0;0;0;0;0;8,3;3,1;47,4;0;0;0;0;0;6,3;0;0;6;0;0;0;0;0;0;0;10,1;0;70;25;6,3;0;;1;1;1;1;1;1;1;1;1;1;1;1;1;1;1;1;1;1;1;1;1;1;1;1;1;1;2;2;1;1;0;
02851021;2;1/5/1990;1;70,2;130,9;31;4;1;1;0;1516,1;2;0;0;0;0;0;0;0;0;0;0;0;0;0;0;0;0;0;0;0;0;0;0;0;0;0;0;0;16,4;20,2;24,1;70,2;1;1;1;1;1;1;1;1;1;1;1;1;1;1;1;1;1;1;1;1;1;1;1;1;1;1;1;1;1;1;1;
02851021;2;1/6/1990;1;27,3;75,3;25;5;1;1;0;1516,1;2;0;0;0;0;0;0;0;0;0;0;0;0;0;7;0;0;0;0;0;20,2;15,6;0;0;0;27,3;0;0;0;5,2;0;;1;1;1;1;1;1;1;1;1;1;1;1;1;1;1;1;1;1;1;1;1;1;1;1;1;1;1;1;1;1;0;
02851021;2;1/7/1990;1;22,1;50;16;5;1;1;0;1516,1;2;0;0;0;0;0;0;0;0;0;1,2;0;0;0;0;0;22,1;0;12;0;0;0;0;0;4,4;0;0;10,3;0;0;0;0;1;1;1;1;1;1;1;1;1;1;1;1;1;1;1;1;1;1;1;1;1;1;1;1;1;1;1;1;1;1;1;
02851021;2;1/8/1990;1;7,4;7,4;16;1;1;1;0;1516,1;2;0;0;0;0;0;0;0;0;0;0;0;0;0;0;0;7,4;0;0;0;0;0;0;0;0;0;0;0;0;0;0;0;1;1;1;1;1;1;1;1;1;1;1;1;1;1;1;1;1;1;1;1;1;1;1;1;1;1;1;1;1;1;1;
02851021;2;1/9/1990;1;38,2;206,5;13;12;1;1;0;1516,1;2;20,1;6,3;0;0;0;0;6,3;29,1;0;0;0;22,1;38,2;0;0;0;0;0;10,3;9,2;20,1;35,3;0;0;0;0;0;0;7,4;2,1;;1;1;1;1;1;1;1;1;1;1;1;1;1;1;1;1;1;1;1;1;1;1;1;1;1;1;1;1;1;1;0;
02851021;2;1/10/1990;1;43,2;196,5;9;11;1;1;0;1516,1;2;0;7,2;0;0;0;0;2,1;12,4;43,2;14,2;0;17,3;30,4;40,2;20,1;0;0;0;0;4,3;0;0;0;0;0;0;0;0;0;5,1;0;1;1;1;1;1;1;1;1;1;1;1;1;1;1;1;1;1;1;1;1;1;1;1;1;1;1;1;1;1;1;1;
02851021;2;1/11/1990;1;46,3;201,5;1;11;1;1;0;1516,1;2;46,3;0;0;10,2;39,2;0;0;9,2;0;0;12,4;24,2;17,1;0;8,3;0;3,2;0;14,3;0;17,1;0;0;0;0;0;0;0;0;0;;1;1;1;1;1;1;1;1;1;1;1;1;1;1;1;1;1;1;1;1;1;1;1;1;1;1;1;1;1;1;0;
02851021;2;1/12/1990;1;40,1;100;3;6;1;1;0;1516,1;2;0;0;40,1;0;0;25,1;0;7,2;0;0;9,3;2,2;0;0;0;0;0;0;0;0;0;0;0;16,1;0;0;0;0;0;0;0;1;1;1;1;1;1;1;1;1;1;1;1;1;1;1;1;1;1;1;1;1;1;1;1;1;1;1;1;1;1;1;
02851021;2;1/1/1991;1;29,1;102;26;7;1;1;0;1004;1;0;0;0;3,2;0;0;0;0;0;0;6,1;0;0;0;0;0;17,1;0;0;0;0;0;0;0;24,2;29,1;3,2;0;0;19,1;0;1;1;1;1;1;1;1;1;1;1;1;1;1;1;1;1;1;1;1;1;1;1;1;1;1;1;1;1;1;1;1;
02851021;2;1/2/1991;1;8;12,1;23;2;1;1;0;1004;1;0;0;0;0;0;0;0;4,1;0;0;0;0;0;0;0;0;0;0;0;0;0;0;8;0;0;0;0;0;;;;1;1;1;1;1;1;1;1;1;1;1;1;1;1;1;1;1;1;1;1;1;1;1;1;1;1;1;1;0;0;0;
02851021;2;1/3/1991;1;16,2;20,5;13;2;1;1;0;1004;1;4,3;0;0;0;0;0;0;0;0;0;0;0;16,2;0;0;0;0;0;0;0;0;0;0;0;0;0;0;0;0;0;0;1;1;1;1;1;1;1;1;1;1;1;1;1;1;1;1;1;1;1;1;1;1;1;1;1;1;1;1;1;1;1;
02851021;2;1/4/1991;1;41,1;117,8;18;5;1;1;0;1004;1;6,4;0;0;0;0;0;0;0;0;0;2,1;0;0;0;0;0;0;41,1;0;0;0;0;0;30,1;0;0;38,1;0;0;0;;1;1;1;1;1;1;1;1;1;1;1;1;1;1;1;1;1;1;1;1;1;1;1;1;1;1;1;1;1;1;0;
02851021;2;1/5/1991;1;5,2;8,7;14;3;1;1;0;1004;1;0;0;0;0;1,2;0;0;0;0;0;0;0;0;5,2;0;2,3;0;0;0;0;0;0;0;0;0;0;0;0;0;0;0;1;1;1;1;1;1;1;1;1;1;1;1;1;1;1;1;1;1;1;1;1;1;1;1;1;1;1;1;1;1;1;
02851021;2;1/6/1991;1;46,3;150,7;19;7;1;1;0;1004;1;0;0;0;34,2;16,4;0;0;0;0;0;0;0;0;0;0;0;0;12,1;46,3;18,4;3,2;0;0;0;0;0;0;20,1;0;0;;1;1;1;1;1;1;1;1;1;1;1;1;1;1;1;1;1;1;1;1;1;1;1;1;1;1;1;1;1;1;0;
02851021;2;1/7/1991;1;32,4;93,1;23;5;1;1;0;1004;1;0;0;0;0;0;0;0;0;0;6,2;22,1;0;0;0;0;0;0;0;0;0;0;28,3;32,4;4,1;0;0;0;0;0;0;0;1;1;1;1;1;1;1;1;1;1;1;1;1;1;1;1;1;1;1;1;1;1;1;1;1;1;1;1;1;1;1;
02851021;2;1/8/1991;1;28,3;63,9;1;4;1;1;0;1004;1;28,3;0;0;0;0;10,2;18,3;0;0;0;0;0;0;0;0;0;0;0;0;0;0;0;0;0;0;0;0;0;0;7,1;0;1;1;1;1;1;1;1;1;1;1;1;1;1;1;1;1;1;1;1;1;1;1;1;1;1;1;1;1;1;1;1;
02851021;2;1/9/1991;1;16,1;56,6;19;7;1;1;0;1004;1;0;0;0;0;0;0;0;0;0;0;15,2;0;0;0;10,2;0;0;0;16,1;0;0;0;6,3;0;0;0;0;2,4;5,3;1,1;;1;1;1;1;1;1;1;1;1;1;1;1;1;1;1;1;1;1;1;1;1;1;1;1;1;1;1;1;1;1;0;
02851021;2;1/10/1991;1;55,2;128,2;6;7;1;1;0;1004;1;11,3;0;0;0;0;55,2;2,2;0;0;11,2;0;0;0;0;0;0;2,1;0;0;0;0;0;0;0;0;32,1;0;0;0;14,1;0;1;1;1;1;1;1;1;1;1;1;1;1;1;1;1;1;1;1;1;1;1;1;1;1;1;1;1;1;1;1;1;
02851021;2;1/11/1991;1;40,1;83,2;15;6;1;1;0;1004;1;0;20,2;0;0;0;0;3,3;0;0;0;0;0;0;7,1;40,1;0;0;0;0;0;0;0;0;0;0;0;2,4;0;0;10,1;;1;1;1;1;1;1;1;1;1;1;1;1;1;1;1;1;1;1;1;1;1;1;1;1;1;1;1;1;1;1;0;
02851021;2;1/12/1991;1;60,2;167,2;26;10;1;1;0;1004;1;0;0;0;0;3,1;0;0;0;0;17,3;0;15,2;0;0;4,3;5,2;0;0;0;19,2;0;0;2,3;0;15,1;60,2;25,3;0;0;0;0;1;1;1;1;1;1;1;1;1;1;1;1;1;1;1;1;1;1;1;1;1;1;1;1;1;1;1;1;1;1;1;
02851021;2;1/1/1992;1;74,2;136,3;24;9;1;1;0;1551,7;1;0;10,2;2,3;0;0;0;0;0;0;0;0;0;0;0;0;0;0;0;0;0;0;9,3;11,4;74,2;12,1;6,3;7,3;3,2;0;0;0;1;1;1;1;1;1;1;1;1;1;1;1;1;1;1;1;1;1;1;1;1;1;1;1;1;1;1;1;1;1;1;
02851021;2;1/2/1992;1;16,2;83,6;13;9;1;1;0;1551,7;1;0;0;0;0;0;3,1;0;0;0;4,1;0;15,3;16,2;0;0;13,1;2,2;0;0;0;0;0;7,2;16,1;0;0;0;6,3;0;;;1;1;1;1;1;1;1;1;1;1;1;1;1;1;1;1;1;1;1;1;1;1;1;1;1;1;1;1;1;0;0;
02851021;2;1/3/1992;1;61,2;162,5;24;10;1;1;0;1551,7;1;4,1;0;0;0;12,1;0;6,4;0;0;11,4;0;0;8,2;0;0;25,3;0;0;0;0;0;0;21,1;61,2;0;0;0;11,1;0;1,6;0;1;1;1;1;1;1;1;1;1;1;1;1;1;1;1;1;1;1;1;1;1;1;1;1;1;1;1;1;1;1;1;
02851021;2;1/4/1992;1;53,2;129,9;7;8;1;1;0;1551,7;1;0;0;0;0;0;2,1;53,2;0;0;0;0;0;33,1;10,2;4,1;0;0;0;0;0;0;0;7;5,1;0;0;15,1;0;0;0;;1;1;1;1;1;1;1;1;1;1;1;1;1;1;1;1;1;1;1;1;1;1;1;1;1;1;1;1;1;1;0;
02851021;2;1/5/1992;1;115,2;201,4;28;7;1;1;0;1551,7;1;0;0;0;0;0;0;0;0;0;0;0;0;24,3;0;0;0;21,3;0;0;0;0;0;5,1;18,2;0;0;10,1;115,2;0;7,2;0;1;1;1;1;1;1;1;1;1;1;1;1;1;1;1;1;1;1;1;1;1;1;1;1;1;1;1;1;1;1;1;
02851021;2;1/6/1992;1;45,2;120,7;9;8;1;1;0;1551,7;1;0;0;0;22,1;4,1;0;0;0;45,2;0;0;0;0;0;0;0;0;0;0;0;0;12,1;8,3;3,5;0;0;0;0;2,1;23,3;;1;1;1;1;1;1;1;1;1;1;1;1;1;1;1;1;1;1;1;1;1;1;1;1;1;1;1;1;1;1;0;
02851021;2;1/7/1992;1;52,1;222,1;6;10;1;1;0;1551,7;1;41,3;12,1;0;0;24,2;52,1;0;0;0;0;0;0;0;0;12,3;0;0;30,2;4,2;0;0;0;0;0;0;0;26,3;3,3;0;0;16,1;1;1;1;1;1;1;1;1;1;1;1;1;1;1;1;1;1;1;1;1;1;1;1;1;1;1;1;1;1;1;1;
02851021;2;1/8/1992;1;20,2;84,4;23;8;1;1;0;1551,7;1;0;0;0;10,1;0;0;0;15,1;5,2;0;19,1;4,2;0;0;0;0;0;0;8,2;0;0;0;20,2;2,3;0;0;0;0;0;0;0;1;1;1;1;1;1;1;1;1;1;1;1;1;1;1;1;1;1;1;1;1;1;1;1;1;1;1;1;1;1;1;
02851021;2;1/9/1992;1;50,3;176,4;1;8;1;1;0;1551,7;1;50,3;6,1;0;0;0;0;0;0;0;0;0;18,1;0;0;0;0;0;15,1;0;0;0;0;1,3;29,1;45,2;0;0;0;11,2;0;;1;1;1;1;1;1;1;1;1;1;1;1;1;1;1;1;1;1;1;1;1;1;1;1;1;1;1;1;1;1;0;
02851021;2;1/10/1992;1;17,1;53,7;27;5;1;1;0;1551,7;1;10,1;0;0;0;0;6,3;0;0;0;0;0;0;0;0;0;4,1;0;0;0;0;16,1;0;0;0;0;0;17,1;0;0;0;0;1;1;1;1;1;1;1;1;1;1;1;1;1;1;1;1;1;1;1;1;1;1;1;1;1;1;1;1;1;1;1;
02851021;2;1/11/1992;1;57,1;104,7;4;6;1;1;0;1551,7;1;0;0;0;57,1;0;0;0;0;0;0;3,1;0;0;0;0;13,1;0;0;0;0;0;17,1;0;0;6,1;0;0;0;0;8,2;;1;1;1;1;1;1;1;1;1;1;1;1;1;1;1;1;1;1;1;1;1;1;1;1;1;1;1;1;1;1;0;
02851021;2;1/12/1992;1;20,1;76;17;6;1;1;0;1551,7;1;6,1;0;0;0;0;0;16,1;0;0;0;8,2;0;0;0;0;0;20,1;18,3;0;0;0;0;0;0;7,2;0;0;0;0;0;0;1;1;1;1;1;1;1;1;1;1;1;1;1;1;1;1;1;1;1;1;1;1;1;1;1;1;1;1;1;1;1;
02851021;2;1/1/1993;1;30,3;163,8;27;12;1;1;0;1391;2;0;15,1;10,3;0;8,1;0;12,3;0;17,3;0;0;0;0;0;0;25,3;18,4;0;0;0;0;0;0;0;0;0;30,3;4,1;4,2;14,3;4,1;1;1;1;1;1;1;1;1;1;1;1;1;1;1;1;1;1;1;1;1;1;1;1;1;1;1;1;1;1;1;1;
02851021;2;1/2/1993;1;15,2;62,2;18;7;1;1;0;1391;2;0;0;0;0;0;0;0;11,2;0;0;0;0;0;0;2,1;3,2;15,1;15,2;0;0;5,1;10,3;0;0;0;0;0;0;;;;1;1;1;1;1;1;1;1;1;1;1;1;1;1;1;1;1;1;1;1;1;1;1;1;1;1;1;1;0;0;0;
02851021;2;1/3/1993;1;30,2;135,7;25;10;2;2;0;1391;2;0;2,4;0;0;0;18,2;0;20,2;10,1;0;0;0;0;0;15,1;0;0;0;14,1;0;2,2;0;0;12,1;30,2;0;0;0;0;11,1;0;1;1;1;1;1;1;1;1;1;1;1;1;1;1;1;1;1;1;1;1;1;1;1;1;2;1;1;1;1;1;1;
02851021;2;1/4/1993;1;23,1;61,8;7;5;1;1;0;1391;2;0;0;0;0;0;0;23,1;0;0;0;0;0;3,2;0;0;0;0;8,1;0;0;0;0;7,3;0;0;0;0;20,1;0;0;;1;1;1;1;1;1;1;1;1;1;1;1;1;1;1;1;1;1;1;1;1;1;1;1;1;1;1;1;1;1;0;
02851021;2;1/5/1993;1;58,1;141,9;31;6;1;1;0;1391;2;0;0;0;0;40,1;0;0;0;0;0;5,3;25,1;9,1;0;0;0;0;0;0;0;0;0;0;0;0;0;4,2;0;0;0;58,1;1;1;1;1;1;1;1;1;1;1;1;1;1;1;1;1;1;1;1;1;1;1;1;1;1;1;1;1;1;1;1;
02851021;2;1/6/1993;1;48,1;107;4;6;1;1;0;1391;2;0;0;0;48,1;12,4;0;0;0;0;0;0;0;0;0;0;10,1;0;11,1;0;0;0;0;0;20,1;5,2;0;0;0;0;0;;1;1;1;1;1;1;1;1;1;1;1;1;1;1;1;1;1;1;1;1;1;1;1;1;1;1;1;1;1;1;0;
02851021;2;1/7/1993;1;62,1;235,6;4;9;1;1;0;1391;2;0;12,1;51,3;62,1;20,2;0;15,1;0;0;0;50,3;0;18,2;0;0;0;3,2;0;0;0;0;0;0;0;0;0;0;0;3,1;0;0;1;1;1;1;1;1;1;1;1;1;1;1;1;1;1;1;1;1;1;1;1;1;1;1;1;1;1;1;1;1;1;
02851021;2;1/8/1993;1;24,2;24,2;31;1;1;1;0;1391;2;0;0;0;0;0;0;0;0;0;0;0;0;0;0;0;0;0;0;0;0;0;0;0;0;0;0;0;0;0;0;24,2;1;1;1;1;1;1;1;1;1;1;1;1;1;1;1;1;1;1;1;1;1;1;1;1;1;1;1;1;1;1;1;
02851021;2;1/9/1993;1;34,2;86,4;21;6;1;1;0;1391;2;3,2;0;0;0;0;0;0;0;0;0;0;0;0;0;8,2;0;0;0;0;0;34,2;12,4;0;0;0;10,1;18,3;0;0;0;;1;1;1;1;1;1;1;1;1;1;1;1;1;1;1;1;1;1;1;1;1;1;1;1;1;1;1;1;1;1;0;
02851021;2;1/10/1993;1;42,1;132,8;24;9;1;1;0;1391;2;0;0;0;2,3;13,1;0;0;0;0;0;0;0;11,3;0;0;0;0;7,3;1,3;0;27,2;0;0;42,1;3,1;0;0;0;0;0;25,1;1;1;1;1;1;1;1;1;1;1;1;1;1;1;1;1;1;1;1;1;1;1;1;1;1;1;1;1;1;1;1;
02851021;2;1/11/1993;1;23,3;89,4;25;7;1;1;0;1391;2;10,1;0;0;0;0;0;0;0;0;0;0;0;4,3;20,3;14,1;15,2;2,1;0;0;0;0;0;0;0;23,3;0;0;0;0;0;;1;1;1;1;1;1;1;1;1;1;1;1;1;1;1;1;1;1;1;1;1;1;1;1;1;1;1;1;1;1;0;
02851021;2;1/12/1993;1;51,1;150,2;5;8;1;1;0;1391;2;20,1;0;0;0;51,1;18;0;0;0;0;0;0;0;0;31,2;1,3;0;0;0;0;0;0;0;0;0;0;8,1;18,3;2,1;0;0;1;1;1;1;1;1;1;1;1;1;1;1;1;1;1;1;1;1;1;1;1;1;1;1;1;1;1;1;1;1;1;
02851021;2;1/1/1994;1;18,1;49,7;26;5;1;1;0;1774,6;1;0;0;0;0;0;0;0;4,1;0;11,2;0;0;0;0;0;0;0;0;0;0;14,2;0;0;0;0;18,1;0;0;0;0;2,1;1;1;1;1;1;1;1;1;1;1;1;1;1;1;1;1;1;1;1;1;1;1;1;1;1;1;1;1;1;1;1;
02851021;2;1/2/1994;1;52,1;256,2;17;12;1;1;0;1774,6;1;0;9,1;0;0;17,2;0;0;0;6,2;0;0;0;20,1;20,3;0;0;52,1;17,4;0;0;44,1;7,1;47,3;5,1;10,2;0;0;0;;;;1;1;1;1;1;1;1;1;1;1;1;1;1;1;1;1;1;1;1;1;1;1;1;1;1;1;1;1;0;0;0;
02851021;2;1/3/1994;1;15,1;63,5;22;6;1;1;0;1774,6;1;0;12,2;0;0;0;0;0;0;0;13,2;9,2;0;0;0;0;0;4,4;0;0;0;0;15,1;0;0;0;9,4;0;0;0;0;0;1;1;1;1;1;1;1;1;1;1;1;1;1;1;1;1;1;1;1;1;1;1;1;1;1;1;1;1;1;1;1;
02851021;2;1/4/1994;1;83;198,8;21;5;1;1;0;1774,6;1;0;0;0;0;0;0;31,2;0;0;0;0;0;0;0;0;0;0;8,4;0;0;83;24,1;0;0;0;52,1;0;0;0;0;;1;1;1;1;1;1;1;1;1;1;1;1;1;1;1;1;1;1;1;1;1;1;1;1;1;1;1;1;1;1;0;
02851021;2;1/5/1994;1;46,1;145,3;13;5;1;1;0;1774,6;1;0;0;0;0;9,1;0;0;0;0;23,1;0;0;46,1;0;0;0;0;0;0;0;0;0;0;0;30;37;0;0;0;0;0;1;1;1;1;1;1;1;1;1;1;1;1;1;1;1;1;1;1;1;1;1;1;1;1;1;1;1;1;1;1;1;
02851021;2;1/6/1994;1;52,1;147,8;1;7;1;1;0;1774,6;1;52,1;0;0;0;0;0;21,4;0;0;0;0;0;0;0;0;0;12,3;20,1;21,3;0;1,3;0;0;0;19,3;0;0;0;0;0;;1;1;1;1;1;1;1;1;1;1;1;1;1;1;1;1;1;1;1;1;1;1;1;1;1;1;1;1;1;1;0;
02851021;2;1/7/1994;1;63,1;159,8;2;5;1;1;0;1774,6;1;0;63,1;0;0;4,2;46,1;0;0;0;0;0;0;0;0;0;0;0;0;0;0;0;0;29,3;0;0;17,1;0;0;0;0;0;1;1;1;1;1;1;1;1;1;1;1;1;1;1;1;1;1;1;1;1;1;1;1;1;1;1;1;1;1;1;1;
02851021;2;1/8/1994;1;23,3;44,8;16;4;1;1;0;1774,6;1;0;11,2;0;0;0;0;0;0;0;8,2;0;0;0;0;0;23,3;0;0;0;0;0;0;0;0;0;0;0;0;2,1;0;0;1;1;1;1;1;1;1;1;1;1;1;1;1;1;1;1;1;1;1;1;1;1;1;1;1;1;1;1;1;1;1;
02851021;2;1/9/1994;1;42,2;107;14;5;1;1;0;1774,6;1;0;8,2;0;0;0;0;0;30,3;0;0;0;0;0;42,2;0;9,1;0;0;0;0;0;0;0;0;0;17,2;0;0;0;0;;1;1;1;1;1;1;1;1;1;1;1;1;1;1;1;1;1;1;1;1;1;1;1;1;1;1;1;1;1;1;0;
02851021;2;1/10/1994;1;85,3;273,3;22;11;1;1;0;1774,6;1;12,1;75,3;13,2;0;0;0;0;0;0;0;9,3;0;17,3;0;13;13,3;4,2;0;20,2;0;10,1;85,3;0;0;0;0;0;0;0;0;0;1;1;1;1;1;1;1;1;1;1;1;1;1;1;1;1;1;1;1;1;1;1;1;1;1;1;1;1;1;1;1;
02851021;2;1/11/1994;1;27,2;93,6;29;8;1;1;0;1774,6;1;4,3;0;0;0;19,1;6,3;13,4;0;2,1;0;0;0;0;0;0;0;0;7,1;0;0;0;0;0;0;0;0;14,1;0;27,2;0;;1;1;1;1;1;1;1;1;1;1;1;1;1;1;1;1;1;1;1;1;1;1;1;1;1;1;1;1;1;1;0;
02851021;2;1/12/1994;1;60,2;234,8;14;9;1;1;0;1774,6;1;0;0;0;20,1;10,2;0;0;0;0;0;0;0;26,3;60,2;0;0;43,1;10,3;0;0;0;7,3;0;0;0;0;0;0;9,1;48,2;0;1;1;1;1;1;1;1;1;1;1;1;1;1;1;1;1;1;1;1;1;1;1;1;1;1;1;1;1;1;1;1;
02851021;2;1/1/1995;1;44,1;193,6;15;13;1;1;0;1391,4;1;4,1;3,2;0;0;0;33,1;0;0;2,2;14,2;0;0;10,3;30,4;44,1;10,3;3,3;0;0;3,1;7,2;0;0;0;0;0;0;28,1;0;0;0;1;1;1;1;1;1;1;1;1;1;1;1;1;1;1;1;1;1;1;1;1;1;1;1;1;1;1;1;1;1;1;
02851021;2;1/2/1995;1;38;129,1;15;10;1;1;0;1391,4;1;0;6,4;0;0;0;11,3;0;0;0;0;4,4;0;0;18,1;38;0;0;0;17,1;0;0;0;0;6,3;8;0;1,2;18,3;;;;1;1;1;1;1;1;1;1;1;1;1;1;1;1;1;1;1;1;1;1;1;1;1;1;1;1;1;1;0;0;0;
02851021;2;1/3/1995;1;18,1;48,9;24;5;1;1;0;1391,4;1;12,3;0;0;0;5,3;0;0;0;4;0;0;0;0;0;0;0;0;0;0;0;0;0;0;18,1;0;0;0;0;0;9,2;0;1;1;1;1;1;1;1;1;1;1;1;1;1;1;1;1;1;1;1;1;1;1;1;1;1;1;1;1;1;1;1;
02851021;2;1/4/1995;1;57,2;114,7;11;4;1;1;0;1391,4;1;0;0;0;0;0;0;0;0;0;25,1;57,2;0;0;0;0;0;24,3;0;0;8,1;0;0;0;0;0;0;0;0;0;0;;1;1;1;1;1;1;1;1;1;1;1;1;1;1;1;1;1;1;1;1;1;1;1;1;1;1;1;1;1;1;0;
02851021;2;1/5/1995;1;27,3;43,6;17;2;1;1;0;1391,4;1;0;0;0;0;0;0;0;0;0;0;0;0;0;0;0;0;27,3;0;0;0;0;0;0;0;0;0;0;0;0;16,3;0;1;1;1;1;1;1;1;1;1;1;1;1;1;1;1;1;1;1;1;1;1;1;1;1;1;1;1;1;1;1;1;
02851021;2;1/6/1995;1;34,3;105,4;8;8;1;1;0;1391,4;1;0;0;0;0;0;0;0;34,3;0;9,9;0;0;0;1,5;0;0;9;0;0;0;0;0;0;9,2;20,3;8,1;0;13,1;0;0;;1;1;1;1;1;1;1;1;1;1;1;1;1;1;1;1;1;1;1;1;1;1;1;1;1;1;1;1;1;1;0;
02851021;2;1/7/1995;1;45,1;231,9;3;11;1;1;0;1391,4;1;0;0;45,1;7,2;0;0;45,1;0;0;0;0;0;0;0;0;24,1;10,4;6,2;13,1;40,2;0;0;0;0;0;0;0;0;10,3;20,2;10;1;1;1;1;1;1;1;1;1;1;1;1;1;1;1;1;1;1;1;1;1;1;1;1;1;1;1;1;1;1;1;
02851021;2;1/8/1995;1;32,3;137,3;4;11;1;1;0;1391,4;1;2,1;0;0;32,3;0;0;0;8,1;0;0;10,3;5,2;0;20,3;13,3;11,1;2,3;23,2;9,1;0;0;0;0;0;0;0;0;0;0;0;0;1;1;1;1;1;1;1;1;1;1;1;1;1;1;1;1;1;1;1;1;1;1;1;1;1;1;1;1;1;1;1;
02851021;2;1/9/1995;1;26,1;115;12;8;1;1;0;1391,4;1;0;0;0;0;0;0;0;0;0;0;0;26,1;0;2,9;0;0;0;0;24,1;6,2;0;0;20,1;0;0;16,1;0;0;4,2;15,3;;1;1;1;1;1;1;1;1;1;1;1;1;1;1;1;1;1;1;1;1;1;1;1;1;1;1;1;1;1;1;0;
02851021;2;1/10/1995;1;14,2;48,4;1;7;1;1;0;1391,4;1;14,2;0;3,2;5,2;6,1;0;0;0;0;0;0;0;0;0;0;0;0;0;0;0;9,1;0;0;0;0;0;7,3;3,3;0;0;0;1;1;1;1;1;1;1;1;1;1;1;1;1;1;1;1;1;1;1;1;1;1;1;1;1;1;1;1;1;1;1;
02851021;2;1/11/1995;1;13,5;30;15;3;1;1;0;1391,4;1;0;0;0;0;0;0;0;0;0;0;0;0;0;9,3;13,5;0;0;0;0;0;0;0;0;0;0;0;7,2;0;0;0;;1;1;1;1;1;1;1;1;1;1;1;1;1;1;1;1;1;1;1;1;1;1;1;1;1;1;1;1;1;1;0;
02851021;2;1/12/1995;1;79,1;193,5;24;7;1;1;0;1391,4;1;0;0;0;0;0;0;0;0;0;0;0;0;3,2;0;0;0;0;0;0;0;0;23,2;37,4;79,1;10,3;35,1;5,2;0;0;0;0;1;1;1;1;1;1;1;1;1;1;1;1;1;1;1;1;1;1;1;1;1;1;1;1;1;1;1;1;1;1;1;
02851021;2;1/1/1996;1;90,2;331,2;16;12;1;1;0;1581,6;1;0;0;0;0;0;16,3;0;0;0;0;0;0;0;25;10,3;90,2;4,1;0;0;0;0;10,3;4,1;0;18,3;75,1;30,3;31,1;0;16,1;0;1;1;1;1;1;1;1;1;1;1;1;1;1;1;1;1;1;1;1;1;1;1;1;1;1;1;1;1;1;1;1;
02851021;2;1/2/1996;1;34,2;119,7;11;12;1;1;0;1581,6;1;4,2;8,3;0;12,4;3,1;10,2;0;0;0;0;34,2;0;0;0;0;0;0;0;6,1;0;0;0;0;9,2;4,3;2,3;0;5,3;20,1;;;1;1;1;1;1;1;1;1;1;1;1;1;1;1;1;1;1;1;1;1;1;1;1;1;1;1;1;1;1;0;0;
02851021;2;1/3/1996;1;45,2;109,5;30;7;1;1;0;1581,6;1;0;0;0;5,1;0;0;0;6,2;0;0;0;0;0;27,2;0;0;0;0;0;4,3;0;0;0;7,3;0;0;14,2;0;0;45,2;0;1;1;1;1;1;1;1;1;1;1;1;1;1;1;1;1;1;1;1;1;1;1;1;1;1;1;1;1;1;1;1;
02851021;2;1/4/1996;1;60,2;109,8;4;5;1;1;0;1581,6;1;0;0;0;60,2;0;0;23,1;0;0;12,2;0;0;0;0;0;13,2;0;0;0;0;0;0;0;0;1,1;0;0;0;0;0;;1;1;1;1;1;1;1;1;1;1;1;1;1;1;1;1;1;1;1;1;1;1;1;1;1;1;1;1;1;1;0;
02851021;2;1/5/1996;1;16,1;18,1;31;2;1;1;0;1581,6;1;2;0;0;0;0;0;0;0;0;0;0;0;0;0;0;0;0;0;0;0;0;0;0;0;0;0;0;0;0;0;16,1;1;1;1;1;1;1;1;1;1;1;1;1;1;1;1;1;1;1;1;1;1;1;1;1;1;1;1;1;1;1;1;
02851021;2;1/6/1996;1;43,1;116,6;27;7;1;1;0;1581,6;1;0;0;0;0;0;0;0;7,3;0;0;0;0;0;0;0;16,1;0;28,3;3,2;0;0;0;0;0;0;6,3;43,1;12,3;0;0;;1;1;1;1;1;1;1;1;1;1;1;1;1;1;1;1;1;1;1;1;1;1;1;1;1;1;1;1;1;1;0;
02851021;2;1/7/1996;1;45,2;115,4;8;7;1;1;0;1581,6;1;0;0;0;0;0;0;5,2;45,2;12,1;5,3;0;0;0;0;0;0;0;0;6,3;39,2;0;0;0;0;0;2,1;0;0;0;0;0;1;1;1;1;1;1;1;1;1;1;1;1;1;1;1;1;1;1;1;1;1;1;1;1;1;1;1;1;1;1;1;
02851021;2;1/8/1996;1;54,1;186,1;31;6;1;1;0;1581,6;1;0;0;0;0;0;0;9,4;0;48,3;12,1;0;0;0;40,1;0;0;0;0;0;0;0;0;0;0;0;0;0;22,1;0;0;54,1;1;1;1;1;1;1;1;1;1;1;1;1;1;1;1;1;1;1;1;1;1;1;1;1;1;1;1;1;1;1;1;
02851021;2;1/9/1996;1;35,1;138,5;9;12;1;1;0;1581,6;1;20,1;0;0;3,2;0;0;0;0;35,1;0;0;0;0;0;0;10,3;0;0;0;0;0;0;10,3;24,2;3,2;5,1;4,3;12,3;8,3;2,1;;1;1;1;1;1;1;1;1;1;1;1;1;1;1;1;1;1;1;1;1;1;1;1;1;1;1;1;1;1;1;0;
02851021;2;1/10/1996;1;62,1;163,8;25;9;1;1;0;1581,6;1;0;0;2,3;0;4,3;0;0;0;0;6,2;46,2;0;0;2,1;26,1;0;0;0;8,2;0;0;0;6,3;0;62,1;0;0;0;0;0;0;1;1;1;1;1;1;1;1;1;1;1;1;1;1;1;1;1;1;1;1;1;1;1;1;1;1;1;1;1;1;1;
02851021;2;1/11/1996;1;20,2;66,2;16;5;1;1;0;1581,6;1;0;0;7;0;0;0;0;15,3;0;15,4;0;0;0;8,3;0;20,2;0;0;0;0;0;0;0;0;0;0;0;0;0;0;;1;1;1;1;1;1;1;1;1;1;1;1;1;1;1;1;1;1;1;1;1;1;1;1;1;1;1;1;1;1;0;
02851021;2;1/12/1996;1;54;106,7;7;4;1;1;0;1581,6;1;0;0;0;0;19,3;24,1;54;0;0;0;0;0;0;0;0;0;0;0;9,3;0;0;0;0;0;0;0;0;0;0;0;0;1;1;1;1;1;1;1;1;1;1;1;1;1;1;1;1;1;1;1;1;1;1;1;1;1;1;1;1;1;1;1;
02851021;2;1/1/1997;1;48,2;116,8;31;9;1;1;0;1806,1;3;0;0;0;0;0;0;0;0;0;3,1;0;0;1,3;0;0;0;0;0;0;18,1;0;0;0;0;0;10,1;13,3;9,2;3,2;10,3;48,2;1;1;1;1;1;1;1;1;1;1;1;1;1;1;1;1;1;1;1;1;1;1;1;1;1;1;1;1;1;1;1;
02851021;2;1/2/1997;1;70,2;214,4;7;12;1;1;0;1806,1;3;40,3;10,1;6,3;23,1;11;8,3;70,2;0;0;0;2,1;0;0;5,2;0;0;0;0;0;14,2;0;0;0;16,3;7,3;0;0;0;;;;1;1;1;1;1;1;1;1;1;1;1;1;1;1;1;1;1;1;1;1;1;1;1;1;1;1;1;1;0;0;0;
02851021;2;1/3/1997;1;31,1;48,5;6;4;1;1;0;1806,1;3;0;0;5,1;0;10,2;31,1;0;0;0;0;0;0;0;0;0;0;0;0;0;0;0;0;0;2,1;0;0;0;0;0;0;0;1;1;1;1;1;1;1;1;1;1;1;1;1;1;1;1;1;1;1;1;1;1;1;1;1;1;1;1;1;1;1;
02851021;2;1/4/1997;1;26,1;73;25;6;1;1;0;1806,1;3;0;0;0;0;9,2;0;0;0;0;0;0;4,1;0;0;0;0;0;6,1;0;23,2;4,3;0;0;0;26,1;0;0;0;0;0;;1;1;1;1;1;1;1;1;1;1;1;1;1;1;1;1;1;1;1;1;1;1;1;1;1;1;1;1;1;1;0;
02851021;2;1/5/1997;1;30,4;48,1;20;4;1;1;0;1806,1;3;0;0;0;0;0;0;0;0;0;0;0;0;0;0;0;0;0;0;0;30,4;0;5,1;0;0;0;0;0;6,4;6,2;0;0;1;1;1;1;1;1;1;1;1;1;1;1;1;1;1;1;1;1;1;1;1;1;1;1;1;1;1;1;1;1;1;
02851021;2;1/6/1997;1;48,1;97,6;14;4;1;1;0;1806,1;3;0;0;0;0;0;0;0;0;0;0;0;0;0;48,1;0;0;0;0;36,1;0;0;0;0;0;2,1;11,3;0;0;0;0;;1;1;1;1;1;1;1;1;1;1;1;1;1;1;1;1;1;1;1;1;1;1;1;1;1;1;1;1;1;1;0;
02851021;2;1/7/1997;1;31,4;91,1;17;4;1;1;0;1806,1;3;0;0;14,4;0;0;0;0;0;0;0;0;0;0;0;0;0;31,4;0;27,1;0;18,2;0;0;0;0;0;0;0;0;0;0;1;1;1;1;1;1;1;1;1;1;1;1;1;1;1;1;1;1;1;1;1;1;1;1;1;1;1;1;1;1;1;
02851021;2;1/8/1997;1;87,2;311;3;10;1;1;0;1806,1;3;75,2;19,3;87,2;32,1;0;15,2;8,3;0;0;0;0;0;0;0;0;0;0;0;0;4,1;7,3;56,2;6,1;0;0;0;0;0;0;0;0;1;1;1;1;1;1;1;1;1;1;1;1;1;1;1;1;1;1;1;1;1;1;1;1;1;1;1;1;1;1;1;
02851021;2;1/9/1997;1;25,1;68,8;14;5;3;3;0;1806,1;3;0;0;0;0;3,1;0;0;0;0;0;0;0;9,3;25,1;0;0;0;0;0;15,3;0;0;0;0;0;0;0;0;16;0;;1;1;1;1;1;1;1;1;1;1;1;1;1;1;1;1;1;1;1;1;1;1;1;1;1;1;1;1;3;1;0;
02851021;2;1/10/1997;1;72,1;339,6;29;15;1;1;0;1806,1;3;52,3;7,1;0;0;10,3;60,4;0;0;7,1;35,2;6,1;40,1;10,3;0;12,3;5,4;0;0;0;0;0;9,5;0;0;0;0;0;0;72,1;4,3;7,1;1;1;1;1;1;1;1;1;1;1;1;1;1;1;1;1;1;1;1;1;1;1;1;1;1;1;1;1;1;1;1;
02851021;2;1/11/1997;1;38;203,3;3;12;1;1;0;1806,1;3;28,1;0;38;6,1;4,3;20,2;3;0;0;0;0;26,3;16,1;3,1;0;0;0;0;0;0;0;0;30,5;0;0;25,2;2,4;0;0;0;;1;1;1;1;1;1;1;1;1;1;1;1;1;1;1;1;1;1;1;1;1;1;1;1;1;1;1;1;1;1;0;
02851021;2;1/12/1997;1;42,1;193,9;31;14;1;1;0;1806,1;3;0;0;0;0;0;0;0;8,1;0;0;6;0;0;9,1;10,2;0;0;0;0;0;10;6,1;4,3;2,1;10,3;40,1;0;3,2;28,1;14,2;42,1;1;1;1;1;1;1;1;1;1;1;1;1;1;1;1;1;1;1;1;1;1;1;1;1;1;1;1;1;1;1;1;
02851021;2;1/1/1998;1;49,2;192,8;27;11;1;1;0;;0;4,1;0;0;0;0;13,1;36,3;0;0;0;0;0;1,9;0;0;2,1;0;0;0;0;0;0;4,1;20,2;43,3;15,1;49,2;3,4;0;0;0;1;1;1;1;1;1;1;1;1;1;1;1;1;1;1;1;1;1;1;1;1;1;1;1;1;1;1;1;1;1;1;
02851021;2;1/2/1998;1;69,2;262,6;10;10;1;1;0;;0;35,2;12;0;0;6,1;0;58,2;0;0;69,2;3,1;0;0;0;0;18;0;0;0;0;0;0;0;11,1;0;34,5;0;15,2;;;;1;1;1;1;1;1;1;1;1;1;1;1;1;1;1;1;1;1;1;1;1;1;1;1;1;1;1;1;0;0;0;
02851021;2;1/3/1998;1;30,2;128,2;18;8;1;1;0;;0;27,1;0;0;0;0;0;0;0;0;5,2;0;0;26,1;0;0;0;0;30,2;10,1;0;0;0;5,2;0;10,1;0;14,2;0;0;0;0;1;1;1;1;1;1;1;1;1;1;1;1;1;1;1;1;1;1;1;1;1;1;1;1;1;1;1;1;1;1;1;
02851021;2;1/4/1998;1;48,2;158,1;28;8;1;1;0;;0;0;0;0;0;0;0;15,3;0;0;0;0;17,3;0;0;1,7;0;7,1;0;0;0;0;0;24,1;16,1;0;0;0;48,2;28,3;0;;1;1;1;1;1;1;1;1;1;1;1;1;1;1;1;1;1;1;1;1;1;1;1;1;1;1;1;1;1;1;0;
02851021;2;1/5/1998;1;40,1;91,6;14;6;1;1;0;;0;0;0;0;0;0;0;0;0;0;0;0;0;27,1;40,1;0;0;3,2;2,1;0;0;0;0;0;0;10,3;0;0;0;0;8,8;0;1;1;1;1;1;1;1;1;1;1;1;1;1;1;1;1;1;1;1;1;1;1;1;1;1;1;1;1;1;1;1;
02851021;2;1/6/1998;1;;;;;0;0;0;;0;;;;;;;;;;;;;;;;;;;;;;;;;;;;;;;;0;0;0;0;0;0;0;0;0;0;0;0;0;0;0;0;0;0;0;0;0;0;0;0;0;0;0;0;0;0;0;
02851021;2;1/7/1998;1;;;;;0;0;0;;0;;;;;;;;;;;;;;;;;;;;;;;;;;;;;;;;0;0;0;0;0;0;0;0;0;0;0;0;0;0;0;0;0;0;0;0;0;0;0;0;0;0;0;0;0;0;0;
02851021;2;1/8/1998;1;;;;;0;0;0;;0;;;;;;;;;;;;;;;;;;;;;;;;;;;;;;;;0;0;0;0;0;0;0;0;0;0;0;0;0;0;0;0;0;0;0;0;0;0;0;0;0;0;0;0;0;0;0;
02851021;2;1/9/1998;1;;;;;0;0;0;;0;;;;;;;;;;;;;;;;;;;;;;;;;;;;;;;;0;0;0;0;0;0;0;0;0;0;0;0;0;0;0;0;0;0;0;0;0;0;0;0;0;0;0;0;0;0;0;
02851021;2;1/10/1998;1;;;;;0;0;0;;0;;;;;;;;;;;;;;;;;;;;;;;;;;;;;;;;0;0;0;0;0;0;0;0;0;0;0;0;0;0;0;0;0;0;0;0;0;0;0;0;0;0;0;0;0;0;0;
02851021;2;1/11/1998;1;;;;;0;0;0;;0;;;;;;;;;;;;;;;;;;;;;;;;;;;;;;;;0;0;0;0;0;0;0;0;0;0;0;0;0;0;0;0;0;0;0;0;0;0;0;0;0;0;0;0;0;0;0;
02851021;2;1/12/1998;1;;;;;0;0;0;;0;;;;;;;;;;;;;;;;;;;;;;;;;;;;;;;;0;0;0;0;0;0;0;0;0;0;0;0;0;0;0;0;0;0;0;0;0;0;0;0;0;0;0;0;0;0;0;
