  63.8  69.7 252.1 173.0  92.3  15.4    .5    .2   4.0    .1   1.9  15.2
 161.8  97.5 284.0 170.1  29.9    .2   1.0    .3    .0    .0  35.4  96.1
 204.5 246.0 195.5 374.1 136.2  38.0  38.1   4.7   2.0    .1    .0    .7
  43.8   3.5 174.9 271.5  92.0  55.3   7.9    .0    .2   2.7    .1    .5
    .4  53.4  41.9  91.7  89.2   6.6  28.7   3.9   3.7    .1    .2    .5
   9.9 203.4 264.1 214.4 108.2   8.0   3.3    .8    .0    .0    .1   3.4
  27.2  43.1 259.1 289.8 209.2   2.3   3.0    .1    .0   2.8    .6  33.9
  33.5  31.5  99.2 220.0  41.0  45.8  68.7  19.5    .1   1.0    .0    .3
  70.2  28.6 174.1 105.7  56.6  18.1   2.4    .2    .3   2.2   4.6    .5
  61.8  62.9 189.8 160.8 112.5  57.2  57.9   5.6    .1  72.1   1.3   2.9
  14.3  63.1  99.4  69.9  76.9  27.1  31.5   9.3    .5    .2    .5   8.4
  50.5 130.0 189.5 178.9 131.2  69.0  36.7   3.4   2.6    .3    .2  10.5
 215.8 125.9 284.1 407.3 310.6  33.1   7.5    .1   2.3  13.6   2.0  18.8
  32.7  97.6 143.9 146.1 152.8  33.4  36.5   2.4   7.5    .2   2.3  58.6
  19.7 132.7 164.8  92.5  17.2   7.4  11.9   4.5    .1    .6   2.5   2.3
  95.3 130.5 124.4 204.8  91.4  71.4  47.7    .2    .1    .1    .6   1.2
   6.6  98.2 165.8 208.2  82.6  21.5   7.5   4.1    .1    .4  13.2   8.1
  32.4  40.9  98.2  94.5  72.9   9.7    .3   3.1  11.0    .0    .3  27.6
  54.7 211.1 120.3  34.7  26.2  15.7    .1    .0   3.5   4.1    .1   2.0
  30.9  23.6 306.7  55.2  39.8   4.4    .1    .6    .0    .0    .1  47.0
  18.6  55.1 182.6 169.6  67.6  20.7   4.5   3.6    .1   2.5   3.2   3.1
   4.1  89.2  87.3  68.9  22.7    .6    .1    .1    .1   1.1    .1   9.0
  29.1  88.4 198.0 178.4 158.4  56.5  34.0   4.1   2.4   3.4   2.7   4.4
 172.3 292.4 356.9 324.5 114.1  93.1  47.8    .4   1.4    .0    .5  62.5
  88.8 187.2 310.9 252.7 110.8  61.5  11.2   8.6   5.0   1.0   4.1  10.3
  19.3  36.1 259.3  89.5  23.6 139.5   3.1    .0    .2    .1   3.6    .1
  69.9  90.6 216.7 311.8 150.1  78.5  23.9    .0   1.6    .0   2.1 115.5

