 1.0000E-02  7.0000E-02   .3200       1.020      3.0000E-02  1.0000E-02   .0000       .0000       .0000       .0000       .0000       .0000    
 1.0000E-02  2.0000E-02   1.330       2.140      5.0000E-02  2.0000E-02   .0000       .0000       .0000       .0000       .0000       .0000    
 1.0000E-02  5.0000E-02   .1100       3.460       .1100      4.0000E-02  1.0000E-02   .0000       .0000       .0000       .0000       .0000    
  .0000       .0000      7.0000E-02   1.770       .7500       .8900      4.0000E-02   .0000       .0000       .0000       .0000       .0000    
  .0000      3.0000E-02   .0000       .0000       .0000      2.0000E-02   .0000       .0000       .0000       .0000       .0000       .0000    
  .0000       .0000      2.0000E-02  2.0000E-02  4.0000E-02  1.0000E-02   .0000       .0000       .0000       .0000       .0000       .0000    
  .0000       .0000       .1400       2.830       3.080      4.0000E-02  1.0000E-02   .0000       .0000       .0000       .0000      1.0000E-02
  .0000       .0000      1.0000E-02   .1700       .2200      5.0000E-02  4.0000E-02  1.0000E-02   .0000       .0000       .0000       .0000    
 1.0000E-02   .0000      6.0000E-02   .1200      7.0000E-02  3.0000E-02  1.0000E-02   .0000       .0000       .0000       .0000       .0000    
  .0000       .0000      4.0000E-02   .1600       .2800      8.0000E-02  3.0000E-02  1.0000E-02   .0000       .0000       .0000       .0000    
  .0000      1.0000E-02  6.0000E-02  2.0000E-02  1.0000E-02   .0000       .0000       .0000       .0000       .0000       .0000       .0000    
  .0000      2.0000E-02  4.0000E-02   .4600       1.210      5.0000E-02  2.0000E-02   .0000       .0000       .0000       .0000       .0000    
 7.0000E-02   .5000       6.760       1.620       2.820      6.0000E-02  4.0000E-02   .0000       .0000       .0000       .0000       .0000    
  .0000       .0000      7.0000E-02  2.0000E-02  5.0000E-02  3.0000E-02  2.0000E-02   .0000       .0000       .0000       .0000       .0000    
  .0000       .1600       .3300       .8800      5.0000E-02  2.0000E-02   .0000       .0000       .0000       .0000       .0000       .0000    
 3.0000E-02   .1000      5.0000E-02   1.000       1.090      5.0000E-02  4.0000E-02  1.0000E-02   .0000       .0000       .0000       .0000    
  .0000      6.0000E-02  8.0000E-02   .1500      6.0000E-02  3.0000E-02   .0000       .0000       .0000       .0000       .0000       .0000    
 2.0000E-02   .0000       .0000       .0000      9.0000E-02  1.0000E-02   .0000       .0000       .0000       .0000       .0000       .0000    
 1.0000E-02  9.0000E-02   1.170      4.0000E-02  1.0000E-02   .0000       .0000       .0000       .0000       .0000       .0000       .0000    
  .0000       .0000       .2100      5.0000E-02  2.0000E-02   .0000       .0000       .0000       .0000       .0000       .0000       .0000    
  .0000       .0000      9.0000E-02  6.0000E-02  4.0000E-02  1.0000E-02   .0000       .0000       .0000       .0000       .0000       .0000    
  .0000       .0000       .0000       .0000       .0000       .0000       .0000       .0000       .0000       .0000       .0000       .0000    
  .0000      3.0000E-02  9.0000E-02   1.270       1.160       1.000      2.0000E-02   .0000       .0000       .0000       .0000       .0000    
  .0000      6.0000E-02   1.240       2.970       1.080       .6300      5.0000E-02  1.0000E-02   .0000       .0000       .0000       .0000    
  .0000      3.0000E-02   .6500       2.950       .6900       1.090      3.0000E-02   .0000       .0000       .0000       .0000       .0000    
  .0000       .0000      8.0000E-02  3.0000E-02  3.0000E-02  6.0000E-02  1.0000E-02   .0000       .0000       .0000       .0000       .0000    
 1.0000E-02  4.0000E-02  2.0000E-02   2.440       2.200      5.0000E-02  2.0000E-02   .0000       .0000       .0000       .0000       .0000    
