 5.0000E-02   .0000       .3200       .2600       .1300      4.0000E-02   .0000       .0000       .0000       .0000       .0000       .0000    
 5.0000E-02  1.0000E-02   .4600       .2100       .1100      1.0000E-02   .0000       .0000       .0000       .0000       .0000       .1900    
  .4900       4.070       5.380       17.54       .2500       .1900       .1700      1.0000E-02   .0000       .0000       .0000       .0000    
 7.0000E-02  1.0000E-02   .1400       .1100       .1700      2.0000E-02   .0000       .0000       .0000       .0000       .0000       .0000    
  .0000      2.0000E-02   .0000       .1700      4.0000E-02   .0000       .0000       .0000       .0000       .0000       .0000       .0000    
  .0000       .1400       .4900       4.380       3.040       .1400      1.0000E-02   .0000       .0000       .0000       .0000       .0000    
  .0000       .0000       6.770       15.17       14.01       .2100      5.0000E-02   .0000       .0000       .0000       .0000       .0000    
  .0000       .0000      6.0000E-02   .3700       .1300      3.0000E-02   .2000       .0000       .0000       .0000       .0000       .0000    
  .0000       .0000       .6200       .2000       .1300      2.0000E-02   .0000       .0000       .0000       .0000       .0000       .0000    
  .1600      1.0000E-02  8.0000E-02   .4100       .1800       .1300       .2100       .0000       .0000      1.0000E-02   .0000       .0000    
  .0000       .0000       .0000      6.0000E-02  1.0000E-02  5.0000E-02   .0000       .0000       .0000       .0000       .0000       .0000    
  .0000       .1300       .3800       .1800       .1500       .1200      3.0000E-02   .0000       .0000       .0000       .0000       .0000    
  .2500       .1400       6.680       19.66       14.54       .2400       .1200       .0000       .0000       .0000       .0000       .0000    
  .0000       .0000       .1400       .3400       .3600       .2000       .1100      1.0000E-02   .0000       .0000       .0000       .0000    
  .0000       .0000      5.0000E-02  3.0000E-02   .0000       .0000       .0000       .0000       .0000       .0000       .0000       .0000    
 4.0000E-02   .1000      1.0000E-02  4.0000E-02   .3000      4.0000E-02   .0000       .0000       .0000       .0000       .0000       .0000    
  .0000       .2800       .5200       .6600       .2400       .1400      3.0000E-02   .0000       .0000       .0000       .0000       .0000    
  .0000       .0000       .0000      6.0000E-02  4.0000E-02   .0000       .0000       .0000       .0000       .0000       .0000       .0000    
  .0000       .4200       .2400       .1000      1.0000E-02   .0000       .0000       .0000       .0000       .0000       .0000       .0000    
  .0000       .0000       3.890       1.120       .1500      3.0000E-02   .0000       .0000       .0000       .0000       .0000       .0000    
  .0000       .0000       .5200       .2500       .1900       .1200      1.0000E-02   .0000       .0000       .0000       .0000       .0000    
  .0000       .0000      2.0000E-02  1.0000E-02   .0000       .0000       .0000       .0000       .0000       .0000       .0000       .0000    
  .0000       .2100       .1700       .4500       5.250       .2200      9.0000E-02   .0000       .0000       .0000       .0000       .0000    
  .2100       4.880       23.58       27.35       5.160       .2500       .1600      2.0000E-02   .0000       .0000       .0000       .0000    
 6.0000E-02   .4500       1.390       17.01       3.620       .2100      8.0000E-02   .0000       .0000       .0000       .0000       .0000    
  .0000       .0000       1.050       1.460       .1900       .2600      6.0000E-02   .0000       .0000       .0000       .0000       .0000    
  .0000       .0000       .1800       .6000       4.570       .3100       .1500      1.0000E-02   .0000       .0000       .0000       .7600    
