 5.0000E-02   .0000       .5100       1.570       .2100       1.110       .1000       .0000       .0000       .0000       .0000       .0000    
 9.0000E-02   .1500       12.50       14.53       1.300       .1100      1.0000E-02   .0000       .0000       .0000       .0000       .0000    
 5.0000E-02   .5400       11.12       27.88       10.93       2.000       .2000      6.0000E-02   .0000       .0000       .0000       .0000    
  .0000       .0000      3.0000E-02   10.01       12.12       .2200       .1400      1.0000E-02   .0000       .0000       .0000       .0000    
  .0000       .0000       .0000      1.0000E-02  4.0000E-02  1.0000E-02   .0000       .0000       .0000       .0000       .0000       .0000    
  .0000       .3600       .3700       4.940       3.170       .1800      7.0000E-02   .0000       .0000       .0000       .0000       .0000    
  .0000       .0000       .2100       .8200       15.54       .1700      5.0000E-02   .0000       .0000       .0000       .0000       .0000    
  .0000       .0000       .1800       3.520       2.140       .1900       .1200      1.0000E-02   .0000       .0000       .0000       .0000    
  .1800      1.0000E-02   .1800       1.630       .2000       .1100      1.0000E-02   .0000       .0000       .0000       .0000       .0000    
 3.0000E-02   .0000       .2800       4.630       3.290       4.330       .1600      5.0000E-02   .0000       .0000       .0000       .0000    
  .0000       .0000       .0000       .1600       .1900      6.0000E-02   .0000       .0000       .0000       .0000       .0000       .0000    
  .0000       .2900       8.120       17.91       2.830       .4600       .2000      7.0000E-02   .0000       .0000       .0000       .0000    
  .3200       .3300       19.53       21.63       23.65       .5100       .1200      1.0000E-02   .0000       .0000       .0000       .0000    
  .0000       .0000       .3800       3.170       5.440       .2100       .1500      2.0000E-02   .0000       .0000       .0000      3.0000E-02
  .0000       .1800       .2900       .1900       .1300      4.0000E-02   .0000       .0000       .0000       .0000      3.0000E-02   .0000    
  .1600      7.0000E-02   .1800       5.010       2.590       1.220       .2100      9.0000E-02   .0000       .0000       .0000       .0000    
  .0000       .2100       .1600       .2200       .2900       .1400      3.0000E-02   .0000       .0000       .0000       .0000       .0000    
  .0000      6.0000E-02   .1500       .2200       .1400      5.0000E-02   .0000       .0000       .0000       .0000       .0000       .0000    
  .0000       .2900       1.670       .2200       .1500      7.0000E-02   .0000       .0000       .0000       .0000       .0000       .0000    
  .0000       .0000       10.02       5.360       .1000      1.0000E-02   .0000       .0000       .0000       .0000       .0000      1.0000E-02
  .0000       .0000       .1300       .2700       .1300      8.0000E-02   .0000       .0000       .0000       .0000       .0000       .0000    
  .0000       .0000      3.0000E-02   .0000       .0000       .0000       .0000       .0000       .0000       .0000       .0000       .0000    
  .0000       .0000       .5300       11.05       10.26       2.050       .1600      4.0000E-02   .0000       .0000       .0000       .0000    
  .1800       10.43       13.09       20.11       10.87       .2000       .1700      5.0000E-02   .0000       .0000       .0000       .0000    
  .0000       .2300       13.94       21.31       1.340       4.150       .1900      4.0000E-02   .0000       .0000       .0000       .0000    
  .0000       .0000       .5500       .2300       .1700       .2000      7.0000E-02   .0000       .0000       .0000       .0000       .0000    
  .0000       .0000       .1500       8.180       4.650       .2100       .1300      1.0000E-02   .0000       .0000       .0000       .0000    
