 4.0000E-02   .1900       2.290       4.710       .1700      8.0000E-02   .0000       .0000       .0000       .0000       .0000       .0000    
  .0000      7.0000E-02   4.340       9.570       .2100       .1100      1.0000E-02   .0000       .0000       .0000       .0000       .0000    
 7.0000E-02   .2700       .4800       19.58       1.420       .1900      7.0000E-02   .0000       .0000       .0000       .0000       .0000    
  .0000       .0000       .2800       7.780       3.350       2.600       .1600      1.0000E-02   .0000       .0000       .0000       .0000    
  .0000       .1100       .0000       .0000      7.0000E-02  4.0000E-02   .0000       .0000       .0000       .0000       .0000       .0000    
  .0000       .0000       .1300       .1600       .2900      8.0000E-02  1.0000E-02   .0000       .0000       .0000       .0000       .0000    
  .0000       .0000       .5300       10.00       11.95       .1800      4.0000E-02   .0000       .0000       .0000       .0000      1.0000E-02
  .0000       .0000      1.0000E-02   .6300       .2600       .1800       .1100      2.0000E-02   .0000       .0000       .0000       .0000    
 5.0000E-02   .0000       .2300       .4800       .2800       .1400      3.0000E-02   .0000       .0000       .0000       .0000       .0000    
  .0000       .0000       .1000       .5900       2.270       .8100       .1300      3.0000E-02   .0000       .0000       .0000       .0000    
  .0000      6.0000E-02   .1600      6.0000E-02  6.0000E-02   .0000       .0000       .0000       .0000       .0000       .0000       .0000    
  .0000      9.0000E-02   .2500       6.020       4.790       .2200       .1200      1.0000E-02   .0000       .0000       .0000       .0000    
  .2300       .5900       23.82       11.49       14.94       .2200       .1500      1.0000E-02   .0000       .0000       .0000       .0000    
  .0000       .0000       .2500       .1200       .2500       .1500       .1100      1.0000E-02   .0000       .0000       .0000       .0000    
  .0000       .5100       .3400       2.700       .1900      9.0000E-02   .0000       .0000       .0000       .0000       .0000       .0000    
  .1000       .3500       .2100       6.320       4.220       .2200       .1700      4.0000E-02   .0000       .0000       .0000       .0000    
  .0000       .1800       .3100       .5300       .2600       .1400      2.0000E-02   .0000       .0000       .0000       .0000       .0000    
 3.0000E-02   .0000       .0000       .0000       .2900      4.0000E-02   .0000       .0000       .0000       .0000       .0000       .0000    
  .0000       .3000       3.550       .1600      6.0000E-02   .0000       .0000       .0000       .0000       .0000       .0000       .0000    
  .0000       .0000       1.370       .7600       .1100      1.0000E-02   .0000       .0000       .0000       .0000       .0000       .0000    
  .0000       .0000       .3100       .2600       .1600      6.0000E-02   .0000       .0000       .0000       .0000       .0000       .0000    
  .0000       .0000       .0000       .0000       .0000       .0000       .0000       .0000       .0000       .0000       .0000       .0000    
  .0000      6.0000E-02   .3300       4.810       4.010       3.490       .1000       .0000       .0000       .0000       .0000       .0000    
  .0000       .3900       8.450       12.95       4.430       1.360       .2000      5.0000E-02   .0000       .0000       .0000       .0000    
  .0000       .1200       7.860       11.51       2.600       4.440       .1400      1.0000E-02   .0000       .0000       .0000       .0000    
  .0000       .0000       .3900       .1400       .1300       .2000      4.0000E-02   .0000       .0000       .0000       .0000       .0000    
 1.0000E-02   .1000       .1400       11.10       7.460       .2100      9.0000E-02   .0000       .0000       .0000       .0000       .0000    
