  .2900      2.0000E-02   2.780       16.42       1.210       .6100      3.0000E-02   .0000       .0000       .0000       .0000       .0000    
  .0000       .4700       31.75       67.90       5.620       .7200      6.0000E-02   .0000       .0000       .0000       .0000       .0000    
  .1600       3.170       9.190       154.7       22.00       1.250       .7200      5.0000E-02   .0000       .0000       .0000       .0000    
  .0000       .0000       1.680       44.27       44.74       6.070       1.020       .1300       .0000       .0000       .0000       .0000    
  .0000       1.230       .1000      3.0000E-02  4.0000E-02  1.0000E-02   .0000       .0000       .0000       .0000       .0000       .0000    
  .0000       .4400       1.680       20.43       52.63       1.000       .2600       .0000       .0000       .0000       .0000       .0000    
  .0000       .0000       4.740       70.05       69.47       1.140       .4200       .0000       .0000       .0000       .0000       .0000    
  .0000       .0000       .1500       3.290       1.460       1.060       .7200       .1200       .0000       .0000       .0000       .0000    
  .4000      1.0000E-02   1.920       4.960       1.260       .7600       .1100       .0000       .0000       .0000       .0000       .0000    
  .0000       .0000       1.310       25.27       35.59       1.420       .8300       .1800       .0000       .0000       .0000       .0000    
  .0000       .0000       .1800       .5100       .6600      6.0000E-02   .0000       .0000       .0000       .0000       .0000       .0000    
  .0000       1.050       17.71       102.4       21.07       1.360       1.030       .2800       .0000       .0000       .0000       .0000    
  2.280       1.610       87.07       89.29       88.39       4.020       .9100      8.0000E-02   .0000       .0000       .0000       .0000    
  .0000       .0000       2.360       1.350       27.57       4.010       .7900      9.0000E-02   .0000       .0000       .0000       .0000    
  .0000       1.270       1.390       1.320       .8500       .2900       .0000      1.0000E-02   .0000       .0000       .0000       .0000    
  .0000       .9000       1.080       43.86       16.74       1.340       1.030       .2900       .0000       .0000       .0000       .0000    
  .0000       .9100       1.840       1.760       1.580       .8300       .1500       .0000       .0000       .0000       .0000       .0000    
  .0000       .0000       .4000       .2200       1.390       .2700       .0000       .0000       .0000       .0000       .0000       .0000    
  .0000       1.140       2.200       .7500       .2000       .0000       .0000       .0000       .0000       .0000       .0000       .0000    
  .0000       .0000       4.510       25.49       .7500       .1300       .0000       .0000       .0000       .0000       .0000       .0000    
  .0000       .0000       1.510       .9100       .7900       .4100       .0000       .0000       .0000       .0000       .0000       .0000    
  .0000       .0000      3.0000E-02  3.0000E-02  1.0000E-02   .0000       .0000       .0000       .0000       .0000       .0000       .0000    
  .0000       .0000       3.350       77.71       24.47       6.970       .7200      5.0000E-02   .0000       .0000       .0000       .0000    
  .6000       28.54       63.50       96.89       24.26       1.330       .9700       .1400       .0000       .0000       .0000       .0000    
  .0000       1.370       55.50       66.34       39.04       20.54       .9800       .1200       .0000       .0000       .0000       .0000    
  .0000       .0000       3.230       1.340       1.070       .6900       .1500       .0000       .0000       .0000       .0000       .0000    
  .0000       .0000       .4000       3.560       25.30       1.230       .5400       .0000       .0000       .0000       .0000       .0000    
