 7.0000E-02   .1200       .3500       .3600       .2400       .7200       .1600       .0000       .0000       .0000       .0000       .0000    
  .2000       .4500       34.26       23.65       2.240       .1700      1.0000E-02   .0000       .0000       .0000       .0000       .0000    
  .1200       4.400       20.37       42.72       22.52       7.300       .8900       .1400       .0000       .0000       .0000       .0000    
 5.0000E-02   .0000       .1000       19.96       28.67       .3300       .2000      1.0000E-02   .0000       .0000       .0000       .0000    
  .0000       .0000       .0000       .1300      7.0000E-02  1.0000E-02   .0000       .0000       .0000       .0000       .0000       .0000    
  .0000       .8400       7.150       8.550       2.220       .2700       .1100       .0000       .0000       .0000       .0000       .0000    
  .0000       .0000       .5700       9.740       27.69       .2700       .1000       .0000       .0000       .0000       .0000       .0000    
  .0000       .0000       .8600       25.47       4.740       2.510       .1900      2.0000E-02   .0000       .0000       .0000       .0000    
  .2300      1.0000E-02   .4200       10.97       .3100       .1800      4.0000E-02   .0000       .0000       .0000       .0000       .0000    
  .1900      3.0000E-02   .8400       17.91       5.540       9.490       .2700       .1100       .0000       .0000       .0000       .0000    
  .0000       .0000       .0000       .5100       .2400       .1300      2.0000E-02   .0000       .0000       .0000       .0000       .0000    
 6.0000E-02   .7600       26.17       35.54       3.830       2.820       .2900       .1000       .0000       .0000       .0000       .0000    
  .8700       4.360       44.49       23.18       34.69       2.110       .2100      2.0000E-02   .0000       .0000       .0000       .0000    
  .0000       .0000       .9700       19.93       8.440       .3100       .2400      4.0000E-02   .0000       .0000       .0000       .0000    
  .0000       .4400       3.490       1.830       .2800       .1400      1.0000E-02   .0000       .0000       .0000       .2100       .0000    
  .4800       .1200       .3600       9.160       1.630       3.950       .4700       .1700       .0000       .0000       .0000       .0000    
  .0000       .5000       .2800       .2200       .4600       .2200      6.0000E-02   .0000       .0000       .0000       .0000       .0000    
  .0000       .1900       .3200       .6900       .4100       .2100      4.0000E-02   .0000       .0000       .0000       .0000       .0000    
  .1000       .4500       6.840       1.360       .2700       .1500      3.0000E-02   .0000       .0000       .0000       .0000       .0000    
  .0000       .0000       23.81       11.19       .1600      2.0000E-02   .0000       .0000       .0000       .0000       .0000      7.0000E-02
  .0000      1.0000E-02   .3400       .3800       .2200       .1400      1.0000E-02   .0000       .0000       .0000       .0000       .0000    
  .0000       .0000       .1700      5.0000E-02  1.0000E-02   .0000       .0000       .0000       .0000       .0000       .0000       .0000    
  .0000       .0000       8.570       26.69       23.89       5.610       .2500      7.0000E-02   .0000       .0000       .0000       .0000    
  .5500       20.09       23.33       39.03       25.07       .3000       .2500      8.0000E-02   .0000       .0000       .0000       .0000    
 6.0000E-02   .4100       16.61       46.04       1.750       10.16       .6200      6.0000E-02   .0000       .0000       .0000       .0000    
  .0000       .0000       2.270       1.620       .2900       .4100       .1600      1.0000E-02   .0000       .0000       .0000       .0000    
  .0000      5.0000E-02  6.0000E-02   10.81       7.310       .6200       .2300      4.0000E-02   .0000       .0000       .0000       .0000    
