  .0000      1.0000E-02  1.0000E-02  2.0000E-02  1.0000E-02  3.0000E-02  1.0000E-02   .0000       .0000       .0000       .0000       .0000    
 1.0000E-02  2.0000E-02   1.460       1.010       .1000      1.0000E-02   .0000       .0000       .0000       .0000       .0000       .0000    
 1.0000E-02   .1900       .8700       1.820       .9600       .3100      4.0000E-02  1.0000E-02   .0000       .0000       .0000       .0000    
  .0000       .0000       .0000       .8500       1.220      1.0000E-02  1.0000E-02   .0000       .0000       .0000       .0000       .0000    
  .0000       .0000       .0000      1.0000E-02   .0000       .0000       .0000       .0000       .0000       .0000       .0000       .0000    
  .0000      4.0000E-02   .3000       .3600      9.0000E-02  1.0000E-02   .0000       .0000       .0000       .0000       .0000       .0000    
  .0000       .0000      2.0000E-02   .4200       1.180      1.0000E-02   .0000       .0000       .0000       .0000       .0000       .0000    
  .0000       .0000      4.0000E-02   1.090       .2000       .1100      1.0000E-02   .0000       .0000       .0000       .0000       .0000    
 1.0000E-02   .0000      2.0000E-02   .4700      1.0000E-02  1.0000E-02   .0000       .0000       .0000       .0000       .0000       .0000    
 1.0000E-02   .0000      4.0000E-02   .7600       .2400       .4000      1.0000E-02   .0000       .0000       .0000       .0000       .0000    
  .0000       .0000       .0000      2.0000E-02  1.0000E-02  1.0000E-02   .0000       .0000       .0000       .0000       .0000       .0000    
  .0000      3.0000E-02   1.120       1.520       .1600       .1200      1.0000E-02   .0000       .0000       .0000       .0000       .0000    
 4.0000E-02   .1900       1.900       .9900       1.480      9.0000E-02  1.0000E-02   .0000       .0000       .0000       .0000       .0000    
  .0000       .0000      4.0000E-02   .8500       .3600      1.0000E-02  1.0000E-02   .0000       .0000       .0000       .0000       .0000    
  .0000      2.0000E-02   .1500      8.0000E-02  1.0000E-02  1.0000E-02   .0000       .0000       .0000       .0000      1.0000E-02   .0000    
 2.0000E-02  1.0000E-02  2.0000E-02   .3900      7.0000E-02   .1700      2.0000E-02  1.0000E-02   .0000       .0000       .0000       .0000    
  .0000      2.0000E-02  1.0000E-02  1.0000E-02  2.0000E-02  1.0000E-02   .0000       .0000       .0000       .0000       .0000       .0000    
  .0000      1.0000E-02  1.0000E-02  3.0000E-02  2.0000E-02  1.0000E-02   .0000       .0000       .0000       .0000       .0000       .0000    
  .0000      2.0000E-02   .2900      6.0000E-02  1.0000E-02  1.0000E-02   .0000       .0000       .0000       .0000       .0000       .0000    
  .0000       .0000       1.010       .4800      1.0000E-02   .0000       .0000       .0000       .0000       .0000       .0000       .0000    
  .0000       .0000      1.0000E-02  2.0000E-02  1.0000E-02  1.0000E-02   .0000       .0000       .0000       .0000       .0000       .0000    
  .0000       .0000      1.0000E-02   .0000       .0000       .0000       .0000       .0000       .0000       .0000       .0000       .0000    
  .0000       .0000       .3700       1.140       1.020       .2400      1.0000E-02   .0000       .0000       .0000       .0000       .0000    
 2.0000E-02   .8600       .9900       1.660       1.070      1.0000E-02  1.0000E-02   .0000       .0000       .0000       .0000       .0000    
  .0000      2.0000E-02   .7100       1.960      7.0000E-02   .4300      3.0000E-02   .0000       .0000       .0000       .0000       .0000    
  .0000       .0000       .1000      7.0000E-02  1.0000E-02  2.0000E-02  1.0000E-02   .0000       .0000       .0000       .0000       .0000    
  .0000       .0000       .0000       .4600       .3100      3.0000E-02  1.0000E-02   .0000       .0000       .0000       .0000       .0000    
