               3\\passo de tempo dos dados {1,3,31}(1-mensal,3-decendial,31-diario)       
               3 \\(numero de anos) (1º mes) (2ºmes)
    1997   <mes1>   <mes2>                									   <mes12>		
    <dec1>  11.2     8.8    15.0    15.8    27.5    32.9    37.6    34.8    34.7    28.7    20.7    15.7
    <dec2>  13.7    15.8    16.1    18.7    35.1    34.6    35.8    34.1    35.0    30.4    21.7    13.3
    <dec3>  11.3    14.4    14.8    25.4    32.9    36.9    37.1    34.6    29.5    23.2    18.3    12.0
    1998
            10.5    11.5    19.6    23.0    30.5    33.0    37.5    43.3    36.8    32.7    26.2    16.5
             9.8    14.2    16.3    29.5    26.4    38.4    38.6    39.6    35.8    30.6    21.8    14.2
            12.5    18.1    15.4    21.4    29.8    36.7    41.1    39.2    32.5    28.1    21.8    12.8
    1999
            13.9    14.8    21.9    19.3    31.0    34.0    37.3    36.7    34.8    32.8    22.9    16.9
            11.2    16.2    18.6    24.5    31.9    34.9    37.6    41.0    33.0    27.8    22.6    17.1
            14.3    16.3    16.4    28.1    34.4    33.9    36.5    36.7    35.0    27.1    18.6    15.7

NOTA: o que aparece <entre> e \\depois são comentários e não podem constar de um ficheiro
para execução                        