   31 \\passo de tempo dos dados {1,3,31}(1-mensal,3-decendial,31-diario)(Ver nota no fim)
    2      1     12\\(numero de anos) (1º mes) (2ºmes)
 1997 <mes1> <mes2>										    <mes12>
<DIA1> 0.71   1.59   2.98   2.87   5.72   6.65   8.79   9.15   7.40   3.35   2.40   1.22
<DIA2> 0.60   1.37   3.48   3.10   3.54   6.92   9.31   8.65   7.41   3.49   1.65   0.92
<DIA3> 0.70   1.11   1.37   3.13   4.66   6.99   8.55   9.03   7.27   3.51   0.96   0.84
	 0.76   1.35   2.67   3.33   4.69   7.60   8.97   9.27   7.25   4.31   1.67   0.82
	 0.70   2.17   3.86   2.70   5.41   7.62   8.97   8.64   5.25   4.56   1.89   1.18
	 0.79   1.44   2.27   2.52   6.23   8.10   7.69   9.06   6.45   4.17   2.99   1.35
	 1.01   1.46   3.15   1.99   6.33   7.48   7.71   9.30   6.20   3.48   2.47   1.17
	 0.62   1.56   2.89   2.80   6.71   7.82   9.23   8.87   5.61   4.52   2.51   0.93
	 0.95   1.64   2.93   3.63   6.09   8.78   8.75   9.88   6.21   5.75   1.76   1.06
	 0.96   2.01   3.60   3.52   6.08   7.90   8.29   8.11   6.59   4.71   2.44   2.23
	 0.84   2.40   4.00   3.15   6.14   7.57   8.26   7.54   7.68   4.50   3.06   1.61
	 1.75   2.26   3.38   3.47   7.18   6.67   9.10   7.64   5.88   5.32   3.07   1.08
	 2.12   1.52   3.25   4.43   7.05   6.43   8.36   8.21   4.07   3.70   1.90   0.67
	 1.50   1.37   3.17   4.35   6.99   7.17   9.55   7.17   5.58   3.27   1.74   0.98
	 1.07   1.83   3.06   3.86   7.25   7.57   8.81   7.73   5.87   3.29   1.77   1.31
	 1.97   1.59   2.57   3.70   6.31   8.69   8.41   8.19   6.53   5.01   2.63   0.89
	 1.70   3.16   2.30   3.95   7.16   8.79   8.97   8.30   6.11   3.80   2.58   2.11
	 1.40   2.09   1.70   4.10   7.27   8.10   8.53   9.04   5.54   3.00   1.33   1.19
	 2.09   2.61   3.17   3.89   6.79   8.76  10.10   9.17   5.55   2.80   1.60   1.39
	 1.73   1.99   3.04   5.12   5.89   8.59  12.57   8.38   5.51   2.69   1.72   0.93
	 2.09   1.54   3.57   6.20   6.97  10.31  11.91   8.29   4.92   1.68   1.24   1.19
	 1.39   2.34   2.75   5.51   8.09  10.89   9.99   8.33   4.85   2.34   1.33   0.89
	 1.64   1.78   3.32   4.93   6.70   9.83  10.11   7.98   4.88   2.64   1.39   0.51
	 2.10   2.86   1.88   5.19   7.23   9.28   8.15   8.81   5.23   2.13   1.54   0.79
	 3.01   2.27   3.11   4.70   7.55   9.30   7.80   8.12   5.54   2.25   2.36   0.96
	 2.15   3.12   2.81   5.54   6.68   7.74   8.69   8.15   5.08   1.97   1.84   1.13
	 1.96   3.56   2.81   5.31   6.85   7.56  10.36   8.52   4.69   2.09   0.82   2.01
	 1.76   2.45   2.24   4.27   7.81   7.68   8.79   8.55   2.98   2.80   0.93   1.77
	 1.48 -77.00   4.26   3.83   7.83   7.88   9.64   8.85   3.47   2.89   2.61   1.64
	 0.91 -77.00   3.45   4.60   8.07   7.79  10.00   8.31   3.77   2.46   1.43   1.06
<DIA31>1.25 -77.00   3.44 -77.00   6.31 -77.00   9.33   7.95 -77.00   2.48 -77.00   1.77
 1998   
   1.22   1.49   3.05   3.19   5.64   6.57  11.05   8.21   9.15   6.65   1.64   1.31
   1.17   1.81   3.96   2.95   4.87   7.32   9.81   7.84   9.20   4.76   2.45   1.89
   1.87   0.97   2.86   3.54   5.13   7.32  10.18   8.38   8.27   4.72   2.42   1.55
   0.77   1.11   2.25   3.08   6.81   6.39  10.64   8.57   8.04   5.05   2.22   1.48
   0.82   1.10   2.36   4.43   6.47   6.99   9.34   7.81   6.97   4.70   3.18   1.89
   1.17   1.74   2.73   4.36   5.08   7.89   7.80   8.27   6.65   4.68   3.23   2.07
   0.93   0.86   2.52   4.10   4.44   7.57   8.35   8.70   5.64   4.79   2.90   1.47
   1.05   2.11   1.86   4.71   3.27   8.01   8.50   8.66   6.01   4.87   4.10   0.59
   1.17   2.60   2.89   4.38   6.45   7.50   8.49   8.81   6.92   5.81   2.55   0.75
   1.10   1.79   2.51   4.34   5.88   7.63   8.92   8.99   6.81   5.88   2.58   1.38
   1.21   2.11   4.18   3.73   5.47   8.74   8.35   9.68   7.90   4.87   1.94   1.65
   2.34   2.83   3.31   6.03   5.91   9.00   9.12   8.54   8.34   5.21   2.16   1.05
   2.60   2.88   3.70   6.52   4.71   9.30   9.33   8.11   8.10   7.50   2.77   1.02
   1.64   2.87   2.53   5.54   4.87   9.68   9.74   8.00   7.31   6.19   2.44   1.96
   1.10   2.77   2.23   5.94   4.94  10.11  10.57  10.70   7.60   5.00   0.76   1.32
   0.58   2.61   2.14   4.55   5.32   8.44  10.13   9.63   8.16   5.47   2.25   1.20
   0.70   2.25   2.00   4.01   5.18   8.37   7.63   8.17   6.40   3.73   1.59   1.31
   0.66   1.60   2.55   5.68   6.27   8.74   8.60   8.14   6.59   3.81   1.46   0.82
   0.77   2.63   2.02   5.53   6.86   8.64   8.46   9.10   7.41   3.64   1.75   0.98
   0.57   2.41   2.07   5.56   4.46   7.64   9.21   9.86   7.13   3.14   1.94   0.96
   0.76   1.75   1.67   4.46   5.44   8.88   9.52  10.41   6.38   4.40   2.65   0.65
   1.31   1.72   1.89   4.67   5.47   7.79   7.94   8.53   6.48   4.02   2.14   0.87
   1.26   2.16   2.64   4.23   5.76   8.06   9.12   8.36   5.64   3.49   2.61   1.90
   1.41   2.55   3.45   5.06   6.38   8.34   9.36   7.84   5.06   4.14   1.97   1.05
   1.09   3.20   3.10   4.52   6.58   9.51   8.01   8.24   4.38   5.94   1.66   0.85
   1.79   2.51   4.45   1.05   6.71  10.44   7.43   7.55   4.43   3.64   1.73   0.66
   1.99   2.55   3.47   3.35   6.27  10.19   7.54   7.43   4.70   3.26   2.63   0.96
   0.75   2.71   1.40   3.67   7.42   8.83  10.97   8.72   5.02   3.22   1.49   1.50
   3.17 -77.00   2.29   4.66   7.19   8.68  10.99   8.03   5.52   3.17   1.47   0.67
   1.77 -77.00   2.01   5.08   6.53  10.22  10.35   9.36   6.92   3.78   1.31   0.65
   1.97 -77.00   3.23 -77.00   6.69 -77.00   9.13  10.35 -77.00   2.43 -77.00   0.47

NOTA: o que aparece <entre> e \\depois são comentários e não podem constar de um ficheiro
para execução o dias com valor -77.00 são dias que não existem num dado mes
 
