 "Nos dados decendiais Aparece o ano antes do bloco"

               3"Codigo do passo tempo 1-mensal; 3 Decendial; 31- diario       
              1 "p 3 "numeor anos"      rimeiro mes"      12 "Ultimo mes"
    1997    "1mes"                    										"ultimo mes"
	"1 dec" 85.5    59.2    56.1    66.4    61.0    53.3    56.8    57.3    40.3    54.0    64.6    82.5
      "2 dec" 69.1    66.4    59.7    60.0    56.2    58.5    55.9    59.9    49.5    51.3    62.5    76.1
      "3 dec" 63.0    62.3    59.5    57.3    61.2    60.6    48.8    56.6    65.3    67.9    67.4    70.0
    1998
            69.8    68.3    64.0    63.7    50.3    65.1    59.0    56.1    46.6    41.7    58.1    75.4
            76.4    55.4    65.0    59.9    54.6    60.5    63.4    47.9    45.3    36.6    71.1    77.7
            76.4    58.9    65.1    65.4    55.7    55.3    66.3    51.1    43.5    49.5    68.4    86.5
    1999
            74.9    75.7    57.2    73.4    51.3    42.9    47.0    53.2    53.4    53.8    49.7    55.7
            87.1    70.5    58.8    60.7    49.6    48.7    47.8    45.2    51.6    52.8    53.1    69.7
            75.8    66.0    72.0    52.3    38.5    49.6    51.3    49.8    37.3    54.2    56.5    75.6
