              31
              17       9       8 
    1985
             0.0     0.0    32.9     0.0     8.2     0.8     0.0     0.4     0.0     0.0     0.0     0.0
             0.0     0.0     4.4     0.0    45.0     9.8     0.0     0.4     0.0     0.0     0.0     0.0
             0.0     0.0     0.6     0.0     2.4    13.4     0.0     1.2     0.0     0.0     0.0     0.0
             0.0     0.0     0.2     0.0     0.0     0.1     0.0     0.0     0.0     0.0     0.0     0.0
             0.0     0.0    10.4     0.0     0.6     0.0     0.0    15.8     0.0     0.0     0.0     0.0
             0.0     0.0     9.8     0.0     0.0     0.0     0.0     0.0     0.0     0.0     0.0     0.0
             0.0     0.0     0.0     0.0     0.0     0.0     0.0     0.0     0.0     0.0     0.0     0.0
             0.0     0.0     0.0     0.0     0.0     0.0     0.0     0.0     0.0     0.0     0.0     0.0
             0.0     0.0     0.0     0.4     0.0     0.0     0.0     0.0     0.0     0.0     0.0     0.0
             0.0     0.0     9.8     0.0     0.5     0.0     0.0     0.0     0.0     0.0     0.0     0.0
             0.0     0.0     0.4     0.0     0.0     0.0     0.0     0.0     2.0     0.0     0.0     0.0
             0.0     0.0     0.0     8.2     0.0     0.0     0.0     0.0     0.0     0.0     0.0     0.0
             0.8     0.0     0.0     3.2     0.4     0.6     0.0     0.0     1.2     0.0     0.0     0.0
            23.0     0.0     1.4     0.0    10.8     3.0     0.0     0.0     0.0     0.0     0.0     0.0
             4.0     0.0     0.0     2.8     0.0     2.2     0.0     0.0     0.0     0.0     0.0     0.0
             0.0     0.0    10.8     3.0     0.0     5.4     0.0     0.0     0.0     0.0     0.0     0.0
             0.0     0.0     0.0     0.0     8.0     0.0     0.0     0.0     0.0     0.0     0.0     0.0
             0.0     0.0     0.0     0.0     6.8     0.0     8.2     0.0     0.0     0.0     0.0     0.0
             0.0     0.0     0.0     0.0     0.6     0.4     0.4     0.0     0.0     0.0     0.0     0.0
             0.0     0.0     0.0     0.0     4.0     0.8     1.4     0.0     0.0     0.0     0.0     0.0
             0.0     0.0     0.0     0.0     3.0     0.0     0.0     0.0     0.0     0.0     0.0     0.0
             0.0     0.0     4.0     0.2     0.0     0.0     0.0     0.0     0.0     0.0     0.0     0.0
             0.0     0.0     7.8     2.8     0.0     0.0     5.8     7.2     0.0     0.0     0.0     0.0
             0.0     0.0     7.6     0.0     0.0     0.0     1.0     0.0     0.0     0.0     0.0     0.0
             0.0     0.0     0.0     0.2     0.0     0.4     0.0     0.0     0.0     0.0     0.0     0.0
             0.0     0.0     0.0     0.0     0.0     0.0     0.0     0.0     0.0     0.0     0.0     0.0
             0.0     0.0     0.0     0.6     1.0     0.0     0.0     0.0     0.0     0.0     0.0     0.0
             0.0     0.0     4.0     0.0     0.0     0.0     0.0     0.0     0.0     0.0     0.0     0.0
             0.0     0.0     0.0     0.0     6.0   -77.0     0.0     0.0     0.0     0.0     0.0     0.0
             0.0     0.0     0.0     0.0     8.0   -77.0     0.0     0.0     0.0     0.0     0.0     0.0
           -77.0     0.4   -77.0     0.2    13.6   -77.0     6.2   -77.0     0.0   -77.0     0.0     85
    1986
             0.0     0.0     0.0     0.0     0.0     0.1     0.0    11.6     0.0     0.0     0.0     0.0
             0.0     0.0     0.0     0.0    18.6     1.4     0.0     0.6     0.0     0.0     0.0     0.0
             0.0     0.0     0.0     0.0     0.6     1.4     0.0     0.0     0.0     0.0     0.0     0.0
             0.0     0.0     0.0     0.0     0.0     5.2     0.0     0.0     0.0     0.0     0.0     0.0
             0.0     0.0     0.0     0.0     0.0    17.0     0.0     0.0     0.0     0.0     0.0     0.0
             0.0     0.0     0.0     0.0     0.0     0.0     0.0     0.0     0.0     0.0     0.0     0.0
             0.0     0.0     0.0     0.0     0.0     0.0     0.0    12.0     0.2     0.0     0.0     0.0
             0.0     0.0     0.0     0.0     3.6     6.0     0.0     0.0     0.0     0.0     0.0     0.0
             0.0     0.8     5.8     0.0     0.0     0.6     2.8     0.0     0.0     0.0     0.0     0.0
             0.0     0.2     0.4     0.0     1.4    31.2     3.0     0.0     4.0     0.0     0.0     0.0
             0.0     0.0     0.4     0.0    20.8     4.2     0.0     0.0     0.0     0.4     0.0     0.0
             0.0     8.0     0.0     0.0     1.4     0.0     0.0     0.0     4.2     0.0     0.0     0.0
             0.0     0.0     0.0     0.0     6.4     3.4     0.0     0.0     5.0     0.0     0.0     0.0
             0.0     0.0     0.0     0.2     0.0     1.2     0.0     2.2     9.3     0.0     0.0     0.0
             0.0     0.0     0.0     2.8     0.2     0.0     0.0     0.0     0.0     0.0     0.0     0.0
             0.0     0.0     0.0     1.8     0.8     0.0     0.0     0.0     0.0     0.0     0.0     0.0
             0.0     0.6     0.0     4.1     1.8     0.0     0.1     0.0     0.0     0.0     0.0     0.0
             0.0     1.2     0.0     0.0     7.6     0.0     1.0     0.0     0.0     0.0     0.0     0.0
             0.0    12.8     0.0     0.0     0.4     0.0     1.2     0.0     0.0     0.0     0.0     0.0
             0.0     1.4     0.0     0.0     0.0     0.0     0.0     0.0     0.0     0.0     0.0     0.0
             0.0     0.0     0.0     1.6     8.4     0.0     0.0     0.0     0.0     0.0     0.0     0.0
             0.0     0.0     0.0     6.4     0.0     0.0     5.8     0.0     0.5     0.0     0.0     0.0
             0.0     0.0     0.0     8.2     0.0     0.0     0.0     0.0     5.1     0.0     0.0     0.0
             0.0     0.0     0.0    10.4     0.0     0.7     2.5     0.0     0.0     0.0     0.0     0.0
             0.0     1.4     7.0     1.0     0.0     0.0     0.0     0.0     0.0     0.0     0.0     0.0
             0.0     0.2     0.4     1.0     0.0     0.0     0.0     0.0     0.0     0.0     0.0     0.0
             0.0     0.0     0.0     5.6     0.0     0.0     0.0     0.0     0.0     0.0     0.0     0.0
             0.0     0.0     0.4     7.8     0.0     0.0     0.0     0.0     0.0     0.0     0.0     0.0
             0.0     0.0     0.6     0.0     0.8   -77.0     0.0     0.0     0.0     0.0     0.0     0.0
             0.0     0.0     5.4     0.0     0.4   -77.0     7.0     0.0     0.0     0.0     0.0     0.0
           -77.0     0.0   -77.0     0.0     0.0   -77.0     0.0   -77.0     0.0   -77.0     0.0     86
    1987
             0.0    18.3    10.7     0.0    15.0     0.0     0.0     0.0     0.0     0.0     0.0     0.0
             0.0     1.5     0.0     0.0     1.5     0.5     0.0     0.0     0.0     0.0     0.0     0.0
             0.0     0.0     1.2     0.0     5.8    21.0     0.0     6.5     0.0     0.0     0.0     0.0
             0.0     0.0     0.0     0.0     5.8     0.0     4.2     0.0     0.0     0.0     0.0     0.0
             0.0     0.0     0.1     0.0     6.8     0.0     8.5     0.0     0.0     0.0     0.0     0.0
             0.0     0.0    18.1     0.0     0.2     0.0     0.2     0.0     0.0     0.0     0.0     0.0
             0.0     0.0     2.5     0.0     5.3     0.0     1.2     0.0     0.0     0.0     0.0     0.0
             0.0     0.0     2.0     0.0     0.2     1.0     1.8     0.0     0.0     0.0     0.0     0.0
             0.0     0.0     0.0     0.0     3.3     2.5     6.5     0.0     0.0     0.0     0.0     0.0
             0.0     0.0     0.0     0.0     0.0     0.0     4.0     0.0     0.0     0.0     0.0     0.0
             0.0     0.0     0.0     0.0     0.0     0.0     1.2     3.0     0.0     0.0     0.0     0.0
             0.0     0.0     0.0     0.0     0.0     0.0     7.3     2.5     0.0     0.0     0.0     0.0
             0.0     0.2     0.0     0.0     0.0     0.0     0.6     0.0     0.0     0.0     0.0     0.0
             0.0     0.0     0.0     0.0     0.0     0.0     0.0     0.0     0.0     0.0     0.0     0.0
             0.0     0.0     0.0     0.0     0.0     0.0     0.0     0.0     0.0     0.0     0.0     0.0
             0.0     0.0     0.0     0.0     0.0     0.0     8.3     0.0     0.0     0.0     0.0     0.0
             0.0     0.0     0.0     0.0     0.0     6.3     1.0     0.0     0.0     0.0     0.0     0.0
             0.0     0.0     0.0     4.3     0.0    16.2     7.5     0.0     0.0     0.0     0.0     0.0
             0.0     0.0     0.0     7.3     0.0     3.8     0.0     0.0     0.0     0.0     0.0     0.0
             0.0     0.0     0.0     8.5     0.0     0.0     0.0     0.0     0.0     0.0     0.0     0.0
             0.0     0.0     0.0     0.2     0.0     0.0     0.0     0.0     0.0     0.0     0.0     0.0
             0.0     0.6     0.0     0.4     2.8     0.0     0.0     0.0     0.0     0.0     0.0     0.0
             0.0     0.0     0.0     0.0     1.2     0.0     1.2     0.0     0.0     0.0     0.0     0.0
             0.0     0.0     0.0     0.0    10.0     0.6     1.5     0.0     0.0     0.0     0.0     0.0
             0.0     0.0     0.0     0.0    23.0    12.5     7.8     0.0     0.0     0.0     0.0     0.0
             0.0     0.0     0.0     6.0     0.0     0.0     0.8     0.0     0.0     0.0     0.0     0.0
             0.0     0.0     0.0     3.2     2.8     0.0     0.0     0.0     2.0     0.0     0.0     0.0
             0.0     0.0     0.0     2.0     3.8     0.0     0.0     0.0     1.2     0.0     0.0     0.0
             0.0     0.0     0.0    10.0     0.0   -77.0     0.0     0.0     0.0     0.0     0.0     0.0
             0.0     0.0     0.0     0.0     0.0   -77.0     0.0     0.0     0.0     0.0     0.0     0.0
           -77.0     6.0   -77.0     2.3     0.0   -77.0     0.0   -77.0     0.0   -77.0     0.0     87
    1988
             0.0     0.0    30.7     0.0     0.0     5.5     2.6     0.0     0.0     0.0     0.0     0.0
             0.0     0.0     0.4     0.0     0.0     2.0     0.0     0.0     2.4     0.0     0.0     0.6
             0.0     0.0     0.0     0.0     0.0     1.6    11.6     0.0     0.0     0.0     0.0     0.0
             0.0     0.0     0.0     6.8    13.3     0.0     0.4     0.0     0.0     0.0     0.0     0.0
             0.0     0.0     4.8     5.0     0.6     0.0     0.0     0.0     0.0     0.0     0.0     0.0
             0.0     0.0     7.0     0.0     0.0     0.0     3.0     0.0     0.0     0.0     0.0     0.0
             0.0     0.0     0.0     4.2     0.0     0.0     7.8     0.0     0.0     0.0     0.0     0.0
             0.0     0.0     0.0     0.0     0.0     0.0     8.4     0.0     0.0     0.0     0.0     0.0
             0.0     0.0     0.0     0.0     0.0     0.0    16.8     0.0     0.0     0.0     0.0     0.0
             0.0     0.0     0.0     0.1     0.0     1.2     3.2     0.0     0.0     0.0     0.0     0.0
             0.0     0.0     0.0     6.6     9.8     0.0     1.4     1.6     0.0     0.0     0.0     0.0
             0.9     0.0     0.0    13.4     0.6     2.4     4.8     0.0     0.0     0.5     0.0     0.0
             0.0     0.0     0.0     0.0     3.6     0.8     2.2     0.0     0.0     0.0     0.0     0.0
             0.0     0.0     0.0     1.0     0.2     1.0     0.0     0.0     0.0     0.0     0.0     0.0
             0.0     0.0     0.0     0.0     1.2    37.0     0.4     0.8     0.0     2.8     0.0     0.0
             0.0     0.0     0.0     0.0     0.3     9.4     0.0    14.2     0.0     0.6     0.0     0.0
             0.0    14.8     0.0     0.0     0.0     0.8     0.0     0.0     0.0     0.0     0.0     0.0
             0.0     0.0     0.0     0.0     0.0     2.0     0.0     0.0     0.0     0.0     0.0     0.0
             0.0     0.2     0.0     0.0     0.0     2.0    15.2     1.4     0.0     0.0     0.0     0.0
             0.0     0.0     0.1     6.4     4.2     0.0     3.0     2.4     0.0     0.0     0.0     0.0
             0.0     6.2     1.1     0.1     0.2     2.5     0.0     2.4     0.0     0.0     0.0     0.0
             0.0     0.0     0.0     6.2     2.3     1.6     0.0     0.0     0.0     0.0     0.0     0.0
             0.0     0.0     0.0     5.8     9.0     1.4     0.0     0.0     0.0     0.0     0.0     0.0
             0.0     0.0     0.0     3.2    14.6     0.0     0.0     0.0     0.0     0.0     0.0     0.0
             0.0     0.0     0.0     0.0     2.0     0.0     3.0     0.0     0.0     0.0     0.0     0.0
             0.0     0.0     0.0     0.2     0.0     0.8     0.6     0.0     0.0     0.0     0.0     0.0
             0.0    16.8     0.0     0.0     6.1     0.8     0.4     0.0     0.0     0.0     0.0     0.0
             0.0    12.6     0.0     0.0     0.0    14.6     0.0     0.0     0.0     0.0     0.0     0.0
             0.0     0.0     0.0     2.3     0.6     3.8     0.2     0.0     0.0     0.0     0.0     0.0
             0.0     2.6     0.0     0.0     0.6   -77.0     0.4     0.0     0.0     0.0     0.0     0.0
           -77.0     4.3   -77.0     2.6     7.0   -77.0     0.0   -77.0     0.0   -77.0     0.0     88
    1989
             0.0     0.0     0.0     0.3     0.0     0.0     0.0     0.0     0.0     0.0     0.0     0.0
             0.0     0.0     3.0     0.0     0.8     0.0     0.0     0.0     0.0     0.0     0.0     0.0
             0.0     0.0     0.0     0.4     0.0     0.0     0.2     0.0     0.0     0.0     0.0     0.0
             0.0     0.0     0.0     0.2     0.0     0.0     0.0     0.0     0.0     0.0     0.0     0.0
             0.0     0.0     0.0     0.3     0.0     0.0     0.0     0.0     0.0     0.0     0.0     0.0
             0.0     0.0     6.2     0.4     0.0     0.0     0.0     0.0    11.9     0.0     0.0     0.0
             0.2     0.0    20.8     0.2     3.3     0.0     0.0     0.0     3.3     0.0     0.0     0.0
             5.0     0.0     0.0     0.1     4.0     0.0     0.0     0.0     0.0     0.0     0.0     0.0
            12.0     0.0     0.0     0.0     4.0     0.0     0.0     0.0     0.0     0.0     0.0     0.0
             0.0     0.0     2.8     0.0     0.0     0.0     0.0     0.0     0.0     0.0     0.0     0.0
             0.0     0.0     0.0     1.9     0.0     0.0     0.0     0.0     0.0     0.0     0.0     0.0
             0.0     0.0     0.0     2.1     0.0     0.0     0.0     0.0     0.0     0.0     0.0     0.0
             0.0     0.0     0.0     0.2     0.0     0.0     6.2     0.0     0.0     0.0     0.0     0.0
             4.4     0.0     0.0     1.9     0.0     0.4     5.0     0.0     0.0     0.0     0.0     0.0
            12.0     0.0     0.0     3.3     0.0     0.4     7.9     0.0     0.0     0.0     0.0     0.0
             3.6     0.0     2.2    23.2     0.0     0.0     1.3     0.0     0.0     0.0     0.0     0.0
             1.6     0.0     3.6     7.4     0.0     0.0     2.8     0.0     0.0     0.0     0.0     0.0
             0.0     0.0    12.6     5.7     0.0     0.0     0.0     0.0     0.0     0.0     0.0     0.0
             0.6     0.0     0.4     0.2     0.0     4.3     0.0     0.0     0.0     0.0     0.0     0.0
             0.0     0.0     0.0     0.4     0.0     0.0     0.0     0.0     0.0     0.0     0.0     0.0
             0.0     0.0     0.0     0.0     0.4     0.0     0.0     0.0     0.0     0.0     0.0     0.0
             0.0     0.0     0.2     0.3     0.0     0.0     0.0     0.0     0.0     0.0     0.0     0.0
             0.0     0.0     0.4     0.0     0.0     0.0     0.0     0.0     0.0     0.0     0.0     0.0
             0.0     0.0     0.2    22.0     0.0     0.0     0.4     0.0     0.0     0.0     0.0     0.0
             0.0     0.0     0.0    15.8     0.0     0.0     0.0     0.0     0.0     0.0     0.0     0.0
             0.8     0.0     0.0     1.8     0.0     0.0     0.1     0.0     0.0     0.0     0.0     0.0
             5.0     0.0     4.6     0.2     0.0     0.0     0.0     0.0     0.0     0.0     0.0     0.0
             0.0     0.0     0.2     0.0     0.0     0.0     0.0     0.0     0.1     0.0     0.0     0.0
             0.0     0.0     0.0     0.1     0.0   -77.0     0.0     0.0     0.0     0.0     0.0     0.0
             0.0     0.0     0.8     0.0     0.0   -77.0     0.0     0.0     0.0     0.0     0.0     0.0
           -77.0     0.0   -77.0     0.0     0.0   -77.0     0.0   -77.0     0.0     0.0     0.0     89
    1990
             0.0     0.0     0.0     0.1     0.0     0.0     5.1     8.8     0.0     0.0     0.0     0.0
             0.0     4.4     0.0     0.0     0.3     0.0     0.0     0.0     0.0     0.0     0.0     0.0
             0.0     0.1     0.0     0.0     0.1     0.0     0.1     0.0     0.0     0.0     0.0     0.0
             0.0     0.0     0.0     0.0    16.7     0.0     0.0     0.0     0.0     0.0     0.0     0.0
             0.0     0.0     0.0     0.0     0.1     0.0     0.0     0.0     0.0     0.0     0.0     0.0
             0.0     2.4     0.0     0.3     0.0     0.5     0.0     0.0     0.0     0.0     0.0     0.0
             0.0     0.0     0.0     1.6     0.1     9.5     0.0     0.0     0.0     0.0     0.0     0.0
             0.0     0.0     0.0     2.6     0.0     0.2     0.0     0.0     0.0     0.0     0.0     0.0
             0.0     0.0     1.7     9.7     0.0     8.0     0.0     0.2     0.5     0.0     0.0     0.0
             0.0     0.0     0.6     1.4     0.0     0.1     0.0     0.0     3.0     0.0     0.0     0.0
             0.0     0.0     0.0     2.2     0.0     4.3     0.4     0.0     0.6     0.0     0.0     0.0
             0.0     0.0     3.7     0.2     0.0     1.7     0.0     0.0     0.0     0.0     0.0     0.0
             0.0     0.0    14.6     0.1     0.0     5.6     0.0     0.0     0.0     0.0     0.0     0.0
             0.0     0.0     4.2     0.0     0.0     7.9     0.0     0.5     0.0     0.0     0.0     0.0
             0.0     0.0     5.4     0.2     0.0     0.5     0.0     0.0     0.0     0.0     0.0     0.0
             0.0     0.0     1.0     2.7     0.0     0.5     0.0     0.2     1.0     0.0     0.0     0.0
             0.0     0.0     7.2     0.3     0.0     1.8     0.0     0.0     0.0     0.0     0.0     0.0
             0.0     0.0     0.1     0.1     0.0     7.0     0.0     0.0     0.0     0.0     0.0     0.0
             0.0     1.1     0.0     0.1     0.0     0.0     0.0     0.0     0.0     0.0     0.0     0.0
             0.0     0.0     0.0     0.2     1.8     0.0     0.0     0.0     0.0     0.0     0.0     0.0
             0.0     0.0     0.0     0.0     6.2     0.0     0.0     0.0     0.0     0.0     0.0     0.0
             0.0     0.0     0.0     0.4     0.0     0.0     0.0     0.0     0.0     0.0     0.0     0.0
             0.0     0.0     0.0     0.4     0.0     0.0     0.0     0.0     0.0     0.0     0.0     0.0
             0.0     0.2     8.4     0.4     0.0     0.0     0.0     0.0     0.0     0.0     0.0     0.0
             0.0     0.0     2.9     0.1     0.0     0.0     0.0     0.0     0.0     0.0     0.0     0.0
             0.0     0.0     0.3     0.0     3.3     0.0     0.0     0.0     0.0     0.0     0.0     0.0
             0.0     0.0     0.0     0.0     0.6     0.2     0.0     0.0     0.0     0.0     0.0     0.0
             0.0     0.0     0.0     0.2     0.0     0.7     0.0     0.0     0.0     0.0     0.0     0.0
             0.0     0.0    17.9     0.1     0.0   -77.0     0.0     0.0     0.0     0.0     0.0     0.0
             0.0     0.0     1.2     4.4     0.0   -77.0     0.0     0.0     0.0     0.0     0.0     0.0
           -77.0     0.0   -77.0     4.8     0.0   -77.0     1.2   -77.0     0.0     0.0     0.0     90
    1991
             0.0     0.0     0.0     0.0     0.0     0.4     0.4     0.0     7.4     0.0     0.0     0.0
             0.0     0.0     0.0     0.0     0.4    10.2     0.2     0.0     0.0     0.0     0.0     0.0
             0.0     0.0     0.0     8.2    10.1     0.8     0.2     0.4     0.0     0.0     0.0     0.0
             0.0     0.0     0.0     0.2     0.3     0.0     0.3     0.2     0.0     0.0     0.0     0.0
             0.0     0.0     0.0     0.6     0.5     0.0     0.0     0.0     0.0     0.0     0.0     0.0
             0.0     0.0     0.0     0.4     0.3     0.0     0.0     0.0     0.0     0.0     0.0     0.0
             0.0     0.0     1.0     0.0     0.3     0.0     0.7     0.0     0.0     0.0     0.0     0.0
             0.0     0.0    12.3     0.0     0.0     0.0     4.0     4.7     0.0     0.0     0.0     0.0
             0.0     0.0     3.6     0.0     0.1     0.0     0.0    19.2     0.0     0.0     0.0     0.0
             0.0     0.0     2.0     0.0     0.3     0.0     0.0     9.6     0.0     0.0     0.0     0.0
             0.0     0.0     0.0     0.0     0.0     0.0     0.0     2.3     0.0     0.0     0.0     0.0
             0.0     0.0     0.0     0.0     0.0     0.0     1.0     0.0     0.0     0.0     0.0     0.0
             0.0     0.0     0.0     0.6     0.0     0.0     0.2     0.0     0.0     0.0     0.0     0.0
             0.0     0.0     0.0     0.0     0.0     0.0     0.0     0.0     0.0     0.0     0.0     0.0
             0.0     0.0     0.0     0.0     0.0     0.0     0.0     0.0     4.2     0.0     0.0     0.0
             0.0     0.0     0.0     0.5    15.8     8.4     0.0     0.0     0.0     0.0     0.0     0.0
             0.0     0.0     0.0     0.0     1.5     0.2     2.5     0.0     0.0     0.0     0.0     0.0
             0.0     0.0     0.0     0.0     0.2     0.0    11.9     0.0     0.0     0.0     0.0     0.0
             0.0     0.0     0.0     0.0     0.2     2.0     0.4     0.0     0.0     0.0     0.0     0.0
             0.0     0.0     0.0     0.7     9.1     0.2     0.0     0.0     0.0     0.0     0.0     0.0
             0.0     0.0     0.0     1.8     5.4     0.0     0.0     0.0     3.6     0.0     0.0     0.0
             0.0     0.0     0.0     0.5     3.6     0.0    41.0     0.0     0.0     0.0     0.0     0.0
             0.0     0.0     0.0     1.6     0.2     0.5     0.5     0.0     0.0     0.0     0.0     0.0
             0.0     0.2     0.0     1.6     0.0     0.8     1.7     0.0     0.0     0.0     0.0     0.0
             0.0     0.0     0.0     0.1     0.0     3.2     0.1     0.0     0.0     0.0     0.0     0.0
             0.0     0.0     0.0     0.0     0.0     0.1     0.0     0.0     0.0     0.0     0.0     0.0
             0.0     5.6     0.0     0.0     0.0     1.8     0.0     0.0     0.0     0.0     0.0     0.0
             0.0     0.2     0.0     0.0     0.0     0.3     0.0     0.0     0.0     0.0     0.0     0.0
             0.7     0.4     0.0     0.0     6.1   -77.0     0.0     0.0     5.8     0.0     0.0     0.0
             0.0     0.0     0.0     0.0     6.3   -77.0     0.0     5.0     0.0     0.0     0.0     0.0
           -77.0     0.0   -77.0     0.0     6.6   -77.0     0.0   -77.0     0.0   -77.0     0.0     91
    1992
             0.0     0.0     0.0     0.1     0.6     0.0     0.1     0.0     0.0     0.0     0.0     0.0
             0.0     0.0     7.3     1.6     0.0     0.6     0.0     0.0     0.0     0.0     0.0     0.0
             0.0     0.0     3.6     3.6     0.0     2.7     0.0     0.0     0.0     0.0     0.0     0.0
             0.0     0.0     1.1     0.0     0.0     1.3     5.0     0.0     0.0     0.0     0.0     0.0
             0.0     4.6     0.0     0.0     7.4    26.5     0.6     0.0     0.5     0.0     0.0     0.0
             0.0     6.6     0.0     0.2     2.0     4.3     0.0     0.0     0.0     0.0     0.0     0.0
             0.0     0.0     0.0     0.0     0.2     0.2     0.0     0.0     0.5     0.0     0.0     0.0
             0.0     0.0     0.0     7.2     0.0     0.0     0.0     0.0     7.0     0.0     0.0     0.0
             0.0     0.0     0.0     2.8     0.0     0.0     0.0     0.0     0.3     0.0     0.0     0.0
             0.0     0.0     0.0     2.6     0.0     0.0     0.0     0.0     0.0     0.0     0.0     0.0
             0.0     0.0     0.0    20.7     0.0     0.0     0.0     0.0     0.0     0.0     0.0     0.0
             0.0     0.0     0.0     2.5     2.0     2.0     0.0     0.0     0.0     0.0     0.0     0.0
             0.0     0.9     0.0     0.6     3.2     0.1     0.0     0.1     0.0     0.0     0.0     0.0
             0.0     6.0     0.0     0.0    14.9     0.0     0.0     0.0     0.0     0.0     0.0     0.0
             0.0     0.1     0.0     0.3     1.1     0.0     0.0     0.0     0.0     0.6     0.0     0.0
             0.0     0.0     0.0     0.0     1.7     0.0     0.0     0.0     2.0     0.0     0.0     0.0
             0.0     0.0     0.0     0.4     1.2     0.0     0.8     0.0     3.0     0.0     0.0     0.0
             0.0     0.2     0.0     0.1     8.2     2.9     3.6     0.0     2.0     4.5     0.0     0.0
             0.0     0.0     0.6     0.1     4.5     2.5     0.1     0.0     0.0     0.0     0.0     0.0
             0.0     0.0     0.2     0.2     2.1     0.2     0.0     0.0     0.0     0.0     0.0     0.0
             0.0     0.0     0.0     0.0     0.4     8.6     2.4     0.0     0.0     0.0     0.0     0.0
             0.0     0.0     0.0     0.0     0.0     4.1     0.0     0.2     0.0     0.0     0.0     0.0
             0.0     0.0     0.0     0.0     0.1     5.4     0.0     0.0     0.0     0.0     0.0     0.0
             0.0     0.0     0.0     1.5     0.0     0.2     0.0     0.0     0.0     0.0     0.0     0.0
             0.0    30.2     0.0     0.2     0.0     0.0     0.0     0.0     0.0     0.0     0.0     0.0
             0.0     0.1     0.0     1.8     0.0     0.0     0.0     0.0     0.0     0.0     0.0     0.0
             0.0     0.0     0.9     8.4     0.0     0.0     0.0     0.0     0.0     0.0     0.0     0.0
             0.0     0.0     6.8     4.9     0.0     0.0     0.0     0.0     0.0     0.0     0.0     0.0
             0.0     0.0     3.4     0.1     2.0     7.8     0.0     0.0     0.0     0.0     0.0     0.0
             0.0     3.6     0.5     1.0     3.6   -77.0     3.1     0.0     0.0     0.0     0.0     0.0
           -77.0     0.2   -77.0     6.2     4.2   -77.0     2.2   -77.0     0.0   -77.0     0.0     92
    1993
             0.0     0.0     0.0     2.0     1.0     4.5     0.0     0.0     0.0     0.0     0.0     0.0
             0.0     0.0     0.0    11.8     1.7     0.8     0.0     0.0     0.1     0.0     0.0     0.0
             0.0     0.0     0.0     0.2     0.0     0.0     0.0     0.0     0.4     0.0     0.0     0.0
             0.0     0.0     0.0     0.6     0.1     0.1     7.8     0.0    14.7     0.0     0.0     0.0
             0.0     0.0     0.0     0.0     0.4     0.0     0.7     0.0    12.3     0.0     0.0     0.0
             0.0     0.0     0.0     0.2    19.0     0.0     1.0     0.0     8.3     0.4     0.0     0.0
             0.0     0.0     0.0     0.0     8.5     1.3     6.7     0.0     0.0     0.2     0.0     0.0
             0.0     0.0     0.0     0.0     0.2     7.7     7.3     0.1     0.0     0.0     0.0     0.0
             0.0     0.0     0.0     0.2     1.6    18.8     5.4     0.0     0.0     0.0     0.0     0.0
             0.0     0.0     0.0     0.1     0.0    10.0     0.0     0.0     4.2     0.0     0.0     0.0
             0.0     0.0     0.0     0.2     0.0     0.1     0.6     0.0     0.1     0.0     0.0     0.0
             0.0     0.0     0.0     9.2     0.0     0.0     0.0     0.0     0.1     0.0     0.0     0.0
             0.0     0.0     0.0     2.1     0.0     0.0     0.0     0.0     1.0     0.0     0.0     0.0
             0.0     0.0     0.0    12.0     0.0     0.0     0.0     0.0     3.7     0.0     0.0     0.0
             0.0     0.0     7.0     2.0     0.0     0.0     0.3     0.0     0.0     0.0     0.0     0.0
             0.0     0.0     0.1     3.2     0.0     0.0     0.0     0.0     0.0     0.0     0.0     0.0
             0.0     0.0     0.0     0.1     0.0     0.0     5.5     0.0     0.0     0.0     0.0     0.0
             0.0     0.0     0.0     0.0     0.0     0.0     0.7     0.0     0.0     0.0     0.0     0.0
             0.0     0.0     0.0     0.1     0.0     0.1     0.0     0.0     0.0     0.0     0.0     0.0
             0.0     0.0     0.8     0.0     0.0     1.8     3.6     0.0     0.0     0.0     0.0     0.0
             0.0     0.0     6.0     0.4     0.0     0.0     0.0     0.0     0.0     0.0     0.0     0.0
             0.0     0.0     0.8     1.2     0.0     0.0     0.0     0.0     0.0     0.0     0.0     0.0
             0.0     0.0    29.5     1.6     0.0     0.0     0.0     0.0     0.0     0.0     0.0     0.0
             0.1     0.0     0.3     0.2     0.0     0.0     0.0     0.0     0.0     0.0     0.0     0.0
             0.0     0.0     0.0     0.0     0.0     0.0     0.0     0.0     0.0     0.0     0.0     0.0
             0.0     0.0     0.0     0.0     0.0     0.0     0.0     0.0     0.0     0.0     0.0    11.5
             0.0     0.0     3.0     0.0     2.9     0.0     0.0     0.0     0.0     0.0     0.0     0.0
             0.0     0.0     2.8     0.0     2.0     0.0     0.0     1.6     0.0     0.0     0.0     0.0
             0.0     0.0     0.1     0.0     0.0   -77.0     0.0     0.0     0.0     0.0     0.0     0.0
             0.0     0.0     0.0     0.0     0.0   -77.0     0.0     0.0     0.0     0.0     0.0     0.0
           -77.0     0.0   -77.0     0.0    19.5   -77.0     0.0   -77.0     0.0   -77.0     0.0     93
    1994
             0.0     0.0    19.0     0.2     2.3     0.1     0.0     0.0     0.0     0.0     0.0     0.0
             0.0     0.0     0.1     0.0     6.9     0.0     0.0     0.0     0.0     0.0     0.0     0.0
             0.0     0.0     0.0     0.2    19.4     0.0     0.0     0.0    10.6     0.0     0.0     0.0
             0.0     0.0     0.0     0.3     2.5     0.0     0.2     0.0     1.2     0.0     0.0     0.0
             0.0     0.0     0.0     0.0     0.1     0.0     0.4     0.0     0.8     0.0     0.0     0.0
             0.0     0.0     0.0     0.0     0.0     0.0     1.0     0.0     0.0     0.0     0.0     0.0
             0.0     0.0     0.0     0.0     0.2     1.6     0.0     0.0     0.0     0.0     0.0     0.0
             0.0     0.0     0.0     0.2     0.1    11.9     0.0     0.0     0.0     0.0     0.0     0.0
             0.0     0.0     0.0     0.1     0.0     0.2     0.5     0.0     0.0     0.0     0.0     0.0
             0.0     0.0     7.1     0.2     1.0    13.6     0.0     0.0     0.0     0.0     0.0     0.0
             0.0     0.0     0.0     0.0     1.2    11.0     0.0     0.0     0.0     0.0     0.0     0.0
             0.0     0.0     0.0     0.0     0.1    12.6     2.8     0.0     0.0     0.0     0.0     0.0
             0.0     0.0     0.0    13.7     0.0    11.0     2.5     0.0     0.0     0.0     0.0     0.0
             0.0     0.0     2.6     0.2    11.6    31.8     0.0     0.0     0.0     0.0     0.0     0.0
             0.0     0.0     0.5     0.2     0.4    26.4     0.0     0.0     0.0     0.0     0.0     0.0
             0.0     0.0     0.0     0.2     1.4     0.1     0.1     0.0     0.0     0.0     0.0     0.0
             0.0     0.0     3.6     0.2     0.0     0.0     0.0     0.0     0.0     0.0     0.0     0.0
             0.0     0.0     0.2     0.0     0.1     0.0     0.2     0.0     0.0     0.0     0.0     0.0
             0.0     0.0     0.0     0.1     0.2     0.0     0.0     0.0     0.0     0.0     0.0     0.0
             0.0     0.0     0.0     0.0     0.2     0.0     0.0     0.0     0.0     0.0     0.0     0.0
             0.0     0.0     0.0     0.0     6.8     2.0     0.0     0.0     0.0     0.0     0.0     0.0
             0.0     0.0     0.0     0.0     0.7     8.5     0.0     0.0     0.0     0.0     0.0     0.0
             0.0     0.0     0.0     0.2     0.1     0.2     0.0     0.0     0.0     0.0     0.0     0.0
             0.0     0.0     0.1     0.0     0.1     0.5     0.0     0.0     0.0     0.0     0.0     0.0
             0.0     0.0     0.3     0.0     0.0     1.6     0.0     0.0     0.0     0.0     0.0     0.0
             0.0     0.0     3.8     0.0     0.1     2.8     0.0     0.0     0.0     0.0     0.0     0.0
             0.0     0.0     0.1     0.1     0.0     1.2     0.0     0.0     0.0     0.0     0.0     0.0
             0.0     0.0     0.0     0.0    23.0     0.0     0.0     0.0     0.0     0.0     0.0     0.0
             0.0     0.0     0.0     0.0    18.5   -77.0     1.3    11.0     0.0     0.0     0.0     0.0
             0.0     0.0     4.9     0.1     7.2   -77.0     1.8     0.0     0.0     0.0     0.0     0.0
           -77.0    18.0   -77.0     0.0     5.0   -77.0     0.9   -77.0     0.0   -77.0     0.0     94
    1995
             0.0     0.0     0.0    12.8     1.4     0.0     0.0     0.0     0.0     0.6     0.0     0.0
             0.0     0.0     0.0     0.2     0.2     0.2     0.0     0.5     0.0     0.0     0.0     0.0
             0.0     0.0     0.5     0.0     0.0     0.0     0.0     6.8     0.0     0.0     0.0     0.0
             0.0     0.0     0.0     0.0     0.1     0.0     0.0     0.0     0.0     0.0     0.0     0.0
             0.0     0.0     0.3     0.0     0.0     0.8     0.0     0.0     0.8     0.0     0.0     0.0
             0.0     0.0     6.1     0.0     0.0     4.6     1.1     0.0     5.4     0.0     0.0     0.0
             0.0     0.0     0.1     0.0     0.1    10.2     0.3     0.0     0.2     0.0     0.0     0.0
             0.0     0.0     0.0     0.6     0.2     0.0     0.7     0.0     0.0     0.0     0.0     0.0
             0.0     0.0     0.0     0.0     0.2     0.4     2.0     0.0     0.0     0.0     0.0     0.0
             0.0     0.0     0.0     0.0     2.6     0.5     0.0     0.0     0.0     0.0     0.0     0.0
             0.0     0.0     0.0     1.7    11.0     0.2     0.5     0.0     0.0     0.0     0.0     0.0
             0.0     0.2     0.0     3.6     0.4     0.0     4.1     0.0     0.0     0.0     0.0     0.0
             0.0     0.0     0.0     0.3     0.2     0.0     0.0     0.2     0.0     0.0     0.0     0.0
             0.0     0.0     8.2     0.1     0.1     0.0     5.0     0.0     0.0     0.0     0.0     0.0
             0.0     0.0    34.0     0.0     1.2     0.0     1.0     0.0     0.0     0.0     0.0     0.0
             0.0     1.2     0.1    13.2     0.8     0.0     7.6     0.0     0.0     0.0     0.0     0.0
             0.0     7.0     0.0     0.8     7.2     0.0     0.0     1.0     0.0     0.0     0.0     0.0
             0.0     1.8     0.3     7.2     2.0     0.0     0.0    34.5     0.0     0.0     0.0     0.0
             0.0     0.0     1.6     1.5     1.0     0.0     0.0     0.0     0.0     0.0     0.0     0.0
             0.0     0.0    26.0     0.4     0.2     0.0     0.0     0.0     0.0     0.0     0.0     0.0
             0.0     0.4    15.2     0.0     6.5     0.7     0.0     0.0     0.0     0.0     0.0     0.0
             0.0     0.0     0.3     0.0     0.0     0.2     0.0     0.0     0.0     0.0     0.0     0.0
             0.0     0.0     1.6     0.2     0.0     0.0     0.0     0.0     0.0     0.0     0.0     0.0
             0.0     0.6     0.1     0.2     0.0     0.0     0.4     0.0     0.0     0.0     0.0     0.0
             0.0     0.8     0.0     0.2     1.1     0.0     0.1     0.0     0.0     0.0     0.0     0.0
             1.6     0.0     1.0     0.0     0.6     0.0     0.0     0.0     0.0     0.0     0.0     0.0
             0.0     0.0     2.2     0.0     0.4     0.0     0.0     0.0     0.0     0.0     0.0     0.0
             0.0     0.0     0.1     1.0     3.1     0.0     0.0     0.6     3.6     0.0     0.0     0.0
             0.0     0.0     8.8     0.2     0.0   -77.0     0.0     0.0     0.0     0.0     0.0     0.0
             0.0     0.0     2.4     0.2     0.0   -77.0     0.0     0.0     0.0     0.0     0.0     0.0
           -77.0     0.0   -77.0     0.4     0.0   -77.0     0.0   -77.0    17.0   -77.0     0.0     95
    1996
             0.0     0.0     2.0     0.0     2.4     0.0    10.2     0.0     0.0     0.0     0.0     0.0
             0.0     5.0    10.1     0.0     3.3     0.0     0.0     0.0     0.0     0.0     0.0     0.0
             0.0     0.0     0.2     0.0     6.5     0.0     5.6     0.0     0.0     0.0     0.0     0.0
             0.0     0.0     0.0     0.0    10.0     0.0     6.4     0.0     0.0     0.0     0.0     0.0
             0.0     0.0     0.0     0.0     8.4     2.2     0.0     0.0     0.0     0.0     0.0     0.0
             0.0     0.0     0.0     0.0    11.8     1.2    20.9     0.0     0.0     0.0     0.0     0.0
             0.0     0.0     5.0     0.0     0.0     0.1     0.6     0.0     0.0     0.0     0.0     0.0
             0.0     0.0     9.6     0.2     2.9     2.0     0.3     0.0     0.0     0.0     0.0     0.0
             0.0     0.0     5.8    12.8     0.0     3.6     5.7     1.4     0.0     0.0     0.0     0.0
             0.0     0.0     1.1     5.6     0.6     5.2     0.6     0.0     0.0     0.0     0.0     0.0
             0.0     0.0     0.0     7.0     0.0     0.2     0.0     0.2     0.0     0.0     0.0     0.0
             0.0     0.0     0.0     0.9     0.0     0.2     0.0     3.0     0.0     0.0     0.0     0.0
             0.0     0.0     0.0     0.8     0.0     0.0     0.2     3.4     0.0     0.0     0.0     0.0
             0.0     0.0     0.0     0.0     0.0    13.2     0.0     0.1     0.0     0.0     0.0     0.0
             0.0     0.0     0.0     0.0     0.0     0.3     0.0     0.0     0.0     0.0     0.0     0.0
             0.0     0.0     0.0     0.0     1.4     0.1     0.0     0.0     0.0     0.0     0.0     0.0
             0.0     0.0     0.0     0.0     2.0     2.8     2.9     0.0     0.0     0.0     0.0     0.0
             0.0     0.0     0.0     0.0     1.0     1.1    11.9     1.6     0.0     0.0     0.0     0.0
             0.0     0.0     0.0     0.1     1.0     3.2     0.2     5.5     4.5     0.0     0.0     0.0
             0.0     0.0     3.6     0.0     0.7     0.1    12.6     3.0     0.0     0.0     0.0     0.0
             0.0     0.0     2.1     2.6     4.6     0.1    16.0     3.2     0.0     0.0     0.0     0.0
             0.0     0.0    15.4     0.0     0.1     0.0    15.2     3.2     0.0     0.0     0.0     0.0
             0.0     0.0     0.2     0.4    14.1     0.0     4.3     1.4     0.0     0.0     0.0     0.0
             0.0     0.0     4.0     0.0     0.1     0.0     4.2     0.7     0.0     0.0     0.0     0.0
             0.0     0.0     0.0     0.1     0.0     0.0     0.7     0.0     0.0     0.0     0.0     0.0
             0.0     0.0     0.0     0.0     0.0     6.2    10.2     0.0     0.0     0.0     0.0     0.0
             0.0     0.6     0.0     0.0     0.0     1.8     4.8     0.0     0.0     0.0     0.0     0.0
             0.0     0.7     0.0     0.3     2.7     0.0     1.2     0.0     0.0     0.0     0.0     0.0
             0.0     2.8     0.0     0.2     0.1     1.0     8.4     0.0     0.0     0.0     0.0     0.0
             0.0     0.0     0.0     0.0     0.0   -77.0     0.3     0.0     0.0     0.0     0.0     0.0
           -77.0     0.0   -77.0     0.4     0.2   -77.0     0.0   -77.0     0.0   -77.0     0.0     96
    1997
             0.0     0.0     0.0     0.0     0.0     0.0     0.0     0.2     0.0     0.0     0.0     0.0
             0.0     0.1     0.0     0.0     0.3     7.4     8.2    65.8     4.0     0.0     0.0     0.0
             0.0     0.0     0.0    18.7     0.4     2.6     0.4     5.6     0.0     0.0     0.0     0.0
             0.0     0.0     0.0    14.0     0.3     0.3     0.0     0.4     1.5     0.0     0.0     0.0
             0.0     0.0     0.0     3.0     0.0     0.0     2.2     7.7     0.0     0.0     0.0     0.0
             0.0     0.0     0.0     0.2     0.0     0.0     0.0     5.3     0.0     0.0     0.0     0.0
             0.0     0.0     0.0     0.7     0.0     0.0     0.0     4.7     0.0     0.0     0.0     0.0
             0.0     0.0     0.0     0.8     7.2     0.0     0.0    16.4     0.0     0.0     0.0     0.0
             0.0     0.0     0.0     3.6    12.1     0.0     0.0     0.2     0.0     0.0     0.0     0.0
             0.0     0.8     0.0     0.0     0.0     0.0     0.0     0.0     0.0     0.0     0.0     0.0
             0.0     2.2     0.0     5.6     0.5     0.0     0.0     0.0     0.0     0.0     0.0     0.0
             0.0     0.0     0.0    22.6     0.0     0.0     0.0     0.0     0.0     0.0     0.0     0.0
             0.0     0.6     0.0     0.4     7.2     0.6     0.0     7.4     0.0     0.0     0.0     0.0
             0.0     0.0     0.0     0.1     4.3     1.0     2.6     0.4     0.0     0.0     0.0     0.0
             0.0     0.0     0.0    12.2     4.0     3.0     1.8     0.0     0.0     0.0     0.0     0.0
             0.0     0.0     0.0     2.3     0.0     0.0     7.0     0.0     0.0     0.0     0.0     0.0
             0.0     0.0     0.0     0.0     0.1     0.0     6.6     0.0     0.0     0.0     0.0     0.0
             0.0     0.0     0.0     0.0     0.0     0.0    23.7     0.0     0.0     0.0     0.0     0.0
             0.0     0.0     1.2     0.0     0.0     0.0     0.0     0.0     0.0     0.0     0.0     0.0
             0.0     0.0    11.7     0.0     0.0     1.8     0.0     0.0     0.0     0.0     0.0     0.0
            20.4     0.2     0.2     0.0     0.2     3.3     2.4     0.0     0.0     0.0     0.0     0.0
             0.0     3.9     0.4     5.3     0.0     0.0     6.0     0.0     0.0     0.0     0.0     0.0
             0.0    13.9     0.0     0.3     0.0     1.2     0.0     0.0     0.0     0.0     0.0     0.0
             0.0     4.0     0.0     0.0     0.0     0.0    12.0     0.0     0.0     0.0     0.0     0.0
             0.0     7.4     0.0     0.2     0.4     0.0     0.0     0.0     0.0     0.0     0.0     0.0
             0.0     0.8     0.0     0.2     4.4     0.0     0.0     0.0     0.0     0.0     0.0     0.0
             0.0     0.3     0.1     0.3     0.0     0.0     0.0     0.0     0.0     0.0     0.0     0.0
             0.0     2.0     0.4     1.8     0.0     0.0     0.0     0.0     0.0     0.0     0.0     0.0
             0.0     0.2     0.4     0.0     0.8   -77.0     0.0     0.0     0.0     0.0     0.0     0.0
             0.0     0.0     0.0     0.3     1.8   -77.0     0.0     0.0     0.0     0.0     0.0     0.0
           -77.0     0.0   -77.0     0.1     0.0   -77.0     0.0   -77.0     0.0   -77.0     0.0     97
    1998
             0.0     0.9     1.8     0.7     0.0     0.0     0.0    14.2     0.0     0.0     0.0     0.0
             0.0     0.0     2.4     1.4     0.0     0.2     0.0     0.3     0.0     0.0     0.0     0.0
             0.0     0.0    16.6     8.4     2.8     0.2     0.0     0.0     0.0     0.0     0.0     0.0
             0.0     0.0     0.0     0.6    14.6     0.0     0.0     5.0     0.0     0.0     0.0     0.0
             0.0     0.5     0.3     0.3     0.0     0.6     0.0     0.0     0.0     0.0     0.0     0.0
             0.0     0.0     0.0     0.0     1.1     5.4     0.0     0.0     0.0     0.0     0.0     0.0
             0.0     0.0     0.0     0.1     9.6    23.1     0.0     0.0     0.8     0.0     0.0     0.0
             0.0     0.0     0.0     6.4     0.0     0.0     0.0     0.0     0.0     0.0     0.0     0.0
             0.0     0.0     0.0     5.6     0.0     0.0     0.0     0.0     0.0     0.0     0.0     0.0
             0.0     0.0     0.0     0.0     4.2     0.0     0.0     0.0     0.2     0.0     0.0     0.0
             0.0     0.0     0.0     1.8     0.6     0.0     0.0     0.0     0.0     0.0     0.0     0.0
             0.0     0.0     0.0     0.1     0.0     0.0     0.4     0.0     0.0     0.0     0.0     0.0
             0.0     0.0     0.0     1.0     0.0     0.0     0.0     0.0     5.8     0.0     0.0     0.0
             0.0     0.0     0.0     0.2     0.1     0.0     0.0     0.0     0.0     0.0     0.0     0.0
             0.0     0.0     0.0     8.3     0.1     0.0     0.0     0.0     0.0     0.0     0.0     0.0
             0.0     0.0     0.0     4.6     0.2     0.0     7.1     1.0     0.0     0.0     0.0     0.0
             0.0     0.9     1.4     0.0     0.3     0.0     2.2     0.0     0.0     0.0     0.0     0.0
             0.0     8.0    10.6     0.6     0.0     6.0     4.9     0.0     3.2     0.0     0.0     0.0
             0.0    12.4     0.0     0.0     2.4     0.0     0.0     0.0     0.0     0.0     0.0     0.0
             0.0     0.8     0.0     0.0     2.4     0.0     0.7     0.0     6.0     0.0     0.0     0.0
             0.0     6.6     0.5     0.0     0.1     0.0    12.4    11.0     0.2     0.0     0.0     0.0
             0.0     0.0     0.0     0.0     0.0     0.0     1.7     3.6     0.0     0.0     0.0     0.0
             0.0     0.0     0.1     1.8     4.4     0.0     4.5     0.2     0.0     0.0     0.0     0.0
             0.0     0.0     0.0     0.0    16.8     0.0     0.9     0.0     0.0     0.0     0.0     0.0
             0.0     0.0     0.0     0.0     9.1     0.0     0.0     1.8     0.0     0.0     0.0     0.0
             0.0     2.8     0.0     0.3     0.8     0.0     0.0    25.4     0.0     0.0     0.0     0.0
            11.4     0.0     0.0     0.0     3.6     0.0     0.0     3.0     0.0     0.0     0.0     0.0
             3.1     0.1     0.0     0.0     5.8     2.4    11.0     0.4     0.0     0.0     0.0     0.0
             0.0     0.0     0.4     7.4     3.6   -77.0     8.0     0.0     0.0     0.0     0.0     0.0
             0.0     0.0     0.9    14.6     1.1   -77.0     4.1     0.0     0.0     0.0     0.0     0.0
           -77.0     0.0   -77.0     0.0     0.0   -77.0     0.1   -77.0     0.0   -77.0     0.0     98
    1999
             0.0     0.0     0.0     0.2     0.2     0.0     0.0     1.9     0.0     0.0     0.0     0.0
             0.0     0.0     0.0     0.0     0.0     0.0     0.0     0.2     0.0     0.0     0.0     0.0
             0.0     0.0     0.0     0.0     0.0     0.0     0.0     1.0     0.0     0.0     0.0     0.0
             0.0     0.0     0.0     0.0     0.0     2.3     0.0     0.1     0.0     0.0     0.0     0.0
             0.0     0.0     0.0     0.0     0.0    14.2     0.0     0.0     0.0     0.0     0.0     0.0
             0.0     0.0     0.0     0.0     0.0    10.2     0.0    15.7     0.0     0.0     0.0     0.0
             0.0     0.0     0.0    14.7     0.0     9.1     0.0     2.3     0.0     0.0     0.0     0.0
             0.0     0.0     0.0     6.4     0.0     0.2     0.0     0.0     0.0     0.0     0.0     0.0
             0.0     0.0     0.0     0.2     0.5     3.4     0.0     0.0     0.0     0.0     0.0     0.0
             0.0     0.0     1.1     0.2     2.0     0.0     0.0     0.0     0.0     0.0     0.0     0.0
             0.0     0.0     0.0     0.1     0.2     0.0     0.0     0.0     0.0     0.0     0.0     0.0
             0.0     0.0     0.0     0.0     0.3     0.0     0.0     0.0     0.0     0.0     0.0     0.0
             0.0     0.0     0.0     0.1     0.2     0.1     0.0     0.0     0.0     0.0     0.0     0.0
             0.0     0.0     2.3     0.0     0.0     0.0     0.5     0.0     0.0     0.0     0.0     0.0
             0.0     0.0    22.9     1.3     2.9     0.0     6.1     0.0     0.0     0.0     0.0     0.0
             0.0     1.1     6.1     0.0     0.1     0.1     0.0     0.0     0.0     0.0     0.0     0.0
             0.0     0.0     0.1     5.5     6.5     0.3     0.0     0.0     0.0     0.0     0.0     0.0
             0.0     0.0     0.1     3.6     8.0     1.3     0.0     0.0     0.0     0.0     0.0     0.0
             0.0     0.0     0.0     1.3     0.8     4.1     0.9     0.0     0.0     0.0     0.0     0.0
             0.0     0.0     0.0     2.4     0.0     0.0    14.2     0.0     0.0     0.0     0.0     0.0
             0.0     0.0     0.0     0.4     0.0     0.0    29.2     0.0     0.0     0.0     0.0     0.0
             0.0     0.0     0.0     0.0     0.0     0.0     1.0     0.0     0.0     0.0     0.0     0.0
             0.0     0.0     0.0     6.4     0.0     0.0     0.0     0.0     0.0     0.0     0.0     0.0
             0.0     0.0     0.0     7.8     0.1     1.6     1.3     0.0     0.0     0.0     0.0     0.0
             0.0     0.0     0.0    14.5     0.0     0.1     4.8     0.0     0.0     0.0     0.0     0.0
             0.0     0.0     0.0     0.1     0.0     0.0     0.8     0.0     0.0     0.0     0.0     0.0
             0.0     0.0     0.0     0.0    16.3     0.0     0.0     0.0     0.0     0.0     0.0     0.0
             0.0     0.4     1.0    11.9     0.7     0.0     2.3     0.0     0.0     0.0     0.0     0.0
             0.0     0.0     0.3     3.8     0.6   -77.0     1.0     0.0     0.0     0.0     0.0     0.0
             0.0     0.0     3.8     3.3     0.0   -77.0     2.0     0.0     0.0     0.0     0.0     0.0
           -77.0     0.0   -77.0     1.3     0.0   -77.0     8.6   -77.0     0.0   -77.0     0.0     99
    2000
             0.0     0.0     0.0     0.0     0.0     0.0     2.6     0.0     0.0     0.0     0.0     0.0
             0.0     0.0     0.0     0.0     0.0     0.0     0.0     0.0     0.0     0.0     0.0     0.0
             0.0     0.0     0.0     0.0     3.7     0.0     0.0     0.0     0.1     0.0     0.0     0.0
             0.0     0.0     0.0     0.0     3.0     0.0     0.0     0.0     0.2     0.0     0.0     0.0
             0.0     0.0     0.0     0.0    10.4     6.8     0.0     0.0     0.0     0.0     0.0     0.0
             0.0     0.0     2.6     0.4     0.2     0.2     0.4     0.0     0.0     0.0     0.0     0.0
             0.0     0.0     0.0     0.0     3.9     0.0     0.0     0.0     0.0     0.0     0.0     0.0
             0.0     0.0     0.0     0.0     8.8     0.0     0.0     1.5     0.0     0.0     0.0     0.0
             0.0     0.0     0.0     0.0     1.3     0.0     0.0    13.0     0.0     0.0     0.0     0.0
             0.0     0.0     0.2     0.0     2.1     0.0     0.0     0.0     0.0     0.0     0.0     0.0
             0.0     1.0     0.0     0.0     0.0     0.0     4.0     0.2     0.0     0.0     0.0     0.0
             0.0     0.0     0.0     0.0     0.0     0.2     0.0     0.0     0.0     0.0     0.0     0.0
             0.0     0.0     0.0     0.0     0.0     0.0     8.0     0.0     0.0     0.0     0.0     0.0
             0.6     0.0     0.0    16.7     0.0     5.4     0.0     0.0     0.0     0.0     0.0     0.0
             0.0     0.0     0.0     0.0     0.0     6.9     0.0     0.0     0.0     0.0     0.0     0.0
             0.0     0.0     0.0     0.0     0.0     4.5     0.0     0.0     0.0     0.0     0.0     0.0
             0.0     0.0     0.0     0.0     0.0     0.0     0.0     0.0     0.0     0.0     0.0     0.0
             0.0     0.0     0.0     0.0    25.4     0.0     0.5     0.0     0.0     0.0     0.0     0.0
             0.0     0.0     0.0     0.0    10.4     1.7     0.1     0.0     0.0     0.0     0.0     0.0
             0.0     0.0     0.0     0.0     0.2     0.0     0.0     1.9     0.0     0.0     0.0     0.0
             0.0     0.0     0.0     0.0     0.3     0.0     0.0     1.0     0.0     0.0     0.0     0.0
             0.0     0.0     0.0     0.0    12.8     2.1     0.0     4.6     0.0     0.0     0.0     0.0
             0.0     6.9     0.0     0.0     5.8     0.0    25.5     0.0     0.0     0.0     0.0     0.0
             0.0     0.0     0.0     0.6     0.4     0.4     0.0     0.0     0.0     0.0     0.0     0.0
             0.0     0.0     6.2     0.4     7.3     0.1     0.0     0.0     0.0     0.0     0.0     0.0
             0.0     0.0     0.0     0.3     0.0     4.0     0.0     0.0     0.0     0.0     0.0     0.0
             0.0     0.0     0.0     2.5     1.0     0.1     0.0     0.2     0.0     0.0     0.0     0.0
             0.0     0.0     0.0     0.0     0.0     0.0     0.0     0.5     0.0     0.0     0.0     0.0
             0.0     0.0     0.0     0.0     0.0     0.0     0.0     0.5     0.0     0.0     0.0     0.0
             0.0     0.0     0.0     0.0     0.0   -77.0     0.0     0.0     0.0     0.0     0.0     0.0
           -77.0     0.0   -77.0     0.0     0.0   -77.0     0.0   -77.0     0.0   -77.0     0.0     00
    2001
             0.0     0.0     0.0     0.3     0.0     0.0   -77.0   -77.0   -77.0   -77.0   -77.0   -77.0
             0.0     0.0     0.0     0.2    15.4     2.3   -77.0   -77.0   -77.0   -77.0   -77.0   -77.0
             0.0     0.0     0.0     0.2     0.1     1.3   -77.0   -77.0   -77.0   -77.0   -77.0   -77.0
             0.0     0.0     0.0     0.2     0.2     4.8   -77.0   -77.0   -77.0   -77.0   -77.0   -77.0
             0.0     0.0     0.0     0.1     1.8     0.0   -77.0   -77.0   -77.0   -77.0   -77.0   -77.0
             0.0     0.0     0.0     0.0     1.4   -77.0   -77.0   -77.0   -77.0   -77.0   -77.0   -77.0
             0.0     0.0     0.0     0.0     0.2   -77.0   -77.0   -77.0   -77.0   -77.0   -77.0   -77.0
             0.0     0.0     0.0     0.0     0.2   -77.0   -77.0   -77.0   -77.0   -77.0   -77.0   -77.0
             0.0     0.2     0.0     0.1     0.1   -77.0   -77.0   -77.0   -77.0   -77.0   -77.0   -77.0
             0.0     0.0     0.0     0.0     0.1   -77.0   -77.0   -77.0   -77.0   -77.0   -77.0   -77.0
             0.0     0.0     0.0     0.0     0.1   -77.0   -77.0   -77.0   -77.0   -77.0   -77.0   -77.0
             0.0     0.0     0.0    13.2     0.1   -77.0   -77.0   -77.0   -77.0   -77.0   -77.0   -77.0
             0.0     0.0     0.0     0.3     0.1   -77.0   -77.0   -77.0   -77.0   -77.0   -77.0   -77.0
             0.0     0.0     0.0     0.1     0.0   -77.0   -77.0   -77.0   -77.0   -77.0   -77.0   -77.0
             0.0     0.0     0.0     0.0     0.0   -77.0   -77.0   -77.0   -77.0   -77.0   -77.0   -77.0
             2.0     0.0     0.0     0.0     0.0   -77.0   -77.0   -77.0   -77.0   -77.0   -77.0   -77.0
             0.0     0.0     0.0     0.0     1.4   -77.0   -77.0   -77.0   -77.0   -77.0   -77.0   -77.0
             0.0     0.0     0.0     0.2     6.0   -77.0   -77.0   -77.0   -77.0   -77.0   -77.0   -77.0
             0.0     0.0     0.0    14.5     0.3   -77.0   -77.0   -77.0   -77.0   -77.0   -77.0   -77.0
             0.0     0.0     0.0     4.6     3.0   -77.0   -77.0   -77.0   -77.0   -77.0   -77.0   -77.0
             0.0     0.1     0.0     1.8     0.1   -77.0   -77.0   -77.0   -77.0   -77.0   -77.0   -77.0
             0.0     1.3     0.1     0.5     0.0   -77.0   -77.0   -77.0   -77.0   -77.0   -77.0   -77.0
             0.0     0.0     0.0     4.1     0.1   -77.0   -77.0   -77.0   -77.0   -77.0   -77.0   -77.0
             0.0     1.8     0.0    12.7     4.6   -77.0   -77.0   -77.0   -77.0   -77.0   -77.0   -77.0
             0.0     0.0     0.0     0.0     0.0   -77.0   -77.0   -77.0   -77.0   -77.0   -77.0   -77.0
             0.0     1.0     0.0     0.0     0.0   -77.0   -77.0   -77.0   -77.0   -77.0   -77.0   -77.0
             0.0     0.0     0.1     0.0     0.0   -77.0   -77.0   -77.0   -77.0   -77.0   -77.0   -77.0
             3.6     0.0     4.2     0.2     0.1   -77.0   -77.0   -77.0   -77.0   -77.0   -77.0   -77.0
             0.0     0.0    13.7     0.0     0.0   -77.0   -77.0   -77.0   -77.0   -77.0   -77.0   -77.0
             0.0     0.0     4.3     4.1     0.0   -77.0   -77.0   -77.0   -77.0   -77.0   -77.0   -77.0
           -77.0     0.0   -77.0     1.5     0.0   -77.0   -77.0   -77.0   -77.0   -77.0   -77.0   01
