Vazões Médias
=============
Restrições: Código = 38850000 e Responsável = 001 e Média diária = Sim
Código	Nível de consistência	Sub-bacia	Rio	Estado	Município	Nome	Latitude	Longitude	Altitude (m)	Área de drenagem (km2)	Data	Hora	Método de obtenção	Máxima (m3/s)	Mínima (m3/s)	Média (m3/s)	Dia máxima	Dia mínima	Vazão 01 (m3/s)	Vazão 02 (m3/s)	Vazão 03 (m3/s)	Vazão 04 (m3/s)	Vazão 05 (m3/s)	Vazão 06 (m3/s)	Vazão 07 (m3/s)	Vazão 08 (m3/s)	Vazão 09 (m3/s)	Vazão 10 (m3/s)	Vazão 11 (m3/s)	Vazão 12 (m3/s)	Vazão 13 (m3/s)	Vazão 14 (m3/s)	Vazão 15 (m3/s)	Vazão 16 (m3/s)	Vazão 17 (m3/s)	Vazão 18 (m3/s)	Vazão 19 (m3/s)	Vazão 20 (m3/s)	Vazão 21 (m3/s)	Vazão 22 (m3/s)	Vazão 23 (m3/s)	Vazão 24 (m3/s)	Vazão 25 (m3/s)	Vazão 26 (m3/s)	Vazão 27 (m3/s)	Vazão 28 (m3/s)	Vazão 29 (m3/s)	Vazão 30 (m3/s)	Vazão 31 (m3/s)	
38850000	Consistido	38	38632000	11	11140000	POCO DE PEDRAS	-07:23:53	-036:26:01	430,00	3140,00	01/1970		Curva de descarga	62	0	3,08	25	01	0	0	0	0	0	0	0	0	0	0	0	0	0	0	0	0	0	0	0	0,314	0,153	0,085	0	0,969	62	11,1	3,22	15,1	1,43	0,643	0,408	
38850000	Consistido	38	38632000	11	11140000	POCO DE PEDRAS	-07:23:53	-036:26:01	430,00	3140,00	02/1970		Curva de descarga	0,267	0	0,047	01	10	0,22	0,193	0,166	0,139	0,139	0,126	0,126	0,112	0,099	0	0	0	0	0	0	0	0	0	0	0	0	0	0	0	0	0	0	0				
38850000	Consistido	38	38632000	11	11140000	POCO DE PEDRAS	-07:23:53	-036:26:01	430,00	3140,00	03/1970		Curva de descarga	8,14	0	0,441	03	01	0	0	6,6	3,22	1,62	0,596	0,22	0,139	0	0	0	0	0	0	0	0	0	0	0,207	0,193	0,18	0,166	0,18	0,139	0,126	0,099	0	0	0	0	0	
38850000	Consistido	38	38632000	11	11140000	POCO DE PEDRAS	-07:23:53	-036:26:01	430,00	3140,00	04/1970		Curva de descarga	1,25	0	0,062	26	01	0	0	0	0	0	0	0	0	0	0	0	0	0	0	0	0	0	0	0	0	0	0	0	0	0,361	0,69	0,314	0,18	0,18	0,139		
38850000	Consistido	38	38632000	11	11140000	POCO DE PEDRAS	-07:23:53	-036:26:01	430,00	3140,00	05/1970		Curva de descarga	0,126	0	0,011	01	04	0,126	0,112	0,099	0	0	0	0	0	0	0	0	0	0	0	0	0	0	0	0	0	0	0	0	0	0	0	0	0	0	0	0	
38850000	Consistido	38	38632000	11	11140000	POCO DE PEDRAS	-07:23:53	-036:26:01	430,00	3140,00	06/1970		Curva de descarga	0	0	0	01	01	0	0	0	0	0	0	0	0	0	0	0	0	0	0	0	0	0	0	0	0	0	0	0	0	0	0	0	0	0	0		
38850000	Consistido	38	38632000	11	11140000	POCO DE PEDRAS	-07:23:53	-036:26:01	430,00	3140,00	07/1970		Curva de descarga	0	0	0	01	01	0	0	0	0	0	0	0	0	0	0	0	0	0	0	0	0	0	0	0	0	0	0	0	0	0	0	0	0	0	0	0	
38850000	Consistido	38	38632000	11	11140000	POCO DE PEDRAS	-07:23:53	-036:26:01	430,00	3140,00	08/1970		Curva de descarga	0	0	0	01	01	0	0	0	0	0	0	0	0	0	0	0	0	0	0	0	0	0	0	0	0	0	0	0	0	0	0	0	0	0	0	0	
38850000	Consistido	38	38632000	11	11140000	POCO DE PEDRAS	-07:23:53	-036:26:01	430,00	3140,00	09/1970		Curva de descarga	0	0	0	01	01	0	0	0	0	0	0	0	0	0	0	0	0	0	0	0	0	0	0	0	0	0	0	0	0	0	0	0	0	0	0		
38850000	Consistido	38	38632000	11	11140000	POCO DE PEDRAS	-07:23:53	-036:26:01	430,00	3140,00	10/1970		Curva de descarga	0	0	0	01	01	0	0	0	0	0	0	0	0	0	0	0	0	0	0	0	0	0	0	0	0	0	0	0	0	0	0	0	0	0	0	0	
38850000	Consistido	38	38632000	11	11140000	POCO DE PEDRAS	-07:23:53	-036:26:01	430,00	3140,00	11/1970		Curva de descarga	0	0	0	01	01	0	0	0	0	0	0	0	0	0	0	0	0	0	0	0	0	0	0	0	0	0	0	0	0	0	0	0	0	0	0		
38850000	Consistido	38	38632000	11	11140000	POCO DE PEDRAS	-07:23:53	-036:26:01	430,00	3140,00	12/1970		Curva de descarga	0	0	0	01	01	0	0	0	0	0	0	0	0	0	0	0	0	0	0	0	0	0	0	0	0	0	0	0	0	0	0	0	0	0	0	0	
38850000	Consistido	38	38632000	11	11140000	POCO DE PEDRAS	-07:23:53	-036:26:01	430,00	3140,00	01/1971		Curva de descarga	0	0	0	01	01	0	0	0	0	0	0	0	0	0	0	0	0	0	0	0	0	0	0	0	0	0	0	0	0	0	0	0	0	0	0	0	
38850000	Consistido	38	38632000	11	11140000	POCO DE PEDRAS	-07:23:53	-036:26:01	430,00	3140,00	02/1971		Curva de descarga	6,3	0	0,259	25	01	0	0	0	0	0	0	0	0	0	0	0	0	0	0	0	0	0	0	0	0	0	0	0	0	4,2	1,43	0,549	1,06				
38850000	Consistido	38	38632000	11	11140000	POCO DE PEDRAS	-07:23:53	-036:26:01	430,00	3140,00	03/1971		Curva de descarga	88,1	0	11,2	28	19	1,25	1,34	0,455	43	12,4	1,34	1,16	0,783	0,455	0,267	0,22	0,18	0,153	0,126	0,126	0,126	0,126	0,099	0	0	0	0	13,1	39,8	56,8	18,5	69,7	85,5	0	0	0	
38850000	Consistido	38	38632000	11	11140000	POCO DE PEDRAS	-07:23:53	-036:26:01	430,00	3140,00	04/1971		Curva de descarga	511	15,1	81,1	07	03	136	20,9	15,1	22,9	33	86,8	307	289	216	93,3	78	67,5	79,2	43	50	28,9	26,4	28,2	28,2	29,6	28,9	105	40,6	108	27	24,7	18,5	119	241	39,8		
38850000	Consistido	38	38632000	11	11140000	POCO DE PEDRAS	-07:23:53	-036:26:01	430,00	3140,00	05/1971		Curva de descarga	41,4	2,76	8,87	01	25	38,2	23,5	15,1	16,3	10,7	9,07	7,83	5,7	12,1	18,5	13,1	7,83	6,3	4,5	3,67	3,44	3,44	5,4	5,4	4,2	5,4	8,14	3,44	3,22	2,76	5,4	12,1	6,6	4,8	5,4	3,44	
38850000	Consistido	38	38632000	11	11140000	POCO DE PEDRAS	-07:23:53	-036:26:01	430,00	3140,00	06/1971		Curva de descarga	51,7	0,643	5,83	03	30	13,9	22,9	37,4	25,2	14,3	9,38	7,21	6	4,8	4,2	3,44	2,99	2,76	2,3	2,08	1,62	1,53	1,43	1,34	1,25	1,25	1,16	1,06	0,969	0,876	0,876	0,783	0,69	0,69	0,643		
38850000	Consistido	38	38632000	11	11140000	POCO DE PEDRAS	-07:23:53	-036:26:01	430,00	3140,00	07/1971		Curva de descarga	0,69	0,267	0,493	01	16	0,69	0,69	0,69	0,69	0,69	0,643	0,643	0,643	0,643	0,596	0,596	0,596	0,596	0,549	0,502	0,267	0,502	0,455	0,408	0,408	0,408	0,361	0,361	0,408	0,408	0,361	0,314	0,314	0,314	0,267	0,267	
38850000	Consistido	38	38632000	11	11140000	POCO DE PEDRAS	-07:23:53	-036:26:01	430,00	3140,00	08/1971		Curva de descarga	0,502	0	0,139	06	12	0,267	0,455	0,455	0,408	0,455	0,502	0,455	0,408	0,314	0,314	0,267	0	0	0	0	0	0	0	0	0	0	0	0	0	0	0	0	0	0	0	0	
38850000	Consistido	38	38632000	11	11140000	POCO DE PEDRAS	-07:23:53	-036:26:01	430,00	3140,00	09/1971		Curva de descarga	0	0	0	01	01	0	0	0	0	0	0	0	0	0	0	0	0	0	0	0	0	0	0	0	0	0	0	0	0	0	0	0	0	0	0		
38850000	Consistido	38	38632000	11	11140000	POCO DE PEDRAS	-07:23:53	-036:26:01	430,00	3140,00	10/1971		Curva de descarga	0,314	0	0,016	22	01	0	0	0	0	0	0	0	0	0	0	0	0	0	0	0	0	0	0	0	0	0	0,314	0,18	0	0	0	0	0	0	0	0	
38850000	Consistido	38	38632000	11	11140000	POCO DE PEDRAS	-07:23:53	-036:26:01	430,00	3140,00	11/1971		Curva de descarga	0	0	0	01	01	0	0	0	0	0	0	0	0	0	0	0	0	0	0	0	0	0	0	0	0	0	0	0	0	0	0	0	0	0	0		
38850000	Consistido	38	38632000	11	11140000	POCO DE PEDRAS	-07:23:53	-036:26:01	430,00	3140,00	12/1971		Curva de descarga	0	0	0	01	01	0	0	0	0	0	0	0	0	0	0	0	0	0	0	0	0	0	0	0	0	0	0	0	0	0	0	0	0	0	0	0	
38850000	Consistido	38	38632000	11	11140000	POCO DE PEDRAS	-07:23:53	-036:26:01	430,00	3140,00	01/1972		Curva de descarga	0	0	0	01	01	0	0	0	0	0	0	0	0	0	0	0	0	0	0	0	0	0	0	0	0	0	0	0	0	0	0	0	0	0	0	0	
38850000	Consistido	38	38632000	11	11140000	POCO DE PEDRAS	-07:23:53	-036:26:01	430,00	3140,00	02/1972		Curva de descarga	78	0	3,89	28	01	0	0	0	0	0	0	0	0	0	0	0	0	0	0	0	0	1,62	0,314	0	0	0	0	0	0	0	0	0	78	33			
38850000	Consistido	38	38632000	11	11140000	POCO DE PEDRAS	-07:23:53	-036:26:01	430,00	3140,00	03/1972		Curva de descarga	41,4	0,361	3,38	31	15	10,3	10,3	5,7	1,85	1,53	1,16	0,783	0,596	0,549	0,502	0,408	0,408	0,549	0,408	0,361	0,361	1,43	2,3	11,4	8,45	8,45	3,22	1,62	1,34	1,06	0,876	0,783	0,69	0,596	0,502	26,4	
38850000	Consistido	38	38632000	11	11140000	POCO DE PEDRAS	-07:23:53	-036:26:01	430,00	3140,00	04/1972		Curva de descarga	46,5	0	4,56	20	17	6,3	2,53	1,34	1,06	0,876	0,783	0,69	0,69	0,643	0,549	0,502	0,455	0,361	0,361	0,314	0,22	0	0	0	38,2	27,6	2,99	1,85	1,43	1,34	1,34	2,3	4,5	1,85	35,8		
38850000	Consistido	38	38632000	11	11140000	POCO DE PEDRAS	-07:23:53	-036:26:01	430,00	3140,00	05/1972		Curva de descarga	12,1	0	1,59	01	30	11,1	7,21	4,5	3,22	2,53	1,62	1,53	1,62	1,53	1,53	1,34	1,16	1,06	1,25	0,783	0,69	0,643	0,643	0,643	0,502	0,596	0,549	0,643	0,549	0,455	0,361	0,408	0,408	0,267	0	0	
38850000	Consistido	38	38632000	11	11140000	POCO DE PEDRAS	-07:23:53	-036:26:01	430,00	3140,00	06/1972		Curva de descarga	0,455	0	0,164	01	15	0,455	0,408	0,361	0,314	0,455	0,408	0,361	0,314	0,267	0,267	0,267	0,361	0,361	0,314	0	0	0	0	0	0	0	0	0	0	0	0	0	0	0	0		
38850000	Consistido	38	38632000	11	11140000	POCO DE PEDRAS	-07:23:53	-036:26:01	430,00	3140,00	07/1972		Curva de descarga	0	0	0	01	01	0	0	0	0	0	0	0	0	0	0	0	0	0	0	0	0	0	0	0	0	0	0	0	0	0	0	0	0	0	0	0	
38850000	Consistido	38	38632000	11	11140000	POCO DE PEDRAS	-07:23:53	-036:26:01	430,00	3140,00	08/1972		Curva de descarga	29,6	0	1,91	16	01	0	0	0	0	0	0	0	0	0	0	0	0	0	0	0	25,2	1,62	2,76	2,99	1,62	2,53	1,62	1,62	1,53	1,34	2,99	4,5	3,22	3,22	1,43	1,16	
38850000	Consistido	38	38632000	11	11140000	POCO DE PEDRAS	-07:23:53	-036:26:01	430,00	3140,00	09/1972		Curva de descarga	1,06	0	0,373	01	16	1,06	1,06	0,969	0,876	0,69	0,783	0,69	0,69	0,69	0,69	0,69	0,643	0,596	0,596	0,455	0	0	0	0	0	0	0	0	0	0	0	0	0	0	0		
38850000	Consistido	38	38632000	11	11140000	POCO DE PEDRAS	-07:23:53	-036:26:01	430,00	3140,00	10/1972		Curva de descarga	0	0	0	01	01	0	0	0	0	0	0	0	0	0	0	0	0	0	0	0	0	0	0	0	0	0	0	0	0	0	0	0	0	0	0	0	
38850000	Consistido	38	38632000	11	11140000	POCO DE PEDRAS	-07:23:53	-036:26:01	430,00	3140,00	11/1972		Curva de descarga	0	0	0	01	01	0	0	0	0	0	0	0	0	0	0	0	0	0	0	0	0	0	0	0	0	0	0	0	0	0	0	0	0	0	0		
38850000	Consistido	38	38632000	11	11140000	POCO DE PEDRAS	-07:23:53	-036:26:01	430,00	3140,00	12/1972		Curva de descarga	239	0	5,95	20	01	0	0	0	0	0	0	0	0	0	0	0	0	0	0	0	0	0	0	0	80,5	76,7	10	7,21	2,53	4,2	0,969	0,783	0,596	0,408	0,361	0,267	
38850000	Consistido	38	38632000	11	11140000	POCO DE PEDRAS	-07:23:53	-036:26:01	430,00	3140,00	01/1973		Curva de descarga	1,16	0	0,123	10	19	0,408	0,22	0,207	0,18	0,166	0,153	0,139	0,18	0,207	0,69	0,314	0,22	0,166	0,139	0,126	0,112	0,099	0,099	0	0	0	0	0	0	0	0	0	0	0	0	0	
38850000	Consistido	38	38632000	11	11140000	POCO DE PEDRAS	-07:23:53	-036:26:01	430,00	3140,00	02/1973		Curva de descarga	12,8	0	0,541	24	01	0	0	0	0	0	0	0	0	0	0	0	0	0	0	0	0	0	0	0	0	0	0	0	12,1	0,969	0,783	0,783	0,502				
38850000	Consistido	38	38632000	11	11140000	POCO DE PEDRAS	-07:23:53	-036:26:01	430,00	3140,00	03/1973		Curva de descarga	35	0,081	3,78	24	08	0,267	0,18	0,166	0,153	0,126	0,112	0,085	0,081	0,783	0,643	9,07	10	2,99	7,83	1,16	2,53	1,62	0,969	0,643	0,502	0,502	0,502	2,76	29,6	7,83	2,76	5,7	7,83	6,9	9,38	3,44	
38850000	Consistido	38	38632000	11	11140000	POCO DE PEDRAS	-07:23:53	-036:26:01	430,00	3140,00	04/1973		Curva de descarga	302	0,876	48,6	30	05	2,3	1,53	1,25	1,06	0,876	0,876	61	22,3	8,76	8,45	33	10,7	93,3	93,3	154	104	115	79,2	68,6	40,6	19,9	11,7	9,69	7,83	6	4,8	18,5	73	127	280		
38850000	Consistido	38	38632000	11	11140000	POCO DE PEDRAS	-07:23:53	-036:26:01	430,00	3140,00	05/1973		Curva de descarga	441	0,783	26,2	01	31	346	84,2	44,7	34,3	22,9	28,2	26,4	18	18	38,2	33,6	35	13,1	8,76	7,21	4,8	3,67	3,22	2,76	2,3	2,08	1,85	1,43	19,9	2,99	1,85	1,43	1,25	1,06	0,876	0,783	
38850000	Consistido	38	38632000	11	11140000	POCO DE PEDRAS	-07:23:53	-036:26:01	430,00	3140,00	06/1973		Curva de descarga	1,06	0,22	0,541	05	30	0,69	0,643	0,596	0,783	0,969	0,969	0,876	0,643	0,596	0,549	0,596	0,502	0,502	0,502	0,596	0,549	0,502	0,502	0,502	0,455	0,455	0,502	0,455	0,408	0,408	0,361	0,314	0,314	0,267	0,22		
38850000	Consistido	38	38632000	11	11140000	POCO DE PEDRAS	-07:23:53	-036:26:01	430,00	3140,00	07/1973		Curva de descarga	10	0,126	0,418	24	31	0,549	0,549	0,22	0,22	0,314	0,267	0,22	0,267	0,22	0,22	0,22	0,22	0,207	0,207	0,207	0,193	0,193	0,193	0,193	0,193	0,193	0,193	0,193	5,7	0,502	0,314	0,193	0,193	0,153	0,139	0,126	
38850000	Consistido	38	38632000	11	11140000	POCO DE PEDRAS	-07:23:53	-036:26:01	430,00	3140,00	08/1973		Curva de descarga	0,166	0	0,049	07	16	0,112	0,085	0,139	0,126	0,099	0,126	0,153	0,112	0,085	0,085	0,081	0,076	0,076	0,076	0,076	0	0	0	0	0	0	0	0	0	0	0	0	0	0	0	0	
38850000	Consistido	38	38632000	11	11140000	POCO DE PEDRAS	-07:23:53	-036:26:01	430,00	3140,00	09/1973		Curva de descarga	0	0	0	01	01	0	0	0	0	0	0	0	0	0	0	0	0	0	0	0	0	0	0	0	0	0	0	0	0	0	0	0	0	0	0		
38850000	Consistido	38	38632000	11	11140000	POCO DE PEDRAS	-07:23:53	-036:26:01	430,00	3140,00	10/1973		Curva de descarga	24,1	0	0,834	02	01	0	24,1	0,969	0,267	0,18	0,112	0,112	0,099	0	0	0	0	0	0	0	0	0	0	0	0	0	0	0	0	0	0	0	0	0	0	0	
38850000	Consistido	38	38632000	11	11140000	POCO DE PEDRAS	-07:23:53	-036:26:01	430,00	3140,00	11/1973		Curva de descarga	0	0	0	01	01	0	0	0	0	0	0	0	0	0	0	0	0	0	0	0	0	0	0	0	0	0	0	0	0	0	0	0	0	0	0		
38850000	Consistido	38	38632000	11	11140000	POCO DE PEDRAS	-07:23:53	-036:26:01	430,00	3140,00	12/1973		Curva de descarga	0	0	0	01	01	0	0	0	0	0	0	0	0	0	0	0	0	0	0	0	0	0	0	0	0	0	0	0	0	0	0	0	0	0	0	0	
38850000	Consistido	38	38632000	11	11140000	POCO DE PEDRAS	-07:23:53	-036:26:01	430,00	3140,00	01/1974		Curva de descarga	43	0	1,56	30	01	0	0	0	0	0	0	0	0	0	0	0	0	0	0	0	0	0	0	11,4	13,9	2,08	0,361	0,153	0,099	0,076	0,071	0,071	0,643	0,081	18,9	0,502	
38850000	Consistido	38	38632000	11	11140000	POCO DE PEDRAS	-07:23:53	-036:26:01	430,00	3140,00	02/1974		Curva de descarga	140	0,126	15,9	25	04	0,193	0,166	0,139	0,126	10,7	2,3	0,783	0,455	0,207	0,166	0,139	0,139	0,643	31,6	15,5	7,83	2,3	1,16	3,67	9,07	3,67	6	4,2	2,99	112	64,2	90,7	75,5				
38850000	Consistido	38	38632000	11	11140000	POCO DE PEDRAS	-07:23:53	-036:26:01	430,00	3140,00	03/1974		Curva de descarga	93,3	2,3	20,4	24	20	58,9	33,6	27,6	24,7	14,7	8,76	5,7	3,9	3,44	8,45	11,4	12,8	11,4	8,14	4,8	3,67	4,2	2,99	3,67	2,3	21,8	43	33	67,5	50	56,8	38,2	18,9	18,9	17,1	10,7	
38850000	Consistido	38	38632000	11	11140000	POCO DE PEDRAS	-07:23:53	-036:26:01	430,00	3140,00	04/1974		Curva de descarga	859	6,9	175	19	01	6,9	15,5	49,1	55,8	95,9	140	111	104	40,6	39	190	399	537	133	45,6	116	436	334	612	524	372	153	122	120	111	104	97,2	84,2	51,7	43,9		
38850000	Consistido	38	38632000	11	11140000	POCO DE PEDRAS	-07:23:53	-036:26:01	430,00	3140,00	05/1974		Curva de descarga		5,1	14,7		21	45,5	18,3	16,7	15,5	14,3	12,8	12,1	12,8	12,8	11,7	11,7	10,7	10	9,69	9,38	8,76	8,45	8,14	6,6	5,7	5,1	6,6	7,21	6	8,76	6,9	5,7	5,7	6	85,5	51,7	
38850000	Consistido	38	38632000	11	11140000	POCO DE PEDRAS	-07:23:53	-036:26:01	430,00	3140,00	06/1974		Curva de descarga	24,7	2,53	6,19	01	28	21,3	15,1	10,7	9,07	8,14	7,52	6,9	6,3	6,3	6	5,4	4,5	3,9	3,44	3,22	2,99	2,99	4,8	5,1	4,2	4,2	5,4	4,5	4,5	4,5	3,44	2,76	2,53	2,53	13,5		
38850000	Consistido	38	38632000	11	11140000	POCO DE PEDRAS	-07:23:53	-036:26:01	430,00	3140,00	07/1974		Curva de descarga	7,52	0,876	2,52	01	31	6,6	4,2	3,22	2,53	1,85	2,08	2,99	6	6	4,2	3,44	2,76	2,08	2,08	2,53	2,53	2,76	2,76	2,08	1,85	1,62	1,43	1,43	1,34	1,25	1,25	1,16	1,06	1,06	0,969	0,876	
38850000	Consistido	38	38632000	11	11140000	POCO DE PEDRAS	-07:23:53	-036:26:01	430,00	3140,00	08/1974		Curva de descarga	0,783	0,126	0,404	01	31	0,783	0,69	0,69	0,69	0,69	0,643	0,596	0,596	0,596	0,596	0,502	0,502	0,455	0,408	0,408	0,314	0,314	0,314	0,314	0,314	0,22	0,22	0,207	0,207	0,207	0,207	0,207	0,193	0,166	0,139	0,126	
38850000	Consistido	38	38632000	11	11140000	POCO DE PEDRAS	-07:23:53	-036:26:01	430,00	3140,00	09/1974		Curva de descarga	0,126	0	0,004	01	02	0,126	0	0	0	0	0	0	0	0	0	0	0	0	0	0	0	0	0	0	0	0	0	0	0	0	0	0	0	0	0		
38850000	Consistido	38	38632000	11	11140000	POCO DE PEDRAS	-07:23:53	-036:26:01	430,00	3140,00	10/1974		Curva de descarga	0	0	0	01	01	0	0	0	0	0	0	0	0	0	0	0	0	0	0	0	0	0	0	0	0	0	0	0	0	0	0	0	0	0	0	0	
38850000	Consistido	38	38632000	11	11140000	POCO DE PEDRAS	-07:23:53	-036:26:01	430,00	3140,00	11/1974		Curva de descarga	0	0	0	01	01	0	0	0	0	0	0	0	0	0	0	0	0	0	0	0	0	0	0	0	0	0	0	0	0	0	0	0	0	0	0		
38850000	Consistido	38	38632000	11	11140000	POCO DE PEDRAS	-07:23:53	-036:26:01	430,00	3140,00	12/1974		Curva de descarga	5,7	0	0,283	06	01	0	0	0	0	0	4,2	2,3	0,643	0,502	0,361	0,314	0,22	0,22	0	0	0	0	0	0	0	0	0	0	0	0	0	0	0	0	0	0	
38850000	Consistido	38	38632000	11	11140000	POCO DE PEDRAS	-07:23:53	-036:26:01	430,00	3140,00	01/1975		Curva de descarga	0	0	0	01	01	0	0	0	0	0	0	0	0	0	0	0	0	0	0	0	0	0	0	0	0	0	0	0	0	0	0	0	0	0	0	0	
38850000	Consistido	38	38632000	11	11140000	POCO DE PEDRAS	-07:23:53	-036:26:01	430,00	3140,00	02/1975		Curva de descarga	126	0	6,11	10	01	0	0	0	0	0	0	0	0	0	75,5	52,7	17,1	7,21	3,44	1,85	1,43	1,62	1,34	0,969	0,783	0,69	0,643	0,596	0,502	0,502	0,455	0,408	3,22				
38850000	Consistido	38	38632000	11	11140000	POCO DE PEDRAS	-07:23:53	-036:26:01	430,00	3140,00	03/1975		Curva de descarga	1021	6,3	76,6	07	22	22,9	45,6	207	59,9	25,8	139	893	295	147	86,8	40,6	33	25,2	18,9	16,7	15,1	17,1	11,1	9,07	7,83	6,9	6,3	7,52	18,9	20,9	13,9	9,07	15,9	83	54,8	21,8	
38850000	Consistido	38	38632000	11	11140000	POCO DE PEDRAS	-07:23:53	-036:26:01	430,00	3140,00	04/1975		Curva de descarga	302	3,9	43,5	25	20	11,7	9,07	23,5	20,9	25,8	16,7	9,69	7,21	6	4,2	7,21	20,4	17,1	10	7,83	6,3	7,52	6	4,8	3,9	3,9	43,9	50,8	111	259	230	144	120	69,7	47,4		
38850000	Consistido	38	38632000	11	11140000	POCO DE PEDRAS	-07:23:53	-036:26:01	430,00	3140,00	05/1975		Curva de descarga	51,7	2,99	12,6	05	31	32,3	22,9	18,9	24,7	50	28,9	18	13,9	11,7	9,69	8,76	7,83	7,52	6,9	7,21	6	5,4	6	7,83	21,8	15,5	10	9,38	8,76	7,83	5,4	4,5	3,9	3,9	3,67	2,99	
38850000	Consistido	38	38632000	11	11140000	POCO DE PEDRAS	-07:23:53	-036:26:01	430,00	3140,00	06/1975		Curva de descarga	2,53	0,549	1,25	01	29	2,53	2,08	1,85	2,08	2,08	2,3	1,85	1,62	1,53	1,43	1,34	1,16	1,06	0,969	0,969	0,969	0,969	1,06	1,06	1,16	1,06	0,969	0,876	0,783	0,783	0,69	0,643	0,596	0,549	0,549		
38850000	Consistido	38	38632000	11	11140000	POCO DE PEDRAS	-07:23:53	-036:26:01	430,00	3140,00	07/1975		Curva de descarga	6	0,502	1,33	04	01	0,502	0,549	1,85	5,1	3,9	1,43	1,53	1,16	0,969	0,969	0,876	0,969	0,969	1,06	1,25	1,25	2,76	2,3	3,44	1,34	0,969	0,783	0,783	0,643	0,549	0,549	0,502	0,549	0,549	0,643	0,643	
38850000	Consistido	38	38632000	11	11140000	POCO DE PEDRAS	-07:23:53	-036:26:01	430,00	3140,00	08/1975		Curva de descarga	0,549	0	0,233	01	24	0,549	0,549	0,549	0,502	0,455	0,408	0,408	0,361	0,314	0,314	0,267	0,267	0,267	0,267	0,22	0,22	0,207	0,207	0,193	0,193	0,18	0,18	0,153	0	0	0	0	0	0	0	0	
38850000	Consistido	38	38632000	11	11140000	POCO DE PEDRAS	-07:23:53	-036:26:01	430,00	3140,00	09/1975		Curva de descarga	0	0	0	01	01	0	0	0	0	0	0	0	0	0	0	0	0	0	0	0	0	0	0	0	0	0	0	0	0	0	0	0	0	0	0		
38850000	Consistido	38	38632000	11	11140000	POCO DE PEDRAS	-07:23:53	-036:26:01	430,00	3140,00	10/1975		Curva de descarga	0	0	0	01	01	0	0	0	0	0	0	0	0	0	0	0	0	0	0	0	0	0	0	0	0	0	0	0	0	0	0	0	0	0	0	0	
38850000	Consistido	38	38632000	11	11140000	POCO DE PEDRAS	-07:23:53	-036:26:01	430,00	3140,00	11/1975		Curva de descarga	0	0	0	01	01	0	0	0	0	0	0	0	0	0	0	0	0	0	0	0	0	0	0	0	0	0	0	0	0	0	0	0	0	0	0		
38850000	Consistido	38	38632000	11	11140000	POCO DE PEDRAS	-07:23:53	-036:26:01	430,00	3140,00	12/1975		Curva de descarga	51,7	0	1,92	05	01	0	0	0	7,21	27,6	11,1	4,8	1,16	0,643	0,502	0,408	0,314	0,267	0,22	0,22	0,207	0,207	0,207	0,193	0,193	0,408	1,34	0,502	0,361	0,314	0,267	0,22	0,207	0,193	0,18	0,18	
38850000	Consistido	38	38632000	11	11140000	POCO DE PEDRAS	-07:23:53	-036:26:01	430,00	3140,00	01/1976		Curva de descarga	5,16	0	0,407	28	14	0,647	0,518	0,518	0,454	0,261	0,177	0,158	0,138	0,138	0,118	0,099	0,079	0,079	0	0	0	0	0	0	0	0	0	0	0	0	0	0	5,16	2,09	1,15	0,84	
38850000	Consistido	38	38632000	11	11140000	POCO DE PEDRAS	-07:23:53	-036:26:01	430,00	3140,00	02/1976		Curva de descarga	51,7	0,776	7,41	13	01	0,776	2,24	2,84	8,42	5,44	2,62	1,78	1,31	0,996	10,8	18,5	24,2	50,2	13,6	11,6	7,74	6,28	5,44	4,38	3,5	2,84	5,44	8,42	4,16	2,84	2,4	2,09	2,24	1,93			
38850000	Consistido	38	38632000	11	11140000	POCO DE PEDRAS	-07:23:53	-036:26:01	430,00	3140,00	03/1976		Curva de descarga	243	0,996	20,1	30	05	1,62	1,15	1,15	1,15	0,996	0,996	2,4	21,5	96	24,2	14,4	11,2	8,42	7,4	6,84	6	5,16	4,6	4,16	3,94	3,28	2,62	2,84	1,93	20,5	24,2	12	12,4	12,4	174	133	
38850000	Consistido	38	38632000	11	11140000	POCO DE PEDRAS	-07:23:53	-036:26:01	430,00	3140,00	04/1976		Curva de descarga	68,6	2,24	11,3	01	30	66,9	37,1	32,5	19,9	13,6	10,8	9,1	7,74	6,84	6,28	5,16	37,1	12	8,76	7,4	6,56	6	5,16	4,6	4,38	4,16	3,94	3,72	3,5	3,28	3,28	3,06	2,62	2,4	2,24		
38850000	Consistido	38	38632000	11	11140000	POCO DE PEDRAS	-07:23:53	-036:26:01	430,00	3140,00	05/1976		Curva de descarga	2,09	0,583	1,1	01	21	2,09	1,78	1,62	1,46	1,31	1,15	1,15	0,996	0,996	0,996	0,996	0,996	0,996	0,996	0,84	0,84	0,776	0,776	0,711	0,647	0,583	0,583	0,711	1,78	1,78	1,46	1,15	1,15	0,996	0,996	0,84	
38850000	Consistido	38	38632000	11	11140000	POCO DE PEDRAS	-07:23:53	-036:26:01	430,00	3140,00	06/1976		Curva de descarga	0	0	0	01	01	0	0	0	0	0	0	0	0	0	0	0	0	0	0	0	0	0	0	0	0	0	0	0	0	0	0	0	0	0	0		
38850000	Consistido	38	38632000	11	11140000	POCO DE PEDRAS	-07:23:53	-036:26:01	430,00	3140,00	07/1976		Curva de descarga	0	0	0	01	01	0	0	0	0	0	0	0	0	0	0	0	0	0	0	0	0	0	0	0	0	0	0	0	0	0	0	0	0	0	0	0	
38850000	Consistido	38	38632000	11	11140000	POCO DE PEDRAS	-07:23:53	-036:26:01	430,00	3140,00	08/1976		Curva de descarga	0	0	0	01	01	0	0	0	0	0	0	0	0	0	0	0	0	0	0	0	0	0	0	0	0	0	0	0	0	0	0	0	0	0	0	0	
38850000	Consistido	38	38632000	11	11140000	POCO DE PEDRAS	-07:23:53	-036:26:01	430,00	3140,00	09/1976		Curva de descarga	0	0	0	01	01	0	0	0	0	0	0	0	0	0	0	0	0	0	0	0	0	0	0	0	0	0	0	0	0	0	0	0	0	0	0		
38850000	Consistido	38	38632000	11	11140000	POCO DE PEDRAS	-07:23:53	-036:26:01	430,00	3140,00	10/1976		Curva de descarga	80	0	5,08	06	01	0	0	0	0	0	80	15,3	8,76	7,12	5,44	4,38	3,72	3,28	2,84	2,4	2,24	2,09	1,93	1,78	1,78	1,78	1,78	1,62	1,46	1,46	1,31	1,15	1,15	0,996	0,996	0,84	
38850000	Consistido	38	38632000	11	11140000	POCO DE PEDRAS	-07:23:53	-036:26:01	430,00	3140,00	11/1976		Curva de descarga	11,2	0	0,373	30	01	0	0	0	0	0	0	0	0	0	0	0	0	0	0	0	0	0	0	0	0	0	0	0	0	0	0	0	0	0	11,2		
38850000	Consistido	38	38632000	11	11140000	POCO DE PEDRAS	-07:23:53	-036:26:01	430,00	3140,00	12/1976		Curva de descarga	3,72	0	0,597	01	12	3,72	2,24	2,09	1,93	1,62	1,31	1,46	1,15	1,15	0,996	0,84	0	0	0	0	0	0	0	0	0	0	0	0	0	0	0	0	0	0	0	0	
38850000	Consistido	38	38632000	11	11140000	POCO DE PEDRAS	-07:23:53	-036:26:01	430,00	3140,00	01/1977		Curva de descarga	31,2	0	2,91	22	01	0	0	0	0	0	0	0	0	0	0	0	0	0	0	0	0	0	0	0	0	0	31,2	8,76	15,3	7,12	4,88	4,38	3,94	5,16	4,16	5,16	
38850000	Consistido	38	38632000	11	11140000	POCO DE PEDRAS	-07:23:53	-036:26:01	430,00	3140,00	02/1977		Curva de descarga	5,16	0	0,977	01	19	4,16	2,84	2,4	2,4	2,09	1,78	1,62	1,62	1,46	1,15	1,15	1,15	0,996	0,776	0,647	0,518	0,39	0,197	0	0	0	0	0	0	0	0	0	0				
38850000	Consistido	38	38632000	11	11140000	POCO DE PEDRAS	-07:23:53	-036:26:01	430,00	3140,00	03/1977		Curva de descarga	59,9	0	1,79	31	01	0	0	0	0	0	0	0	0	0	0	0	0	0	0	0	0	0	0	0	0	0	0	5,72	6,28	4,16	2,84	2,24	1,93	1,46	0,996	30	
38850000	Consistido	38	38632000	11	11140000	POCO DE PEDRAS	-07:23:53	-036:26:01	430,00	3140,00	04/1977		Curva de descarga	681	1,46	60,2	28	25	84	72,4	24,2	10,8	72,4	211	186	107	24,7	16,2	11,6	9,1	12	11,6	7,4	6	4,88	4,16	3,72	3,72	3,28	2,4	2,09	1,93	1,46	1,78	33,8	515	129	231		
38850000	Consistido	38	38632000	11	11140000	POCO DE PEDRAS	-07:23:53	-036:26:01	430,00	3140,00	05/1977		Curva de descarga	688	8,76	56,7	02	30	348	503	94	93	75,2	49,4	37,8	33,2	44,1	39,9	50,9	58,3	37,1	30,6	24,7	18	16,6	15,7	22	27,1	24,7	18	15,3	12,4	10,5	9,44	11,6	11,2	9,44	8,76	8,76	
38850000	Consistido	38	38632000	11	11140000	POCO DE PEDRAS	-07:23:53	-036:26:01	430,00	3140,00	06/1977		Curva de descarga	18,5	6	8,73	09	22	9,1	8,42	8,76	8,08	7,4	11,2	9,44	13,2	13,6	10,8	10,1	9,1	7,74	6,84	6,28	10,8	12	10,1	8,08	7,12	6,56	6	7,74	8,76	7,74	7,12	6,56	8,08	7,4	7,74		
38850000	Consistido	38	38632000	11	11140000	POCO DE PEDRAS	-07:23:53	-036:26:01	430,00	3140,00	07/1977		Curva de descarga	10,1	3,72	6,16	27	24	7,74	6,84	6,28	6,28	6,28	5,72	5,72	6	6,28	6,56	6,84	6,56	6,28	6,28	6,28	6,28	7,12	7,12	6	5,16	4,6	4,6	4,16	3,72	5,72	6,84	9,44	7,4	6	5,16	5,72	
38850000	Consistido	38	38632000	11	11140000	POCO DE PEDRAS	-07:23:53	-036:26:01	430,00	3140,00	08/1977		Curva de descarga	5,72	0,996	2,13	01	27	5,72	5,44	4,38	3,94	3,5	3,06	2,4	2,4	2,4	2,4	2,24	2,09	1,93	1,78	1,78	1,78	1,78	1,46	1,46	1,46	1,46	1,15	1,31	1,15	1,15	1,15	0,996	1,15	1,15	0,996	0,996	
38850000	Consistido	38	38632000	11	11140000	POCO DE PEDRAS	-07:23:53	-036:26:01	430,00	3140,00	09/1977		Curva de descarga	1,62	0,177	0,641	18	29	0,996	1,15	0,996	0,84	0,84	0,84	0,776	0,776	0,711	0,711	0,647	0,583	0,518	0,518	0,454	0,454	0,776	1,46	0,996	0,776	0,647	0,583	0,518	0,39	0,261	0,261	0,197	0,197	0,177	0,177		
38850000	Consistido	38	38632000	11	11140000	POCO DE PEDRAS	-07:23:53	-036:26:01	430,00	3140,00	10/1977		Curva de descarga	0	0	0	01	01	0	0	0	0	0	0	0	0	0	0	0	0	0	0	0	0	0	0	0	0	0	0	0	0	0	0	0	0	0	0	0	
38850000	Consistido	38	38632000	11	11140000	POCO DE PEDRAS	-07:23:53	-036:26:01	430,00	3140,00	11/1977		Curva de descarga	0	0	0	01	01	0	0	0	0	0	0	0	0	0	0	0	0	0	0	0	0	0	0	0	0	0	0	0	0	0	0	0	0	0	0		
38850000	Consistido	38	38632000	11	11140000	POCO DE PEDRAS	-07:23:53	-036:26:01	430,00	3140,00	12/1977		Curva de descarga	0	0	0	01	01	0	0	0	0	0	0	0	0	0	0	0	0	0	0	0	0	0	0	0	0	0	0	0	0	0	0	0	0	0	0	0	
38850000	Consistido	38	38632000	11	11140000	POCO DE PEDRAS	-07:23:53	-036:26:01	430,00	3140,00	01/1978		Curva de descarga	0	0	0	01	01	0	0	0	0	0	0	0	0	0	0	0	0	0	0	0	0	0	0	0	0	0	0	0	0	0	0	0	0	0	0	0	
38850000	Consistido	38	38632000	11	11140000	POCO DE PEDRAS	-07:23:53	-036:26:01	430,00	3140,00	02/1978		Curva de descarga	82	0	8,15	11	01	0	0	0	0	0	0	0	0	15,7	37,1	44,1	27,6	15,3	9,78	7,74	6,56	5,44	4,88	4,6	4,16	3,72	3,5	3,06	2,84	2,62	2,62	2,24	24,7				
38850000	Consistido	38	38632000	11	11140000	POCO DE PEDRAS	-07:23:53	-036:26:01	430,00	3140,00	03/1978		Curva de descarga	343	2,84	49,6	05	31	55	182	145	147	197	140	72,4	50,9	36,4	30,6	119	74,2	46,4	47,1	28,8	22,6	25,9	26,5	16,6	12,4	9,78	8,42	7,4	6,56	6	5,16	4,6	4,16	3,28	3,28	2,84	
38850000	Consistido	38	38632000	11	11140000	POCO DE PEDRAS	-07:23:53	-036:26:01	430,00	3140,00	04/1978		Curva de descarga	28,8	1,31	3,74	10	22	2,84	2,4	1,93	1,78	1,62	2,09	4,88	4,16	3,28	19,9	17,1	8,42	6,28	4,6	3,5	3,06	2,62	2,09	1,78	1,62	1,46	1,31	1,62	1,62	1,62	1,93	2,09	1,78	1,46	1,46		
38850000	Consistido	38	38632000	11	11140000	POCO DE PEDRAS	-07:23:53	-036:26:01	430,00	3140,00	05/1978		Curva de descarga	195	1,46	15,3	12	01	1,46	1,46	1,78	13,2	8,42	5,44	4,6	3,5	12,8	19,4	43,4	131	42	28,8	20,5	18,9	22,6	14,4	10,8	9,44	8,76	9,1	7,4	6,56	5,72	4,88	4,38	4,16	3,5	3,06	2,84	
38850000	Consistido	38	38632000	11	11140000	POCO DE PEDRAS	-07:23:53	-036:26:01	430,00	3140,00	06/1978		Curva de descarga	22	0,647	2,53	27	26	3,5	3,94	3,28	2,4	1,78	1,46	1,78	1,78	1,62	1,62	1,46	1,46	1,62	2,09	2,09	3,5	2,62	2,09	1,78	1,31	0,996	0,84	0,711	0,711	0,711	0,647	16,2	5,16	3,72	3,06		
38850000	Consistido	38	38632000	11	11140000	POCO DE PEDRAS	-07:23:53	-036:26:01	430,00	3140,00	07/1978		Curva de descarga	8,08	0,711	1,32	19	17	2,09	1,46	0,996	0,84	0,776	0,776	3,94	2,24	1,46	1,31	1,46	1,46	1,62	1,31	0,996	0,84	0,711	0,711	4,6	1,78	1,46	1,15	0,84	0,776	0,84	0,84	0,776	0,776	0,711	0,711	0,711	
38850000	Consistido	38	38632000	11	11140000	POCO DE PEDRAS	-07:23:53	-036:26:01	430,00	3140,00	08/1978		Curva de descarga	0,711	0,454	0,581	01	07	0,711	0,711	0,711	0,647	0,583	0,518	0,454	0,454	0,454	0,583	0,711	0,647	0,518	0,583	0,711	0,647	0,647	0,647	0,647	0,583	0,518	0,454	0,518	0,583	0,583	0,583	0,583	0,518	0,518	0,518	0,454	
38850000	Consistido	38	38632000	11	11140000	POCO DE PEDRAS	-07:23:53	-036:26:01	430,00	3140,00	09/1978		Curva de descarga	0,711	0	0,23	05	27	0,518	0,518	0,454	0,454	0,711	0,647	0,518	0,454	0,518	0,261	0,177	0,177	0,138	0,118	0,138	0,099	0,118	0,118	0,099	0,079	0,059	0,02	0,138	0,099	0,059	0,02	0	0,059	0,079	0,039		
38850000	Consistido	38	38632000	11	11140000	POCO DE PEDRAS	-07:23:53	-036:26:01	430,00	3140,00	10/1978		Curva de descarga						0	0	0	0																												
38850000	Consistido	38	38632000	11	11140000	POCO DE PEDRAS	-07:23:53	-036:26:01	430,00	3140,00	11/1978		Curva de descarga	10,8			29									0	0	0	0	0	0	0	0	0	0	0	0	0	0	0	0	0	0	0	0	0	10,8	1,31		
38850000	Consistido	38	38632000	11	11140000	POCO DE PEDRAS	-07:23:53	-036:26:01	430,00	3140,00	12/1978		Curva de descarga	0,583			01		0,583	0,326	0,326	0,261	0,261	0,326	0,197	0,177	0,099	0,039	0,039	0,02	0,02	0									0	0	0	0	0	0	0	0	0	
38850000	Consistido	38	38632000	11	11140000	POCO DE PEDRAS	-07:23:53	-036:26:01	430,00	3140,00	01/1979		Curva de descarga	0	0	0	01	01	0	0	0	0	0	0	0	0	0	0	0	0	0	0	0	0	0	0	0	0	0	0	0	0	0	0	0	0	0	0	0	
38850000	Consistido	38	38632000	11	11140000	POCO DE PEDRAS	-07:23:53	-036:26:01	430,00	3140,00	02/1979		Curva de descarga	35,3	0	1,57	13	01	0	0	0	0	0	0	0	0	0	0	0	0	16,2	3,94	1,46	1,15	0,711	0,583	0,454	0,326	0,583	0,518	1,78	0,647	0,454	0,197	14,2	0,874				
38850000	Consistido	38	38632000	11	11140000	POCO DE PEDRAS	-07:23:53	-036:26:01	430,00	3140,00	03/1979		Curva de descarga						0,338	0,214	0,199	0,152	0,446	0,214	0,518	0,41	0,266	0,214	0,152	0,121	0,09	0,067	0,067	0,059	0,044	0,044	0,059		0						0,09	0,067	0,059	0,022		
38850000	Consistido	38	38632000	11	11140000	POCO DE PEDRAS	-07:23:53	-036:26:01	430,00	3140,00	04/1979		Curva de descarga	1,54			25																							0,661	0,214	0,136	1,54	0,518	0,302	0,199	0,152	0,136		
38850000	Consistido	38	38632000	11	11140000	POCO DE PEDRAS	-07:23:53	-036:26:01	430,00	3140,00	05/1979		Curva de descarga	1,9	0,022	0,072	25	14	0,121	0,074	0,09	0,074	0,067	0,067	0,052	0,052	0,052	0,044	0,037	0,044	0,03	0,022	0,022	0,022	0,037	0,067	0,059	0,059	0,052	0,044	0,03	0,03	0,41	0,266	0,09	0,067	0,059	0,044	0,037	
38850000	Consistido	38	38632000	11	11140000	POCO DE PEDRAS	-07:23:53	-036:26:01	430,00	3140,00	06/1979		Curva de descarga	0,044			02		0,037	0,044	0,037	0,044	0,044	0,037	0,03	0,022	0,015	0,015	0,015	0,007	0							0	0	0	0	0	0	0	0	0	0	0		
38850000	Consistido	38	38632000	11	11140000	POCO DE PEDRAS	-07:23:53	-036:26:01	430,00	3140,00	07/1979		Curva de descarga	0,152			02		0	0,152	0,074	0,059	0,044	0,044	0,037	0,037	0,03	0,022	0,015	0,007	0,007	0			0	0	0	0	0	0	0	0	0	0	0	0	0	0	0	
38850000	Consistido	38	38632000	11	11140000	POCO DE PEDRAS	-07:23:53	-036:26:01	430,00	3140,00	08/1979		Curva de descarga	0	0	0	01	01	0	0	0	0	0	0	0	0	0	0	0	0	0	0	0	0	0	0	0	0	0	0	0	0	0	0	0	0	0	0	0	
38850000	Consistido	38	38632000	11	11140000	POCO DE PEDRAS	-07:23:53	-036:26:01	430,00	3140,00	09/1979		Curva de descarga	0	0	0	01	01	0	0	0	0	0	0	0	0	0	0	0	0	0	0	0	0	0	0	0	0	0	0	0	0	0	0	0	0	0	0		
38850000	Consistido	38	38632000	11	11140000	POCO DE PEDRAS	-07:23:53	-036:26:01	430,00	3140,00	10/1979		Curva de descarga	0	0	0	01	01	0	0	0	0	0	0	0	0	0	0	0	0	0	0	0	0	0	0	0	0	0	0	0	0	0	0	0	0	0	0	0	
38850000	Consistido	38	38632000	11	11140000	POCO DE PEDRAS	-07:23:53	-036:26:01	430,00	3140,00	11/1979		Curva de descarga	0,302	0	0,022	20	01	0	0	0	0	0	0	0	0	0	0	0	0	0	0	0	0	0	0	0,074	0,302	0,121	0,074	0,044	0,03	0,022	0	0	0	0	0		
38850000	Consistido	38	38632000	11	11140000	POCO DE PEDRAS	-07:23:53	-036:26:01	430,00	3140,00	12/1979		Curva de descarga	0	0	0	01	01	0	0	0	0	0	0	0	0	0	0	0	0	0	0	0	0	0	0	0	0	0	0	0	0	0	0	0	0	0	0	0	
38850000	Consistido	38	38632000	11	11140000	POCO DE PEDRAS	-07:23:53	-036:26:01	430,00	3140,00	01/1980		Curva de descarga	0,067			04		0	0	0	0,067	0,022		0	0	0	0	0	0	0	0	0	0	0	0	0	0	0	0	0	0	0	0	0	0	0	0	0	
38850000	Consistido	38	38632000	11	11140000	POCO DE PEDRAS	-07:23:53	-036:26:01	430,00	3140,00	02/1980		Curva de descarga	13,7	0	0,381	21	01	0	0	0	0	0	0	0	0	0	0	0	0	0	0	0	0	0	0	0	0,199	3,07	3,07	1,54	0,732	0,23	0,168	0,136	0,121	1,78			
38850000	Consistido	38	38632000	11	11140000	POCO DE PEDRAS	-07:23:53	-036:26:01	430,00	3140,00	03/1980		Curva de descarga						0,199	0,168	0,152	0,945	0,302	0,199	0,168	0,136	0,152	0,121	0,067	0,044	0,052	0,03	0,945	1,3	0,199	0,168	0,105	0,059	0,044	0,037	0,015	0,015	0,015	0	0					
38850000	Consistido	38	38632000	11	11140000	POCO DE PEDRAS	-07:23:53	-036:26:01	430,00	3140,00	04/1980		Curva de descarga	0	0	0	01	01	0	0	0	0	0	0	0	0	0	0	0	0	0	0	0	0	0	0	0	0	0	0	0	0	0	0	0	0	0	0		
38850000	Consistido	38	38632000	11	11140000	POCO DE PEDRAS	-07:23:53	-036:26:01	430,00	3140,00	05/1980		Curva de descarga	0	0	0	01	01	0	0	0	0	0	0	0	0	0	0	0	0	0	0	0	0	0	0	0	0	0	0	0	0	0	0	0	0	0	0	0	
38850000	Consistido	38	38632000	11	11140000	POCO DE PEDRAS	-07:23:53	-036:26:01	430,00	3140,00	06/1980		Curva de descarga	2,5			22		0	0	0	0	0	0	0	0	0	0	0	0	0	0	0	0	0	0	0	0	0	2,5	0,199	0,121	0,022	0				0		
38850000	Consistido	38	38632000	11	11140000	POCO DE PEDRAS	-07:23:53	-036:26:01	430,00	3140,00	07/1980		Curva de descarga	0	0	0	01	01	0	0	0	0	0	0	0	0	0	0	0	0	0	0	0	0	0	0	0	0	0	0	0	0	0	0	0	0	0	0	0	
38850000	Consistido	38	38632000	11	11140000	POCO DE PEDRAS	-07:23:53	-036:26:01	430,00	3140,00	08/1980		Curva de descarga	0	0	0	01	01	0	0	0	0	0	0	0	0	0	0	0	0	0	0	0	0	0	0	0	0	0	0	0	0	0	0	0	0	0	0	0	
38850000	Consistido	38	38632000	11	11140000	POCO DE PEDRAS	-07:23:53	-036:26:01	430,00	3140,00	09/1980		Curva de descarga	0	0	0	01	01	0	0	0	0	0	0	0	0	0	0	0	0	0	0	0	0	0	0	0	0	0	0	0	0	0	0	0	0	0	0		
38850000	Consistido	38	38632000	11	11140000	POCO DE PEDRAS	-07:23:53	-036:26:01	430,00	3140,00	10/1980		Curva de descarga	0	0	0	01	01	0	0	0	0	0	0	0	0	0	0	0	0	0	0	0	0	0	0	0	0	0	0	0	0	0	0	0	0	0	0	0	
38850000	Consistido	38	38632000	11	11140000	POCO DE PEDRAS	-07:23:53	-036:26:01	430,00	3140,00	11/1980		Curva de descarga	0	0	0	01	01	0	0	0	0	0	0	0	0	0	0	0	0	0	0	0	0	0	0	0	0	0	0	0	0	0	0	0	0	0	0		
38850000	Consistido	38	38632000	11	11140000	POCO DE PEDRAS	-07:23:53	-036:26:01	430,00	3140,00	12/1980		Curva de descarga	0	0	0	01	01	0	0	0	0	0	0	0	0	0	0	0	0	0	0	0	0	0	0	0	0	0	0	0	0	0	0	0	0	0	0	0	
38850000	Consistido	38	38632000	11	11140000	POCO DE PEDRAS	-07:23:53	-036:26:01	430,00	3140,00	01/1981		Curva de descarga	14,7	0	0,446	28	01	0	0	0	0	0	0	0	0	0	0	0	0	0	0	0	0	0	0	1,42	0,446	0,23	0,168	0,022	0	0	0	1,23	3,83	3,26	2,14	1,09	
38850000	Consistido	38	38632000	11	11140000	POCO DE PEDRAS	-07:23:53	-036:26:01	430,00	3140,00	02/1981		Curva de descarga	3,69	0	0,049	01	11	0,214	0,214	0,199	0,199	0,152	0,121	0,074	0,067	0,067	0,059	0	0	0	0	0	0	0	0	0	0	0	0	0	0	0	0	0	0				
38850000	Consistido	38	38632000	11	11140000	POCO DE PEDRAS	-07:23:53	-036:26:01	430,00	3140,00	03/1981		Curva de descarga						0	0	0	0	0	0	0	0	0	0	0	0	153	13,7	183	309	22,5	67	49	41	135	120	404	509								
38850000	Consistido	38	38632000	11	11140000	POCO DE PEDRAS	-07:23:53	-036:26:01	430,00	3140,00	04/1981		Curva de descarga																																					
38850000	Consistido	38	38632000	11	11140000	POCO DE PEDRAS	-07:23:53	-036:26:01	430,00	3140,00	05/1981		Curva de descarga	1,09			31																												0,732	0,732	0,732	0,732	1,09	
38850000	Consistido	38	38632000	11	11140000	POCO DE PEDRAS	-07:23:53	-036:26:01	430,00	3140,00	06/1981		Curva de descarga	0,874	0,266	0,583	09	27	0,661	0,661	0,59	0,59	0,661	0,732	0,732	0,732	0,874	0,803	0,732	0,661	0,661	0,661	0,661	0,661	0,661	0,59	0,59	0,554	0,518	0,518	0,518	0,518	0,482	0,338	0,266	0,266	0,302	0,302		
38850000	Consistido	38	38632000	11	11140000	POCO DE PEDRAS	-07:23:53	-036:26:01	430,00	3140,00	07/1981		Curva de descarga	0,302	0,059	0,155	01	29	0,302	0,266	0,23	0,214	0,214	0,214	0,214	0,23	0,214	0,214	0,199	0,199	0,199	0,183	0,168	0,168	0,152	0,136	0,136	0,121	0,105	0,105	0,09	0,074	0,074	0,074	0,067	0,067	0,059	0,059	0,059	
38850000	Consistido	38	38632000	11	11140000	POCO DE PEDRAS	-07:23:53	-036:26:01	430,00	3140,00	08/1981		Curva de descarga	0	0	0	01	01	0	0	0	0	0	0	0	0	0	0	0	0	0	0	0	0	0	0	0	0	0	0	0	0	0	0	0	0	0	0	0	
38850000	Consistido	38	38632000	11	11140000	POCO DE PEDRAS	-07:23:53	-036:26:01	430,00	3140,00	09/1981		Curva de descarga	0	0	0	01	01	0	0	0	0	0	0	0	0	0	0	0	0	0	0	0	0	0	0	0	0	0	0	0	0	0	0	0	0	0	0		
38850000	Consistido	38	38632000	11	11140000	POCO DE PEDRAS	-07:23:53	-036:26:01	430,00	3140,00	10/1981		Curva de descarga	0	0	0	01	01	0	0	0	0	0	0	0	0	0	0	0	0	0	0	0	0	0	0	0	0	0	0	0	0	0	0	0	0	0	0	0	
38850000	Consistido	38	38632000	11	11140000	POCO DE PEDRAS	-07:23:53	-036:26:01	430,00	3140,00	11/1981		Curva de descarga	0	0	0	01	01	0	0	0	0	0	0	0	0	0	0	0	0	0	0	0	0	0	0	0	0	0	0	0	0	0	0	0	0	0	0		
38850000	Consistido	38	38632000	11	11140000	POCO DE PEDRAS	-07:23:53	-036:26:01	430,00	3140,00	12/1981		Curva de descarga	12,6	0	0,138	23	01	0	0	0	0	0	0	0	0	0	0	0	0	0	0	0	0	0	0	0	0	0	0	2,88	0,803	0,59	0	0	0	0	0	0	
38850000	Consistido	38	38632000	11	11140000	POCO DE PEDRAS	-07:23:53	-036:26:01	430,00	3140,00	01/1982		Curva de descarga	0	0	0	01	01	0	0	0	0	0	0	0	0	0	0	0	0	0	0	0	0	0	0	0	0	0	0	0	0	0	0	0	0	0	0	0	
38850000	Consistido	38	38632000	11	11140000	POCO DE PEDRAS	-07:23:53	-036:26:01	430,00	3140,00	02/1982		Curva de descarga	0	0	0	01	01	0	0	0	0	0	0	0	0	0	0	0	0	0	0	0	0	0	0	0	0	0	0	0	0	0	0	0	0				
38850000	Consistido	38	38632000	11	11140000	POCO DE PEDRAS	-07:23:53	-036:26:01	430,00	3140,00	03/1982		Curva de descarga	0	0	0	01	01	0	0	0	0	0	0	0	0	0	0	0	0	0	0	0	0	0	0	0	0	0	0	0	0	0	0	0	0	0	0	0	
38850000	Consistido	38	38632000	11	11140000	POCO DE PEDRAS	-07:23:53	-036:26:01	430,00	3140,00	04/1982		Curva de descarga	43	0	2,43	24	04	1,66	0,661	0,554	0	0	0	0	0	0	0	0	0	0	0	0	0	0	0	0	0	0	0,945	2,5	21,1	6,4	16,2	10,2	5,9	4,4	2,38		
38850000	Consistido	38	38632000	11	11140000	POCO DE PEDRAS	-07:23:53	-036:26:01	430,00	3140,00	05/1982		Curva de descarga	45	0	1,54	03	18	2,02	1,54	23,4	5,4	2,88	1,9	1,42	1,3	1,09	1,09	0,945	0,732	0,803	1,16	0,874	0,732	0,518	0	0	0	0	0	0	0	0	0	0	0	0	0	0	
38850000	Consistido	38	38632000	11	11140000	POCO DE PEDRAS	-07:23:53	-036:26:01	430,00	3140,00	06/1982		Curva de descarga	0	0	0	01	01	0	0	0	0	0	0	0	0	0	0	0	0	0	0	0	0	0	0	0	0	0	0	0	0	0	0	0	0	0	0		
38850000	Consistido	38	38632000	11	11140000	POCO DE PEDRAS	-07:23:53	-036:26:01	430,00	3140,00	07/1982		Curva de descarga	0	0	0	01	01	0	0	0	0	0	0	0	0	0	0	0	0	0	0	0	0	0	0	0	0	0	0	0	0	0	0	0	0	0	0	0	
38850000	Consistido	38	38632000	11	11140000	POCO DE PEDRAS	-07:23:53	-036:26:01	430,00	3140,00	08/1982		Curva de descarga	0	0	0	01	01	0	0	0	0	0	0	0	0	0	0	0	0	0	0	0	0	0	0	0	0	0	0	0	0	0	0	0	0	0	0	0	
38850000	Consistido	38	38632000	11	11140000	POCO DE PEDRAS	-07:23:53	-036:26:01	430,00	3140,00	09/1982		Curva de descarga	0	0	0	01	01	0	0	0	0	0	0	0	0	0	0	0	0	0	0	0	0	0	0	0	0	0	0	0	0	0	0	0	0	0	0		
38850000	Consistido	38	38632000	11	11140000	POCO DE PEDRAS	-07:23:53	-036:26:01	430,00	3140,00	10/1982		Curva de descarga	0	0	0	01	01	0	0	0	0	0	0	0	0	0	0	0	0	0	0	0	0	0	0	0	0	0	0	0	0	0	0	0	0	0	0	0	
38850000	Consistido	38	38632000	11	11140000	POCO DE PEDRAS	-07:23:53	-036:26:01	430,00	3140,00	11/1982		Curva de descarga	0	0	0	01	01	0	0	0	0	0	0	0	0	0	0	0	0	0	0	0	0	0	0	0	0	0	0	0	0	0	0	0	0	0	0		
38850000	Consistido	38	38632000	11	11140000	POCO DE PEDRAS	-07:23:53	-036:26:01	430,00	3140,00	12/1982		Curva de descarga	0	0	0	01	01	0	0	0	0	0	0	0	0	0	0	0	0	0	0	0	0	0	0	0	0	0	0	0	0	0	0	0	0	0	0	0	
38850000	Consistido	38	38632000	11	11140000	POCO DE PEDRAS	-07:23:53	-036:26:01	430,00	3140,00	01/1983		Curva de descarga	0	0	0	01	01	0	0	0	0	0	0	0	0	0	0	0	0	0	0	0	0	0	0	0	0	0	0	0	0	0	0	0	0	0	0	0	
38850000	Consistido	38	38632000	11	11140000	POCO DE PEDRAS	-07:23:53	-036:26:01	430,00	3140,00	02/1983		Curva de descarga		0	15,8		01	0	0	0	0	0	64,8	140	71,4	122	24,3	8,13	3,64	1,66	0,874	0,661	0,518	0,446	1,66	0,59	0,482	0,374	0,266	0,266	0,23	0,199	0,183	0,183	0,168				
38850000	Consistido	38	38632000	11	11140000	POCO DE PEDRAS	-07:23:53	-036:26:01	430,00	3140,00	03/1983		Curva de descarga	32,9	0	0,981	24	01	0	0	0	0	0	0	0	0	0	0	0	0	0	0	0	0	0	0	0	0	0	0	0	17,6	6,65	2,02	1,9	0,874	0,446	0,41	0,518	
38850000	Consistido	38	38632000	11	11140000	POCO DE PEDRAS	-07:23:53	-036:26:01	430,00	3140,00	04/1983		Curva de descarga	4,67	0	0,084	07	16	0,374	0,266	0,183	0,105	0,09	0,136	0,446	0,183	0,152	0,121	0,105	0,105	0,105	0,074	0,074	0	0	0	0	0	0	0	0	0	0	0	0	0	0	0		
38850000	Consistido	38	38632000	11	11140000	POCO DE PEDRAS	-07:23:53	-036:26:01	430,00	3140,00	05/1983		Curva de descarga	0	0	0	01	01	0	0	0	0	0	0	0	0	0	0	0	0	0	0	0	0	0	0	0	0	0	0	0	0	0	0	0	0	0	0	0	
38850000	Consistido	38	38632000	11	11140000	POCO DE PEDRAS	-07:23:53	-036:26:01	430,00	3140,00	06/1983		Curva de descarga	0	0	0	01	01	0	0	0	0	0	0	0	0	0	0	0	0	0	0	0	0	0	0	0	0	0	0	0	0	0	0	0	0	0	0		
38850000	Consistido	38	38632000	11	11140000	POCO DE PEDRAS	-07:23:53	-036:26:01	430,00	3140,00	07/1983		Curva de descarga	0	0	0	01	01	0	0	0	0	0	0	0	0	0	0	0	0	0	0	0	0	0	0	0	0	0	0	0	0	0	0	0	0	0	0	0	
38850000	Consistido	38	38632000	11	11140000	POCO DE PEDRAS	-07:23:53	-036:26:01	430,00	3140,00	08/1983		Curva de descarga	0	0	0	01	01	0	0	0	0	0	0	0	0	0	0	0	0	0	0	0	0	0	0	0	0	0	0	0	0	0	0	0	0	0	0	0	
38850000	Consistido	38	38632000	11	11140000	POCO DE PEDRAS	-07:23:53	-036:26:01	430,00	3140,00	09/1983		Curva de descarga	0	0	0	01	01	0	0	0	0	0	0	0	0	0	0	0	0	0	0	0	0	0	0	0	0	0	0	0	0	0	0	0	0	0	0		
38850000	Consistido	38	38632000	11	11140000	POCO DE PEDRAS	-07:23:53	-036:26:01	430,00	3140,00	10/1983		Curva de descarga	0	0	0	01	01	0	0	0	0	0	0	0	0	0	0	0	0	0	0	0	0	0	0	0	0	0	0	0	0	0	0	0	0	0	0	0	
38850000	Consistido	38	38632000	11	11140000	POCO DE PEDRAS	-07:23:53	-036:26:01	430,00	3140,00	11/1983		Curva de descarga	0	0	0	01	01	0	0	0	0	0	0	0	0	0	0	0	0	0	0	0	0	0	0	0	0	0	0	0	0	0	0	0	0	0	0		
38850000	Consistido	38	38632000	11	11140000	POCO DE PEDRAS	-07:23:53	-036:26:01	430,00	3140,00	12/1983		Curva de descarga	0	0	0	01	01	0	0	0	0	0	0	0	0	0	0	0	0	0	0	0	0	0	0	0	0	0	0	0	0	0	0	0	0	0	0	0	
38850000	Consistido	38	38632000	11	11140000	POCO DE PEDRAS	-07:23:53	-036:26:01	430,00	3140,00	01/1984		Curva de descarga	0	0	0	01	01	0	0	0	0	0	0	0	0	0	0	0	0	0	0	0	0	0	0	0	0	0	0	0	0	0	0	0	0	0	0	0	
38850000	Consistido	38	38632000	11	11140000	POCO DE PEDRAS	-07:23:53	-036:26:01	430,00	3140,00	02/1984		Curva de descarga	0	0	0	01	01	0	0	0	0	0	0	0	0	0	0	0	0	0	0	0	0	0	0	0	0	0	0	0	0	0	0	0	0	0			
38850000	Consistido	38	38632000	11	11140000	POCO DE PEDRAS	-07:23:53	-036:26:01	430,00	3140,00	03/1984		Curva de descarga		0	8,32		01	0	0	0	0	0	0	0	0	0	0	73,6	2,38	0,302	0,41	0,338	0,732	1,16	0,59	0,23	0,199	0,152	0,105	39,1	113	19,7	2,69	1,3	0,661	0,732	0,266	0,183	
38850000	Consistido	38	38632000	11	11140000	POCO DE PEDRAS	-07:23:53	-036:26:01	430,00	3140,00	04/1984		Curva de descarga	166	0,199	16,8	05	01	0,199	14,2	2,88	59,4	166	36,2	14,6	11	9,36	6,9	5,9	5,15	6,65	4,21	2,5	60,5	21,8	11,4	8,95	8,54	13,2	9,36	5,15	4,9	3,64	2,88	3,45	2,38	1,9	1,66		
38850000	Consistido	38	38632000	11	11140000	POCO DE PEDRAS	-07:23:53	-036:26:01	430,00	3140,00	05/1984		Curva de descarga	8,13	0,518	1,42	26	12	1,16	1,02	1,02	2,14	2,02	1,23	0,945	0,732	0,59	0,59	0,554	0,518	0,661	0,945	1,09	1,16	1,09	0,874	0,732	1,02	1,3	1,23	2,26	3,45	5,15	5,4	1,9	1,16	0,803	0,732	0,661	
38850000	Consistido	38	38632000	11	11140000	POCO DE PEDRAS	-07:23:53	-036:26:01	430,00	3140,00	06/1984		Curva de descarga	6,44	0	0,325	03	18	0,554	0,661	0,732	0,59	0,59	0,554	0,518	0,518	0,59	0,59	0,59	0,59	0,59	0,518	0,518	0,518	0,518	0	0	0	0	0	0	0	0	0	0	0	0	0		
38850000	Consistido	38	38632000	11	11140000	POCO DE PEDRAS	-07:23:53	-036:26:01	430,00	3140,00	07/1984		Curva de descarga	0	0	0	01	01	0	0	0	0	0	0	0	0	0	0	0	0	0	0	0	0	0	0	0	0	0	0	0	0	0	0	0	0	0	0	0	
38850000	Consistido	38	38632000	11	11140000	POCO DE PEDRAS	-07:23:53	-036:26:01	430,00	3140,00	08/1984		Curva de descarga	0	0	0	01	01	0	0	0	0	0	0	0	0	0	0	0	0	0	0	0	0	0	0	0	0	0	0	0	0	0	0	0	0	0	0	0	
38850000	Consistido	38	38632000	11	11140000	POCO DE PEDRAS	-07:23:53	-036:26:01	430,00	3140,00	09/1984		Curva de descarga	0	0	0	01	01	0	0	0	0	0	0	0	0	0	0	0	0	0	0	0	0	0	0	0	0	0	0	0	0	0	0	0	0	0	0		
38850000	Consistido	38	38632000	11	11140000	POCO DE PEDRAS	-07:23:53	-036:26:01	430,00	3140,00	10/1984		Curva de descarga	0	0	0	01	01	0	0	0	0	0	0	0	0	0	0	0	0	0	0	0	0	0	0	0	0	0	0	0	0	0	0	0	0	0	0	0	
38850000	Consistido	38	38632000	11	11140000	POCO DE PEDRAS	-07:23:53	-036:26:01	430,00	3140,00	11/1984		Curva de descarga	0	0	0	01	01	0	0	0	0	0	0	0	0	0	0	0	0	0	0	0	0	0	0	0	0	0	0	0	0	0	0	0	0	0	0		
38850000	Consistido	38	38632000	11	11140000	POCO DE PEDRAS	-07:23:53	-036:26:01	430,00	3140,00	12/1984		Curva de descarga	0	0	0	01	01	0	0	0	0	0	0	0	0	0	0	0	0	0	0	0	0	0	0	0	0	0	0	0	0	0	0	0	0	0	0	0	
38850000	Consistido	38	38632000	11	11140000	POCO DE PEDRAS	-07:23:53	-036:26:01	430,00	3140,00	01/1985		Curva de descarga	70,3	0	1,27	26	01	0	0	0	0	0	0	0	0	0	0	0	0	0	0	0	0	0	0	0	0	0	0	0	0	0	33,4	3,26	1,09	0,59	0,518	0,518	
38850000	Consistido	38	38632000	11	11140000	POCO DE PEDRAS	-07:23:53	-036:26:01	430,00	3140,00	02/1985		Curva de descarga						0,446	24,3	3,64	1,23	1,66	1,16	1,02	0,874	0,945	0,661	5,65	7,31	101	143	169	117	325															
38850000	Consistido	38	38632000	11	11140000	POCO DE PEDRAS	-07:23:53	-036:26:01	430,00	3140,00	03/1985		Curva de descarga																																					
38850000	Consistido	38	38632000	11	11140000	POCO DE PEDRAS	-07:23:53	-036:26:01	430,00	3140,00	04/1985		Curva de descarga	574			20																				45	574	298	169	132	70,3	84	70,3	64,8	53,1	40,1	97		
38850000	Consistido	38	38632000	11	11140000	POCO DE PEDRAS	-07:23:53	-036:26:01	430,00	3140,00	05/1985		Curva de descarga	81,7	1,16	11,4	01	31	77,1	67	40,1	29,7	22,5	14,6	11	9,77	8,54	7,72	7,72	6,15	6,15	5,65	3,64	2,38	2,02	3,07	2,5	2,5	2,38	2,26	3,26	2,88	3,26	2,26	1,78	1,54	1,3	1,3	1,16	
38850000	Consistido	38	38632000	11	11140000	POCO DE PEDRAS	-07:23:53	-036:26:01	430,00	3140,00	06/1985		Curva de descarga	94,4	1,3	8,83	17	01	1,3	1,3	1,3	1,3	1,54	8,13	14,6	18,3	15,5	5,65	5,65	4,9	16,9	11	11	10,2	94,4	5,15	4,4	3,83	3,26	3,64	3,64	3,64	3,07	2,88	2,5	2,26	2,02	1,78		
38850000	Consistido	38	38632000	11	11140000	POCO DE PEDRAS	-07:23:53	-036:26:01	430,00	3140,00	07/1985		Curva de descarga	1,78	0,874	1,16	01	12	1,78	1,54	1,3	1,3	1,16	1,16	1,02	1,02	1,02	1,02	1,02	0,874	0,874	0,874	1,3	1,3	1,54	1,78	1,54	1,3	1,23	1,16	0,874	0,874	0,874	1,02	1,02	1,02	1,02	1,02	1,02	
38850000	Consistido	38	38632000	11	11140000	POCO DE PEDRAS	-07:23:53	-036:26:01	430,00	3140,00	08/1985		Curva de descarga	1,02	0,302	0,677	01	27	1,02	1,02	1,02	1,02	0,874	0,874	0,874	0,874	0,874	0,874	0,732	0,732	0,732	0,732	0,732	0,732	0,732	0,732	0,59	0,59	0,374	0,518	0,518	0,518	0,374	0,374	0,302	0,302	0,302	0,518	0,518	
38850000	Consistido	38	38632000	11	11140000	POCO DE PEDRAS	-07:23:53	-036:26:01	430,00	3140,00	09/1985		Curva de descarga	0,518	0,015	0,261	01	30	0,518	0,446	0,446	0,374	0,374	0,374	0,374	0,446	0,446	0,374	0,374	0,374	0,374	0,446	0,446	0,302	0,266	0,168	0,168	0,136	0,136	0,105	0,09	0,059	0,059	0,044	0,044	0,03	0,03	0,015		
38850000	Consistido	38	38632000	11	11140000	POCO DE PEDRAS	-07:23:53	-036:26:01	430,00	3140,00	10/1985		Curva de descarga	0	0	0	01	01	0	0	0	0	0	0	0	0	0	0	0	0	0	0	0	0	0	0	0	0	0	0	0	0	0	0	0	0	0	0	0	
38850000	Consistido	38	38632000	11	11140000	POCO DE PEDRAS	-07:23:53	-036:26:01	430,00	3140,00	11/1985		Curva de descarga	0	0	0	01	01	0	0	0	0	0	0	0	0	0	0	0	0	0	0	0	0	0	0	0	0	0	0	0	0	0	0	0	0	0	0		
38850000	Consistido	38	38632000	11	11140000	POCO DE PEDRAS	-07:23:53	-036:26:01	430,00	3140,00	12/1985		Curva de descarga	0	0	0	01	01	0	0	0	0	0	0	0	0	0	0	0	0	0	0	0	0	0	0	0	0	0	0	0	0	0	0	0	0	0	0	0	
38850000	Consistido	38	38632000	11	11140000	POCO DE PEDRAS	-07:23:53	-036:26:01	430,00	3140,00	01/1986		Curva de descarga	7,57	0	0,52	06	01	0	0	0	0	0	7,57	3,59	2,24	1,62	1,1	0,003	0	0	0	0	0	0	0	0	0	0	0	0	0	0	0	0	0	0	0	0	
38850000	Consistido	38	38632000	11	11140000	POCO DE PEDRAS	-07:23:53	-036:26:01	430,00	3140,00	02/1986		Curva de descarga	48,7	0,104	8,94	27	26	2,98	5,26	2,24	1,62	6,36	4,51	5,26	5,8	3,59	3,38	2,42	2,42	2,24	41,6	22,7	21,1	5,01	3,17	1,92	8,55	0,772	0,588	0,429	0,296	0,143	0,104	48,7	47,1				
38850000	Consistido	38	38632000	11	11140000	POCO DE PEDRAS	-07:23:53	-036:26:01	430,00	3140,00	03/1986		Curva de descarga	212	10,3	57,4	03	21	13,9	11,4	212	116	84,6	128	56,3	39,4	35,8	16,6	16,6	21,6	30,5	114	83,6	38,7	31,8	22,7	18	13,9	10,3	67,3	145	145	124	60,8	37,3	25	21,1	16,6	20,6	
38850000	Consistido	38	38632000	11	11140000	POCO DE PEDRAS	-07:23:53	-036:26:01	430,00	3140,00	04/1986		Curva de descarga	76,2	3,81	17,3	10	29	17,1	18,5	18,5	19	16,1	11,8	8,89	18,5	26,2	76,2	56,3	26,8	16,6	15,7	14,8	15,7	15,2	12,6	7,26	6,95	8,22	9,23	15,7	21,1	11,8	5,8	6,36	4,04	3,81	14,8		
38850000	Consistido	38	38632000	11	11140000	POCO DE PEDRAS	-07:23:53	-036:26:01	430,00	3140,00	05/1986		Curva de descarga	96,9	1,22	10,4	01	30	96,9	50,3	28	19,5	13,9	11,4	13,9	12,2	12,2	9,23	6,95	5,8	4,75	3,81	2,78	3,17	3,17	2,78	2,78	2,42	2,08	1,77	1,77	1,77	1,77	1,48	1,48	1,48	1,48	1,22	1,48	
38850000	Consistido	38	38632000	11	11140000	POCO DE PEDRAS	-07:23:53	-036:26:01	430,00	3140,00	06/1986		Curva de descarga	2,08	0,296	0,873	02	27	1,92	2,08	1,77	1,48	1,48	0,772	0,874	0,982	0,982	0,982	1,34	0,772	0,982	0,982	0,982	0,982	0,772	0,772	0,772	0,588	0,588	0,429	0,429	0,429	0,429	0,429	0,296	0,296	0,296	0,296		
38850000	Consistido	38	38632000	11	11140000	POCO DE PEDRAS	-07:23:53	-036:26:01	430,00	3140,00	07/1986		Curva de descarga	0,982	0,011	0,324	18	30	0,188	0,188	0,104	0,104	0,104	0,104	0,188	0,188	0,188	0,188	0,296	0,296	0,296	0,296	0,239	0,772	0,772	0,982	0,982	0,588	0,588	0,588	0,429	0,429	0,296	0,296	0,188	0,104	0,046	0,011	0,011	
38850000	Consistido	38	38632000	11	11140000	POCO DE PEDRAS	-07:23:53	-036:26:01	430,00	3140,00	08/1986		Curva de descarga	0,296	0	0,043	08	26	0,011	0,011	0,011	0,011	0,011	0,011	0,046	0,296	0,188	0,188	0,104	0,104	0,046	0,046	0,046	0,046	0,011	0,011	0,011	0,011	0,046	0,046	0,011	0,011	0,011	0	0	0	0	0	0	
38850000	Consistido	38	38632000	11	11140000	POCO DE PEDRAS	-07:23:53	-036:26:01	430,00	3140,00	09/1986		Curva de descarga	0	0	0	01	01	0	0	0	0	0	0	0	0	0	0	0	0	0	0	0	0	0	0	0	0	0	0	0	0	0	0	0	0	0	0		
38850000	Consistido	38	38632000	11	11140000	POCO DE PEDRAS	-07:23:53	-036:26:01	430,00	3140,00	10/1986		Curva de descarga	0	0	0	01	01	0	0	0	0	0	0	0	0	0	0	0	0	0	0	0	0	0	0	0	0	0	0	0	0	0	0	0	0	0	0	0	
38850000	Consistido	38	38632000	11	11140000	POCO DE PEDRAS	-07:23:53	-036:26:01	430,00	3140,00	11/1986		Curva de descarga	0	0	0	01	01	0	0	0	0	0	0	0	0	0	0	0	0	0	0	0	0	0	0	0	0	0	0	0	0	0	0	0	0	0	0		
38850000	Consistido	38	38632000	11	11140000	POCO DE PEDRAS	-07:23:53	-036:26:01	430,00	3140,00	12/1986		Curva de descarga	0	0	0	01	01	0	0	0	0	0	0	0	0	0	0	0	0	0	0	0	0	0	0	0	0	0	0	0	0	0	0	0	0	0	0	0	
38850000	Consistido	38	38632000	11	11140000	POCO DE PEDRAS	-07:23:53	-036:26:01	430,00	3140,00	01/1987		Curva de descarga	0	0	0	01	01	0	0	0	0	0	0	0	0	0	0	0	0	0	0	0	0	0	0	0	0	0	0	0	0	0	0	0	0	0	0	0	
38850000	Consistido	38	38632000	11	11140000	POCO DE PEDRAS	-07:23:53	-036:26:01	430,00	3140,00	02/1987		Curva de descarga	30,5	0	2,2	13	01	0	0	0	0	0	0	0	0	7,89	6,66	4,75	1,34	30,5	5,8	2,08	1,22	0,677	0,359	0,188	0,104	0,072	0,046	0,011	0	0	0	0	0				
38850000	Consistido	38	38632000	11	11140000	POCO DE PEDRAS	-07:23:53	-036:26:01	430,00	3140,00	03/1987		Curva de descarga	74,2	0	11,1	30	01	0	0	0	12,2	5,01	2,78	2,24	0,677	0,505	1,62	3,59	0,982	2,42	39,4	8,55	13,5	14,3	6,36	2,78	2,98	2,42	4,27	6,36	7,26	6,08	4,75	7,89	10,3	53,7	74,2	47,9	
38850000	Consistido	38	38632000	11	11140000	POCO DE PEDRAS	-07:23:53	-036:26:01	430,00	3140,00	04/1987		Curva de descarga	23,3	0,104	3,44	01	30	23,3	16,1	9,58	8,22	5,8	4,75	3,81	2,98	2,6	2,24	3,17	3,59	3,17	2,6	1,92	1,48	1,48	1,34	0,874	0,874	0,588	0,588	0,588	0,429	0,359	0,239	0,188	0,188	0,143	0,104		
38850000	Consistido	38	38632000	11	11140000	POCO DE PEDRAS	-07:23:53	-036:26:01	430,00	3140,00	05/1987		Curva de descarga	5,8	0	0,22	03	13	0,104	0,046	5,8	0,429	0,239	0,072	0,046	0,011	0,011	0,011	0,011	0,011	0	0	0,011	0,011	0,003	0,003	0	0	0	0	0	0	0	0	0	0	0	0	0	
38850000	Consistido	38	38632000	11	11140000	POCO DE PEDRAS	-07:23:53	-036:26:01	430,00	3140,00	06/1987		Curva de descarga	0,104	0	0,015	06	01	0	0	0,025	0,046	0,046	0,104	0,104	0,046	0,046	0,011	0,011	0	0	0	0	0	0	0	0	0	0	0	0	0	0	0	0	0	0	0		
38850000	Consistido	38	38632000	11	11140000	POCO DE PEDRAS	-07:23:53	-036:26:01	430,00	3140,00	07/1987		Curva de descarga	0	0	0	01	01	0	0	0	0	0	0	0	0	0	0	0	0	0	0	0	0	0	0	0	0	0	0	0	0	0	0	0	0	0	0	0	
38850000	Consistido	38	38632000	11	11140000	POCO DE PEDRAS	-07:23:53	-036:26:01	430,00	3140,00	08/1987		Curva de descarga	0	0	0	01	01	0	0	0	0	0	0	0	0	0	0	0	0	0	0	0	0	0	0	0	0	0	0	0	0	0	0	0	0	0	0	0	
38850000	Consistido	38	38632000	11	11140000	POCO DE PEDRAS	-07:23:53	-036:26:01	430,00	3140,00	09/1987		Curva de descarga	0	0	0	01	01	0	0	0	0	0	0	0	0	0	0	0	0	0	0	0	0	0	0	0	0	0	0	0	0	0	0	0	0	0	0		
38850000	Consistido	38	38632000	11	11140000	POCO DE PEDRAS	-07:23:53	-036:26:01	430,00	3140,00	10/1987		Curva de descarga	0	0	0	01	01	0	0	0	0	0	0	0	0	0	0	0	0	0	0	0	0	0	0	0	0	0	0	0	0	0	0	0	0	0	0	0	
38850000	Consistido	38	38632000	11	11140000	POCO DE PEDRAS	-07:23:53	-036:26:01	430,00	3140,00	11/1987		Curva de descarga	0	0	0	01	01	0	0	0	0	0	0	0	0	0	0	0	0	0	0	0	0	0	0	0	0	0	0	0	0	0	0	0	0	0	0		
38850000	Consistido	38	38632000	11	11140000	POCO DE PEDRAS	-07:23:53	-036:26:01	430,00	3140,00	12/1987		Curva de descarga	0	0	0	01	01	0	0	0	0	0	0	0	0	0	0	0	0	0	0	0	0	0	0	0	0	0	0	0	0	0	0	0	0	0	0	0	
38850000	Consistido	38	38632000	11	11140000	POCO DE PEDRAS	-07:23:53	-036:26:01	430,00	3140,00	01/1988		Curva de descarga	0	0	0	01	01	0	0	0	0	0	0	0	0	0	0	0	0	0	0	0	0	0	0	0	0	0	0	0	0	0	0	0	0	0	0	0	
38850000	Consistido	38	38632000	11	11140000	POCO DE PEDRAS	-07:23:53	-036:26:01	430,00	3140,00	02/1988		Curva de descarga	131	0	7,96	24	01	0	0	0	0	0	0	0	0	0	0	0	0	0	0	1,48	0	10,3	1,92	0,072	0,072	0,011	0	0	131	40,9	21,6	12,2	6,95	4,27			
38850000	Consistido	38	38632000	11	11140000	POCO DE PEDRAS	-07:23:53	-036:26:01	430,00	3140,00	03/1988		Curva de descarga			5																																		
38850000	Consistido	38	38632000	11	11140000	POCO DE PEDRAS	-07:23:53	-036:26:01	430,00	3140,00	04/1988		Curva de descarga	22,9		3	23																								13,6	2,3	4,35	9,01	4,84	4,84	3,45	2,48		
38850000	Consistido	38	38632000	11	11140000	POCO DE PEDRAS	-07:23:53	-036:26:01	430,00	3140,00	05/1988		Curva de descarga	2,3	0,012	0,747	03	30	2,13	2,13	2,3	2,13	1,97	1,81	1,25	1,25	1,01	0,797	0,7	0,7	0,608	0,608	0,445	0,445	0,308	0,308	0,308	0,308	0,308	0,308	0,308	0,196	0,196	0,109	0,109	0,048	0,048	0,012	0,012	
38850000	Consistido	38	38632000	11	11140000	POCO DE PEDRAS	-07:23:53	-036:26:01	430,00	3140,00	06/1988		Curva de descarga	0	0	0	01	01	0	0	0	0	0	0	0	0	0	0	0	0	0	0	0	0	0	0	0	0	0	0	0	0	0	0	0	0	0	0		
38850000	Consistido	38	38632000	11	11140000	POCO DE PEDRAS	-07:23:53	-036:26:01	430,00	3140,00	07/1988		Curva de descarga	0,196	0	0,01	19	01	0	0	0	0	0	0	0	0	0	0	0	0	0	0	0	0	0	0	0,196	0,109	0	0	0	0	0	0	0	0	0	0	0	
38850000	Consistido	38	38632000	11	11140000	POCO DE PEDRAS	-07:23:53	-036:26:01	430,00	3140,00	08/1988		Curva de descarga	0	0	0	01	01	0	0	0	0	0	0	0	0	0	0	0	0	0	0	0	0	0	0	0	0	0	0	0	0	0	0	0	0	0	0	0	
38850000	Consistido	38	38632000	11	11140000	POCO DE PEDRAS	-07:23:53	-036:26:01	430,00	3140,00	09/1988		Curva de descarga	0	0	0	01	01	0	0	0	0	0	0	0	0	0	0	0	0	0	0	0	0	0	0	0	0	0	0	0	0	0	0	0	0	0	0		
38850000	Consistido	38	38632000	11	11140000	POCO DE PEDRAS	-07:23:53	-036:26:01	430,00	3140,00	10/1988		Curva de descarga	0	0	0	01	01	0	0	0	0	0	0	0	0	0	0	0	0	0	0	0	0	0	0	0	0	0	0	0	0	0	0	0	0	0	0	0	
38850000	Consistido	38	38632000	11	11140000	POCO DE PEDRAS	-07:23:53	-036:26:01	430,00	3140,00	11/1988		Curva de descarga	0	0	0	01	01	0	0	0	0	0	0	0	0	0	0	0	0	0	0	0	0	0	0	0	0	0	0	0	0	0	0	0	0	0	0		
38850000	Consistido	38	38632000	11	11140000	POCO DE PEDRAS	-07:23:53	-036:26:01	430,00	3140,00	12/1988		Curva de descarga	0	0	0	01	01	0	0	0	0	0	0	0	0	0	0	0	0	0	0	0	0	0	0	0	0	0	0	0	0	0	0	0	0	0	0	0	
38850000	Consistido	38	38632000	11	11140000	POCO DE PEDRAS	-07:23:53	-036:26:01	430,00	3140,00	01/1989		Curva de descarga	0	0	0	01	01	0	0	0	0	0	0	0	0	0	0	0	0	0	0	0	0	0	0	0	0	0	0	0	0	0	0	0	0	0	0	0	
38850000	Consistido	38	38632000	11	11140000	POCO DE PEDRAS	-07:23:53	-036:26:01	430,00	3140,00	02/1989		Curva de descarga	0	0	0	01	01	0	0	0	0	0	0	0	0	0	0	0	0	0	0	0	0	0	0	0	0	0	0	0	0	0	0	0	0				
38850000	Consistido	38	38632000	11	11140000	POCO DE PEDRAS	-07:23:53	-036:26:01	430,00	3140,00	03/1989		Curva de descarga	20,2	0	0,704	29	01	0	0	0	0	0	0	0	0	0	0	0	0	0	0	0	0	0	0	0	0	0	0	0	0	0	0	0	0	20,2	1,25	0,373	
38850000	Consistido	38	38632000	11	11140000	POCO DE PEDRAS	-07:23:53	-036:26:01	430,00	3140,00	04/1989		Curva de descarga	112	0,149	10,8	08	04	0,196	0,797	0,249	0,149	0,149	0,196	0,901	112	46,4	24	17,7	21,3	6,47	3,67	2,48	1,81	1,01	1,25	9,36	16,3	12,8	9,01	9,72	5,9	4,35	3,45	2,66	2,85	3,04	2,48		
38850000	Consistido	38	38632000	11	11140000	POCO DE PEDRAS	-07:23:53	-036:26:01	430,00	3140,00	05/1989		Curva de descarga	5,63	0,445	1,9	04	28	1,97	2,85	2,48	5,63	4,35	3,45	3,04	2,48	2,3	2,3	2,13	2,3	1,38	1,25	1,25	0,797	1,38	2,85	2,48	1,97	1,81	1,25	1,01	1,01	0,797	0,797	0,524	0,445	1,01	0,797	0,797	
38850000	Consistido	38	38632000	11	11140000	POCO DE PEDRAS	-07:23:53	-036:26:01	430,00	3140,00	06/1989		Curva de descarga	1,62	0	0,661	16	30	0,797	0,797	0,901	0,429	0,296	0,296	0,296	1,22	0,982	0,677	0,296	1,48	1,22	0,982	0,982	1,62	1,62	1,34	0,982	0,772	0,588	0,429	0,359	0,296	0,104	0,046	0,011	0,011	0,011	0		
38850000	Consistido	38	38632000	11	11140000	POCO DE PEDRAS	-07:23:53	-036:26:01	430,00	3140,00	07/1989		Curva de descarga	2,78	0	0,566	11	01	0	0,011	0	0,072	0,104	0,046	0,188	0,429	1,34	0,677	2,78	2,24	2,08	1,62	1,22	0,982	0,874	0,429	0,429	0,429	0,296	0,296	0,296	0,239	0,188	0,046	0,046	0,046	0,046	0,046	0,046	
38850000	Consistido	38	38632000	11	11140000	POCO DE PEDRAS	-07:23:53	-036:26:01	430,00	3140,00	08/1989		Curva de descarga	0,011	0	0,001	01	04	0,011	0,011	0,003	0	0	0	0	0	0	0	0	0	0	0	0	0	0	0	0	0	0	0	0	0	0	0	0	0	0	0	0	
38850000	Consistido	38	38632000	11	11140000	POCO DE PEDRAS	-07:23:53	-036:26:01	430,00	3140,00	09/1989		Curva de descarga	0	0	0	01	01	0	0	0	0	0	0	0	0	0	0	0	0	0	0	0	0	0	0	0	0	0	0	0	0	0	0	0	0	0	0		
38850000	Consistido	38	38632000	11	11140000	POCO DE PEDRAS	-07:23:53	-036:26:01	430,00	3140,00	10/1989		Curva de descarga	0	0	0	01	01	0	0	0	0	0	0	0	0	0	0	0	0	0	0	0	0	0	0	0	0	0	0	0	0	0	0	0	0	0	0	0	
38850000	Consistido	38	38632000	11	11140000	POCO DE PEDRAS	-07:23:53	-036:26:01	430,00	3140,00	11/1989		Curva de descarga	0	0	0	01	01	0	0	0	0	0	0	0	0	0	0	0	0	0	0	0	0	0	0	0	0	0	0	0	0	0	0	0	0	0	0		
38850000	Consistido	38	38632000	11	11140000	POCO DE PEDRAS	-07:23:53	-036:26:01	430,00	3140,00	12/1989		Curva de descarga	79,3	0	10,7	25	01	0	0	0	0	0	0	0	16,1	4,04	3,59	3,17	2,78	1,77	1,1	0,104	0,046	0,104	0,429	0,296	0,188	0,046	52	49,5	75,2	79,3	17,1	14,3	4,27	2,6	1,62	0,677	
38850000	Consistido	38	38632000	11	11140000	POCO DE PEDRAS	-07:23:53	-036:26:01	430,00	3140,00	01/1990		Curva de descarga			0,1										0	0	0	0	0	0	0	0	0	0	0	0	0	0	0	0	0	0	0	0	0	0	0	0	
38850000	Consistido	38	38632000	11	11140000	POCO DE PEDRAS	-07:23:53	-036:26:01	430,00	3140,00	02/1990		Curva de descarga	20,6	0	2,87	09	01	0	0	0	0	0	0	0	0	20,6	17,6	16,6	5,53	3,17	1,92	1,1	0,588	0,296	0,143	0,072	0,011	0,011	0	3,17	2,6	2,24	2,08	1,48	1,1				
38850000	Consistido	38	38632000	11	11140000	POCO DE PEDRAS	-07:23:53	-036:26:01	430,00	3140,00	03/1990		Curva de descarga	0,104	0	0,004	01	03	0,104	0,011	0	0	0	0	0	0	0	0	0	0	0	0	0	0	0	0	0	0	0	0	0	0	0	0	0	0	0	0	0	
38850000	Consistido	38	38632000	11	11140000	POCO DE PEDRAS	-07:23:53	-036:26:01	430,00	3140,00	04/1990		Curva de descarga	0	0	0	01	01	0	0	0	0	0	0	0	0	0	0	0	0	0	0	0	0	0	0	0	0	0	0	0	0	0	0	0	0	0	0		
38850000	Consistido	38	38632000	11	11140000	POCO DE PEDRAS	-07:23:53	-036:26:01	430,00	3140,00	05/1990		Curva de descarga	0	0	0	01	01	0	0	0	0	0	0	0	0	0	0	0	0	0	0	0	0	0	0	0	0	0	0	0	0	0	0	0	0	0	0	0	
38850000	Consistido	38	38632000	11	11140000	POCO DE PEDRAS	-07:23:53	-036:26:01	430,00	3140,00	06/1990		Curva de descarga	0	0	0	01	01	0	0	0	0	0	0	0	0	0	0	0	0	0	0	0	0	0	0	0	0	0	0	0	0	0	0	0	0	0	0		
38850000	Consistido	38	38632000	11	11140000	POCO DE PEDRAS	-07:23:53	-036:26:01	430,00	3140,00	07/1990		Curva de descarga	0	0	0	01	01	0	0	0	0	0	0	0	0	0	0	0	0	0	0	0	0	0	0	0	0	0	0	0	0	0	0	0	0	0	0	0	
38850000	Consistido	38	38632000	11	11140000	POCO DE PEDRAS	-07:23:53	-036:26:01	430,00	3140,00	08/1990		Curva de descarga	0	0	0	01	01	0	0	0	0	0	0	0	0	0	0	0	0	0	0	0	0	0	0	0	0	0	0	0	0	0	0	0	0	0	0	0	
38850000	Consistido	38	38632000	11	11140000	POCO DE PEDRAS	-07:23:53	-036:26:01	430,00	3140,00	09/1990		Curva de descarga	0	0	0	01	01	0	0	0	0	0	0	0	0	0	0	0	0	0	0	0	0	0	0	0	0	0	0	0	0	0	0	0	0	0	0		
38850000	Consistido	38	38632000	11	11140000	POCO DE PEDRAS	-07:23:53	-036:26:01	430,00	3140,00	10/1990		Curva de descarga	0	0	0	01	01	0	0	0	0	0	0	0	0	0	0	0	0	0	0	0	0	0	0	0	0	0	0	0	0	0	0	0	0	0	0	0	
38850000	Consistido	38	38632000	11	11140000	POCO DE PEDRAS	-07:23:53	-036:26:01	430,00	3140,00	11/1990		Curva de descarga	0	0	0	01	01	0	0	0	0	0	0	0	0	0	0	0	0	0	0	0	0	0	0	0	0	0	0	0	0	0	0	0	0	0	0		
38850000	Consistido	38	38632000	11	11140000	POCO DE PEDRAS	-07:23:53	-036:26:01	430,00	3140,00	12/1990		Curva de descarga	0	0	0	01	01	0	0	0	0	0	0	0	0	0	0	0	0	0	0	0	0	0	0	0	0	0	0	0	0	0	0	0	0	0	0	0	
38850000	Consistido	38	38632000	11	11140000	POCO DE PEDRAS	-07:23:53	-036:26:01	430,00	3140,00	01/1991		Curva de descarga	0	0	0	01	01	0	0	0	0	0	0	0	0	0	0	0	0	0	0	0	0	0	0	0	0	0	0	0	0	0	0	0	0	0	0	0	
38850000	Consistido	38	38632000	11	11140000	POCO DE PEDRAS	-07:23:53	-036:26:01	430,00	3140,00	02/1991		Curva de descarga			0,8			0	0	0	0	0	0	0	0	0	0	0	0	0	0	0	0	0	0	0	0	0	0	0	0	0	0						
38850000	Consistido	38	38632000	11	11140000	POCO DE PEDRAS	-07:23:53	-036:26:01	430,00	3140,00	03/1991		Curva de descarga			9																																		
38850000	Consistido	38	38632000	11	11140000	POCO DE PEDRAS	-07:23:53	-036:26:01	430,00	3140,00	04/1991		Curva de descarga			1,5																																		
38850000	Consistido	38	38632000	11	11140000	POCO DE PEDRAS	-07:23:53	-036:26:01	430,00	3140,00	05/1991		Curva de descarga		0,011	0,7		31																0,505	0,505	0,588	0,588	0,588	0,429	0,429	0,429	0,359	0,296	0,104	0,104	0,046	0,025	0,011	0,011	
38850000	Consistido	38	38632000	11	11140000	POCO DE PEDRAS	-07:23:53	-036:26:01	430,00	3140,00	06/1991		Curva de descarga	0	0	0	01	01	0	0	0	0	0	0	0	0	0	0	0	0	0	0	0	0	0	0	0	0	0	0	0	0	0	0	0	0	0	0		
38850000	Consistido	38	38632000	11	11140000	POCO DE PEDRAS	-07:23:53	-036:26:01	430,00	3140,00	07/1991		Curva de descarga	0	0	0	01	01	0	0	0	0	0	0	0	0	0	0	0	0	0	0	0	0	0	0	0	0	0	0	0	0	0	0	0	0	0	0	0	
38850000	Consistido	38	38632000	11	11140000	POCO DE PEDRAS	-07:23:53	-036:26:01	430,00	3140,00	08/1991		Curva de descarga	0	0	0	01	01	0	0	0	0	0	0	0	0	0	0	0	0	0	0	0	0	0	0	0	0	0	0	0	0	0	0	0	0	0	0	0	
38850000	Consistido	38	38632000	11	11140000	POCO DE PEDRAS	-07:23:53	-036:26:01	430,00	3140,00	09/1991		Curva de descarga	0	0	0	01	01	0	0	0	0	0	0	0	0	0	0	0	0	0	0	0	0	0	0	0	0	0	0	0	0	0	0	0	0	0	0		
38850000	Consistido	38	38632000	11	11140000	POCO DE PEDRAS	-07:23:53	-036:26:01	430,00	3140,00	10/1991		Curva de descarga	0	0	0	01	01	0	0	0	0	0	0	0	0	0	0	0	0	0	0	0	0	0	0	0	0	0	0	0	0	0	0	0	0	0	0	0	
38850000	Consistido	38	38632000	11	11140000	POCO DE PEDRAS	-07:23:53	-036:26:01	430,00	3140,00	11/1991		Curva de descarga	0	0	0	01	01	0	0	0	0	0	0	0	0	0	0	0	0	0	0	0	0	0	0	0	0	0	0	0	0	0	0	0	0	0	0		
38850000	Consistido	38	38632000	11	11140000	POCO DE PEDRAS	-07:23:53	-036:26:01	430,00	3140,00	12/1991		Curva de descarga	0	0	0	01	01	0	0	0	0	0	0	0	0	0	0	0	0	0	0	0	0	0	0	0	0	0	0	0	0	0	0	0	0	0	0	0	
38850000	Consistido	38	38632000	11	11140000	POCO DE PEDRAS	-07:23:53	-036:26:01	430,00	3140,00	01/1992		Curva de descarga	34,5	0	3,92	30	01	0	0	0	0	0	0	0	0	0	0	0	0	0	0	0	0	0	0	0	0	0	0	0	0	1,77	3,38	1,34	23,3	22,7	34,5	34,5	
38850000	Consistido	38	38632000	11	11140000	POCO DE PEDRAS	-07:23:53	-036:26:01	430,00	3140,00	02/1992		Curva de descarga	8,89	0,359	1,97	11	29	4,75	4,51	3,17	2,08	1,48	1,34	1,22	1,34	0,772	0,677	8,89	5,53	1,1	0,677	0,505	4,27	3,17	2,24	1,77	1,48	1,22	1,1	0,772	0,677	0,588	0,505	0,429	0,429	0,359			
38850000	Consistido	38	38632000	11	11140000	POCO DE PEDRAS	-07:23:53	-036:26:01	430,00	3140,00	03/1992		Curva de descarga	85,7	0	4,03	25	13	0,296	0,188	0,188	0,104	0,046	0,046	0,046	0,046	0,011	0,011	0,011	0,011	0	0	0	0	0	0	0	0	0	0	0	0	85,7	20,2	6,47	3,24	3,24	2,85	2,13	
38850000	Consistido	38	38632000	11	11140000	POCO DE PEDRAS	-07:23:53	-036:26:01	430,00	3140,00	04/1992		Curva de descarga	46,4	0,109	3,72	02	27	2,3	46,4	3,67	21,3	6,18	4,12	4,59	3,67	3,24	2,85	2,13	1,25	1,25	1,25	1,13	0,797	0,797	0,797	0,797	0,608	0,608	0,445	0,445	0,196	0,196	0,196	0,109	0,109	0,109	0,109		
38850000	Consistido	38	38632000	11	11140000	POCO DE PEDRAS	-07:23:53	-036:26:01	430,00	3140,00	05/1992		Curva de descarga	0	0	0	01	01	0	0	0	0	0	0	0	0	0	0	0	0	0	0	0	0	0	0	0	0	0	0	0	0	0	0	0	0	0	0	0	
38850000	Consistido	38	38632000	11	11140000	POCO DE PEDRAS	-07:23:53	-036:26:01	430,00	3140,00	06/1992		Curva de descarga	0	0	0	01	01	0	0	0	0	0	0	0	0	0	0	0	0	0	0	0	0	0	0	0	0	0	0	0	0	0	0	0	0	0	0		
38850000	Consistido	38	38632000	11	11140000	POCO DE PEDRAS	-07:23:53	-036:26:01	430,00	3140,00	07/1992		Curva de descarga	0	0	0	01	01	0	0	0	0	0	0	0	0	0	0	0	0	0	0	0	0	0	0	0	0	0	0	0	0	0	0	0	0	0	0	0	
38850000	Consistido	38	38632000	11	11140000	POCO DE PEDRAS	-07:23:53	-036:26:01	430,00	3140,00	08/1992		Curva de descarga	0	0	0	01	01	0	0	0	0	0	0	0	0	0	0	0	0	0	0	0	0	0	0	0	0	0	0	0	0	0	0	0	0	0	0	0	
38850000	Consistido	38	38632000	11	11140000	POCO DE PEDRAS	-07:23:53	-036:26:01	430,00	3140,00	09/1992		Curva de descarga	0	0	0	01	01	0	0	0	0	0	0	0	0	0	0	0	0	0	0	0	0	0	0	0	0	0	0	0	0	0	0	0	0	0	0		
38850000	Consistido	38	38632000	11	11140000	POCO DE PEDRAS	-07:23:53	-036:26:01	430,00	3140,00	10/1992		Curva de descarga	0	0	0	01	01	0	0	0	0	0	0	0	0	0	0	0	0	0	0	0	0	0	0	0	0	0	0	0	0	0	0	0	0	0	0	0	
38850000	Consistido	38	38632000	11	11140000	POCO DE PEDRAS	-07:23:53	-036:26:01	430,00	3140,00	11/1992		Curva de descarga	0	0	0	01	01	0	0	0	0	0	0	0	0	0	0	0	0	0	0	0	0	0	0	0	0	0	0	0	0	0	0	0	0	0	0		
38850000	Consistido	38	38632000	11	11140000	POCO DE PEDRAS	-07:23:53	-036:26:01	430,00	3140,00	12/1992		Curva de descarga	0	0	0	01	01	0	0	0	0	0	0	0	0	0	0	0	0	0	0	0	0	0	0	0	0	0	0	0	0	0	0	0	0	0	0	0	
38850000	Consistido	38	38632000	11	11140000	POCO DE PEDRAS	-07:23:53	-036:26:01	430,00	3140,00	01/1993		Curva de descarga	0	0	0	01	01	0	0	0	0	0	0	0	0	0	0	0	0	0	0	0	0	0	0	0	0	0	0	0	0	0	0	0	0	0	0	0	
38850000	Consistido	38	38632000	11	11140000	POCO DE PEDRAS	-07:23:53	-036:26:01	430,00	3140,00	02/1993		Curva de descarga	0	0	0	01	01	0	0	0	0	0	0	0	0	0	0	0	0	0	0	0	0	0	0	0	0	0	0	0	0	0	0	0	0				
38850000	Consistido	38	38632000	11	11140000	POCO DE PEDRAS	-07:23:53	-036:26:01	430,00	3140,00	03/1993		Curva de descarga	0	0	0	01	01	0	0	0	0	0	0	0	0	0	0	0	0	0	0	0	0	0	0	0	0	0	0	0	0	0	0	0	0	0	0	0	
38850000	Consistido	38	38632000	11	11140000	POCO DE PEDRAS	-07:23:53	-036:26:01	430,00	3140,00	04/1993		Curva de descarga	0	0	0	01	01	0	0	0	0	0	0	0	0	0	0	0	0	0	0	0	0	0	0	0	0	0	0	0	0	0	0	0	0	0	0		
38850000	Consistido	38	38632000	11	11140000	POCO DE PEDRAS	-07:23:53	-036:26:01	430,00	3140,00	05/1993		Curva de descarga	0	0	0	01	01	0	0	0	0	0	0	0	0	0	0	0	0	0	0	0	0	0	0	0	0	0	0	0	0	0	0	0	0	0	0	0	
38850000	Consistido	38	38632000	11	11140000	POCO DE PEDRAS	-07:23:53	-036:26:01	430,00	3140,00	06/1993		Curva de descarga	0	0	0	01	01	0	0	0	0	0	0	0	0	0	0	0	0	0	0	0	0	0	0	0	0	0	0	0	0	0	0	0	0	0	0		
38850000	Consistido	38	38632000	11	11140000	POCO DE PEDRAS	-07:23:53	-036:26:01	430,00	3140,00	07/1993		Curva de descarga	0	0	0	01	01	0	0	0	0	0	0	0	0	0	0	0	0	0	0	0	0	0	0	0	0	0	0	0	0	0	0	0	0	0	0	0	
38850000	Consistido	38	38632000	11	11140000	POCO DE PEDRAS	-07:23:53	-036:26:01	430,00	3140,00	08/1993		Curva de descarga	0	0	0	01	01	0	0	0	0	0	0	0	0	0	0	0	0	0	0	0	0	0	0	0	0	0	0	0	0	0	0	0	0	0	0	0	
38850000	Consistido	38	38632000	11	11140000	POCO DE PEDRAS	-07:23:53	-036:26:01	430,00	3140,00	09/1993		Curva de descarga	0	0	0	01	01	0	0	0	0	0	0	0	0	0	0	0	0	0	0	0	0	0	0	0	0	0	0	0	0	0	0	0	0	0	0		
38850000	Consistido	38	38632000	11	11140000	POCO DE PEDRAS	-07:23:53	-036:26:01	430,00	3140,00	10/1993		Curva de descarga	0	0	0	01	01	0	0	0	0	0	0	0	0	0	0	0	0	0	0	0	0	0	0	0	0	0	0	0	0	0	0	0	0	0	0	0	
38850000	Consistido	38	38632000	11	11140000	POCO DE PEDRAS	-07:23:53	-036:26:01	430,00	3140,00	11/1993		Curva de descarga	0	0	0	01	01	0	0	0	0	0	0	0	0	0	0	0	0	0	0	0	0	0	0	0	0	0	0	0	0	0	0	0	0	0	0		
38850000	Consistido	38	38632000	11	11140000	POCO DE PEDRAS	-07:23:53	-036:26:01	430,00	3140,00	12/1993		Curva de descarga	0	0	0	01	01	0	0	0	0	0	0	0	0	0	0	0	0	0	0	0	0	0	0	0	0	0	0	0	0	0	0	0	0	0	0	0	
38850000	Consistido	38	38632000	11	11140000	POCO DE PEDRAS	-07:23:53	-036:26:01	430,00	3140,00	01/1994		Curva de descarga	11,6	0	0,468	19	01	0	0	0	0	0	0	0	0	0	0	0	0	0	0	0	0	0	0	11,6	1,66	1,25	0	0	0	0	0	0	0	0	0	0	
38850000	Consistido	38	38632000	11	11140000	POCO DE PEDRAS	-07:23:53	-036:26:01	430,00	3140,00	02/1994		Curva de descarga	6,77	0	0,814	13	01	0	0	0	0	0	0	0	0	0	0	0	0	6,77	4,12	0,608	0,445	0,048	0,012	0	0	0,445	2,85	0,608	0,196	0,048	0	4,84	1,81				
38850000	Consistido	38	38632000	11	11140000	POCO DE PEDRAS	-07:23:53	-036:26:01	430,00	3140,00	03/1994		Curva de descarga	12,4	0	1,89	09	05	1,13	1,01	0,076	0,048	0	0	1,52	0,901	12,4	3,04	2,85	3,67	8,01	4,84	3,04	3,04	2,85	1,25	0,7	0,608	0,524	0,445	0,445	0,308	0,608	1,38	0,373	0,149	0,196	1,66	1,52	
38850000	Consistido	38	38632000	11	11140000	POCO DE PEDRAS	-07:23:53	-036:26:01	430,00	3140,00	04/1994		Curva de descarga	2,66	0	0,298	03	13	0,196	0,308	2,66	2,13	0,608	0,7	1,13	0,524	0,196	0,196	0,196	0,109	0	0	0	0	0	0	0	0	0	0	0	0	0	0	0	0	0	0		
38850000	Consistido	38	38632000	11	11140000	POCO DE PEDRAS	-07:23:53	-036:26:01	430,00	3140,00	05/1994		Curva de descarga	2,85	0	0,451	13	01	0	0	0	0	0	0	0	0	0	0	0	0	2,85	1,81	0,901	0,308	0,196	0,901	0,608	1,38	2,3	1,97	0,445	0,196	0,109	0	0	0	0	0	0	
38850000	Consistido	38	38632000	11	11140000	POCO DE PEDRAS	-07:23:53	-036:26:01	430,00	3140,00	06/1994		Curva de descarga	0	0	0	01	01	0	0	0	0	0	0	0	0	0	0	0	0	0	0	0	0	0	0	0	0	0	0	0	0	0	0	0	0	0	0		
38850000	Consistido	38	38632000	11	11140000	POCO DE PEDRAS	-07:23:53	-036:26:01	430,00	3140,00	07/1994		Curva de descarga	0	0	0	01	01	0	0	0	0	0	0	0	0	0	0	0	0	0	0	0	0	0	0	0	0	0	0	0	0	0	0	0	0	0	0	0	
38850000	Consistido	38	38632000	11	11140000	POCO DE PEDRAS	-07:23:53	-036:26:01	430,00	3140,00	08/1994		Curva de descarga	0	0	0	01	01	0	0	0	0	0	0	0	0	0	0	0	0	0	0	0	0	0	0	0	0	0	0	0	0	0	0	0	0	0	0	0	
38850000	Consistido	38	38632000	11	11140000	POCO DE PEDRAS	-07:23:53	-036:26:01	430,00	3140,00	09/1994		Curva de descarga	0	0	0	01	01	0	0	0	0	0	0	0	0	0	0	0	0	0	0	0	0	0	0	0	0	0	0	0	0	0	0	0	0	0	0		
38850000	Consistido	38	38632000	11	11140000	POCO DE PEDRAS	-07:23:53	-036:26:01	430,00	3140,00	10/1994		Curva de descarga	0	0	0	01	01	0	0	0	0	0	0	0	0	0	0	0	0	0	0	0	0	0	0	0	0	0	0	0	0	0	0	0	0	0	0	0	
38850000	Consistido	38	38632000	11	11140000	POCO DE PEDRAS	-07:23:53	-036:26:01	430,00	3140,00	11/1994		Curva de descarga	0	0	0	01	01	0	0	0	0	0	0	0	0	0	0	0	0	0	0	0	0	0	0	0	0	0	0	0	0	0	0	0	0	0	0		
38850000	Consistido	38	38632000	11	11140000	POCO DE PEDRAS	-07:23:53	-036:26:01	430,00	3140,00	12/1994		Curva de descarga	0	0	0	01	01	0	0	0	0	0	0	0	0	0	0	0	0	0	0	0	0	0	0	0	0	0	0	0	0	0	0	0	0	0	0	0	
38850000	Consistido	38	38632000	11	11140000	POCO DE PEDRAS	-07:23:53	-036:26:01	430,00	3140,00	01/1995		Curva de descarga	0	0	0	01	01	0	0	0	0	0	0	0	0	0	0	0	0	0	0	0	0	0	0	0	0	0	0	0	0	0	0	0	0	0	0	0	
38850000	Consistido	38	38632000	11	11140000	POCO DE PEDRAS	-07:23:53	-036:26:01	430,00	3140,00	02/1995		Curva de descarga	21,3	0	2,31	19	01	0	0	0	0	0	0	0	0	9,01	11,6	1,97	0,797	1,01	1,01	1,25	1,25	1,25	4,35	21,3	3,59	1,62	1,1	0,359	0,874	2,08	0,143	0,046	0				
38850000	Consistido	38	38632000	11	11140000	POCO DE PEDRAS	-07:23:53	-036:26:01	430,00	3140,00	03/1995		Curva de descarga	138	0	13	26	01	0	0	0	0	0	0	0	0	0	0	0	0	0	0	0	10,7	1,92	0,772	0,143	0,104	0,104	93,5	10,3	2,6	83,6	138	38	10,7	5,26	3,81	4,51	
38850000	Consistido	38	38632000	11	11140000	POCO DE PEDRAS	-07:23:53	-036:26:01	430,00	3140,00	04/1995		Curva de descarga	43,9	0,011	7,53	06	30	7,89	5,01	2,98	1,92	32,5	43,9	12,2	4,75	2,98	2,42	2,42	21,1	8,22	5,53	12,2	16,1	6,08	18	4,27	4,51	3,17	1,92	1,62	1,48	0,677	0,677	0,588	0,505	0,359	0,011		
38850000	Consistido	38	38632000	11	11140000	POCO DE PEDRAS	-07:23:53	-036:26:01	430,00	3140,00	05/1995		Curva de descarga	140	0	14,1	23	01	0	0	0	0,359	0,296	0,359	0,677	0,429	0,104	0,011	0,011	0	0	0	0	0	0	0	0	35,8	25,6	36,5	140	70,2	52	28,6	24,4	11,1	5,26	4,04	2,42	
38850000	Consistido	38	38632000	11	11140000	POCO DE PEDRAS	-07:23:53	-036:26:01	430,00	3140,00	06/1995		Curva de descarga	1,92	0	0,282	01	21	1,92	0,982	0,677	0,505	0,588	0,505	0,588	0,588	0,505	0,429	0,359	0,296	0,188	0,188	0,046	0,046	0,011	0,011	0,011	0,011	0	0	0	0	0	0	0	0	0	0		
38850000	Consistido	38	38632000	11	11140000	POCO DE PEDRAS	-07:23:53	-036:26:01	430,00	3140,00	07/1995		Curva de descarga	2,08	0	0,143	03	10	0,046	0,588	2,08	0,296	0,772	0,588	0,046	0,011	0,011	0	0	0	0	0	0	0	0	0	0	0	0	0	0	0	0	0	0	0	0	0	0	
38850000	Consistido	38	38632000	11	11140000	POCO DE PEDRAS	-07:23:53	-036:26:01	430,00	3140,00	08/1995		Curva de descarga	0	0	0	01	01	0	0	0	0	0	0	0	0	0	0	0	0	0	0	0	0	0	0	0	0	0	0	0	0	0	0	0	0	0	0	0	
38850000	Consistido	38	38632000	11	11140000	POCO DE PEDRAS	-07:23:53	-036:26:01	430,00	3140,00	09/1995		Curva de descarga	0	0	0	01	01	0	0	0	0	0	0	0	0	0	0	0	0	0	0	0	0	0	0	0	0	0	0	0	0	0	0	0	0	0	0		
38850000	Consistido	38	38632000	11	11140000	POCO DE PEDRAS	-07:23:53	-036:26:01	430,00	3140,00	10/1995		Curva de descarga	0	0	0	01	01	0	0	0	0	0	0	0	0	0	0	0	0	0	0	0	0	0	0	0	0	0	0	0	0	0	0	0	0	0	0	0	
38850000	Consistido	38	38632000	11	11140000	POCO DE PEDRAS	-07:23:53	-036:26:01	430,00	3140,00	11/1995		Curva de descarga	5,01	0	0,201	24	01	0	0	0	0	0	0	0	0	0	0	0	0	0	0	0	0	0	0	0	0	0	0	0	5,01	0,874	0,143	0	0	0	0		
38850000	Consistido	38	38632000	11	11140000	POCO DE PEDRAS	-07:23:53	-036:26:01	430,00	3140,00	12/1995		Curva de descarga	0	0	0	01	01	0	0	0	0	0	0	0	0	0	0	0	0	0	0	0	0	0	0	0	0	0	0	0	0	0	0	0	0	0	0	0	
38850000	Consistido	38	38632000	11	11140000	POCO DE PEDRAS	-07:23:53	-036:26:01	430,00	3140,00	01/1996		Curva de descarga	3,38	0	0,141	23	01	0	0	0	0	0	0	0	0	0	0	0	0	0	0	0	0	0	0	0	0	0	0	3,38	0,982	0	0	0	0	0	0	0	
38850000	Consistido	38	38632000	11	11140000	POCO DE PEDRAS	-07:23:53	-036:26:01	430,00	3140,00	02/1996		Curva de descarga	0	0	0	01	01	0	0	0	0	0	0	0	0	0	0	0	0	0	0	0	0	0	0	0	0	0	0	0	0	0	0	0	0	0			
38850000	Consistido	38	38632000	11	11140000	POCO DE PEDRAS	-07:23:53	-036:26:01	430,00	3140,00	03/1996		Curva de descarga	250	0	7,69	11	01	0	0	3,17	0	24,4	1,92	0,359	0,072	0,011	0	136	23,9	26,8	6,08	2,98	1,77	1,34	0,982	0,677	0,359	3,38	0,588	0,505	0,429	0,429	0,429	0,359	0,296	0,588	0,296	0,296	
38850000	Consistido	38	38632000	11	11140000	POCO DE PEDRAS	-07:23:53	-036:26:01	430,00	3140,00	04/1996		Curva de descarga	55,4	0,072	4,47	29	05	0,296	0,296	0,188	0,188	0,072	1,22	9,94	19	7,89	2,78	2,08	1,48	1,62	2,42	1,48	1,48	1,22	2,78	15,2	3,38	1,77	2,24	5,01	1,77	1,1	0,982	0,588	0,359	35,2	9,94		
38850000	Consistido	38	38632000	11	11140000	POCO DE PEDRAS	-07:23:53	-036:26:01	430,00	3140,00	05/1996		Curva de descarga	16,6	0	1,55	04	19	2,98	1,92	0,677	16,6	8,22	2,42	2,08	2,42	1,92	4,04	1,92	1,34	0,677	0,505	0,296	0,104	0,046	0,011	0	0	0	0	0	0	0	0	0	0	0	0	0	
38850000	Consistido	38	38632000	11	11140000	POCO DE PEDRAS	-07:23:53	-036:26:01	430,00	3140,00	06/1996		Curva de descarga	0	0	0	01	01	0	0	0	0	0	0	0	0	0	0	0	0	0	0	0	0	0	0	0	0	0	0	0	0	0	0	0	0	0	0		
38850000	Consistido	38	38632000	11	11140000	POCO DE PEDRAS	-07:23:53	-036:26:01	430,00	3140,00	07/1996		Curva de descarga	0	0	0	01	01	0	0	0	0	0	0	0	0	0	0	0	0	0	0	0	0	0	0	0	0	0	0	0	0	0	0	0	0	0	0	0	
38850000	Consistido	38	38632000	11	11140000	POCO DE PEDRAS	-07:23:53	-036:26:01	430,00	3140,00	08/1996		Curva de descarga	0	0	0	01	01	0	0	0	0	0	0	0	0	0	0	0	0	0	0	0	0	0	0	0	0	0	0	0	0	0	0	0	0	0	0	0	
38850000	Consistido	38	38632000	11	11140000	POCO DE PEDRAS	-07:23:53	-036:26:01	430,00	3140,00	09/1996		Curva de descarga	0	0	0	01	01	0	0	0	0	0	0	0	0	0	0	0	0	0	0	0	0	0	0	0	0	0	0	0	0	0	0	0	0	0	0		
38850000	Consistido	38	38632000	11	11140000	POCO DE PEDRAS	-07:23:53	-036:26:01	430,00	3140,00	10/1996		Curva de descarga	0	0	0	01	01	0	0	0	0	0	0	0	0	0	0	0	0	0	0	0	0	0	0	0	0	0	0	0	0	0	0	0	0	0	0	0	
38850000	Consistido	38	38632000	11	11140000	POCO DE PEDRAS	-07:23:53	-036:26:01	430,00	3140,00	11/1996		Curva de descarga	0	0	0	01	01	0	0	0	0	0	0	0	0	0	0	0	0	0	0	0	0	0	0	0	0	0	0	0	0	0	0	0	0	0	0		
38850000	Consistido	38	38632000	11	11140000	POCO DE PEDRAS	-07:23:53	-036:26:01	430,00	3140,00	12/1996		Curva de descarga	0	0	0	01	01	0	0	0	0	0	0	0	0	0	0	0	0	0	0	0	0	0	0	0	0	0	0	0	0	0	0	0	0	0	0	0	
38850000	Consistido	38	38632000	11	11140000	POCO DE PEDRAS	-07:23:53	-036:26:01	430,00	3140,00	01/1997		Curva de descarga	1,92	0	0,121	24	01	0	0	0	0	0	0	0	0	0	0	0	0	0	0	0	0	0	0	0	0	0	0	0	1,92	0,982	0,429	0,429	0	0	0	0	
38850000	Consistido	38	38632000	11	11140000	POCO DE PEDRAS	-07:23:53	-036:26:01	430,00	3140,00	02/1997		Curva de descarga	0,982	0	0,042	13	01	0	0	0	0	0	0	0	0	0	0	0	0	0,982	0,143	0,046	0	0	0	0	0	0	0	0	0	0	0	0	0				
38850000	Consistido	38	38632000	11	11140000	POCO DE PEDRAS	-07:23:53	-036:26:01	430,00	3140,00	03/1997		Curva de descarga	181	0	6,74	26	01	0	0	0	0	0	0	0	0	0	0	0	0	0	0	0	0	0	0	0	0	0	0	16,1	1,77	6,66	111	32,5	21,1	12,2	4,51	2,98	
38850000	Consistido	38	38632000	11	11140000	POCO DE PEDRAS	-07:23:53	-036:26:01	430,00	3140,00	04/1997		Curva de descarga	27,4	0	1,28	28	13	5,01	3,59	1,92	1,48	0,982	0,772	0,677	0,429	0,429	0,239	0,072	0,003	0	0,359	4,75	1,92	0,982	0,677	0,429	0,429	0,429	0	0	0	1,48	1,48	1,92	5,26	1,77	0,982		
38850000	Consistido	38	38632000	11	11140000	POCO DE PEDRAS	-07:23:53	-036:26:01	430,00	3140,00	05/1997		Curva de descarga	98,1	0,011	3,15	14	07	0,505	0,239	0,505	0,239	0,072	0,046	0,011	0,046	0,104	0,072	0,046	0,046	0,046	59	17,6	4,75	1,77	0,874	0,874	0,588	0,588	0,588	0,588	0,505	2,6	1,62	1,48	0,588	0,588	0,588	0,588	
38850000	Consistido	38	38632000	11	11140000	POCO DE PEDRAS	-07:23:53	-036:26:01	430,00	3140,00	06/1997		Curva de descarga	0	0	0	01	01	0	0	0	0	0	0	0	0	0	0	0	0	0	0	0	0	0	0	0	0	0	0	0	0	0	0	0	0	0	0		
38850000	Consistido	38	38632000	11	11140000	POCO DE PEDRAS	-07:23:53	-036:26:01	430,00	3140,00	07/1997		Curva de descarga	0	0	0	01	01	0	0	0	0	0	0	0	0	0	0	0	0	0	0	0	0	0	0	0	0	0	0	0	0	0	0	0	0	0	0	0	
38850000	Consistido	38	38632000	11	11140000	POCO DE PEDRAS	-07:23:53	-036:26:01	430,00	3140,00	08/1997		Curva de descarga	0	0	0	01	01	0	0	0	0	0	0	0	0	0	0	0	0	0	0	0	0	0	0	0	0	0	0	0	0	0	0	0	0	0	0	0	
38850000	Consistido	38	38632000	11	11140000	POCO DE PEDRAS	-07:23:53	-036:26:01	430,00	3140,00	09/1997		Curva de descarga	0	0	0	01	01	0	0	0	0	0	0	0	0	0	0	0	0	0	0	0	0	0	0	0	0	0	0	0	0	0	0	0	0	0	0		
38850000	Consistido	38	38632000	11	11140000	POCO DE PEDRAS	-07:23:53	-036:26:01	430,00	3140,00	10/1997		Curva de descarga	0	0	0	01	01	0	0	0	0	0	0	0	0	0	0	0	0	0	0	0	0	0	0	0	0	0	0	0	0	0	0	0	0	0	0	0	
38850000	Consistido	38	38632000	11	11140000	POCO DE PEDRAS	-07:23:53	-036:26:01	430,00	3140,00	11/1997		Curva de descarga	0	0	0	01	01	0	0	0	0	0	0	0	0	0	0	0	0	0	0	0	0	0	0	0	0	0	0	0	0	0	0	0	0	0	0		
38850000	Consistido	38	38632000	11	11140000	POCO DE PEDRAS	-07:23:53	-036:26:01	430,00	3140,00	12/1997		Curva de descarga	0	0	0	01	01	0	0	0	0	0	0	0	0	0	0	0	0	0	0	0	0	0	0	0	0	0	0	0	0	0	0	0	0	0	0	0	
38850000	Consistido	38	38632000	11	11140000	POCO DE PEDRAS	-07:23:53	-036:26:01	430,00	3140,00	01/1998		Curva de descarga	0	0	0	01	01	0	0	0	0	0	0	0	0	0	0	0	0	0	0	0	0	0	0	0	0	0	0	0	0	0	0	0	0	0	0	0	
38850000	Consistido	38	38632000	11	11140000	POCO DE PEDRAS	-07:23:53	-036:26:01	430,00	3140,00	02/1998		Curva de descarga	0	0	0	01	01	0	0	0	0	0	0	0	0	0	0	0	0	0	0	0	0	0	0	0	0	0	0	0	0	0	0	0	0				
38850000	Consistido	38	38632000	11	11140000	POCO DE PEDRAS	-07:23:53	-036:26:01	430,00	3140,00	03/1998		Curva de descarga	0	0	0	01	01	0	0	0	0	0	0	0	0	0	0	0	0	0	0	0	0	0	0	0	0	0	0	0	0	0	0	0	0	0	0	0	
38850000	Consistido	38	38632000	11	11140000	POCO DE PEDRAS	-07:23:53	-036:26:01	430,00	3140,00	04/1998		Curva de descarga	0	0	0	01	01	0	0	0	0	0	0	0	0	0	0	0	0	0	0	0	0	0	0	0	0	0	0	0	0	0	0	0	0	0	0		
38850000	Consistido	38	38632000	11	11140000	POCO DE PEDRAS	-07:23:53	-036:26:01	430,00	3140,00	05/1998		Curva de descarga	0	0	0	01	01	0	0	0	0	0	0	0	0	0	0	0	0	0	0	0	0	0	0	0	0	0	0	0	0	0	0	0	0	0	0	0	
38850000	Consistido	38	38632000	11	11140000	POCO DE PEDRAS	-07:23:53	-036:26:01	430,00	3140,00	06/1998		Curva de descarga	0	0	0	01	01	0	0	0	0	0	0	0	0	0	0	0	0	0	0	0	0	0	0	0	0	0	0	0	0	0	0	0	0	0	0		
38850000	Consistido	38	38632000	11	11140000	POCO DE PEDRAS	-07:23:53	-036:26:01	430,00	3140,00	07/1998		Curva de descarga	0	0	0	01	01	0	0	0	0	0	0	0	0	0	0	0	0	0	0	0	0	0	0	0	0	0	0	0	0	0	0	0	0	0	0	0	
38850000	Consistido	38	38632000	11	11140000	POCO DE PEDRAS	-07:23:53	-036:26:01	430,00	3140,00	08/1998		Curva de descarga	0	0	0	01	01	0	0	0	0	0	0	0	0	0	0	0	0	0	0	0	0	0	0	0	0	0	0	0	0	0	0	0	0	0	0	0	
38850000	Consistido	38	38632000	11	11140000	POCO DE PEDRAS	-07:23:53	-036:26:01	430,00	3140,00	09/1998		Curva de descarga	0	0	0	01	01	0	0	0	0	0	0	0	0	0	0	0	0	0	0	0	0	0	0	0	0	0	0	0	0	0	0	0	0	0	0		
38850000	Consistido	38	38632000	11	11140000	POCO DE PEDRAS	-07:23:53	-036:26:01	430,00	3140,00	10/1998		Curva de descarga	0	0	0	01	01	0	0	0	0	0	0	0	0	0	0	0	0	0	0	0	0	0	0	0	0	0	0	0	0	0	0	0	0	0	0	0	
38850000	Consistido	38	38632000	11	11140000	POCO DE PEDRAS	-07:23:53	-036:26:01	430,00	3140,00	11/1998		Curva de descarga	0	0	0	01	01	0	0	0	0	0	0	0	0	0	0	0	0	0	0	0	0	0	0	0	0	0	0	0	0	0	0	0	0	0	0		
38850000	Consistido	38	38632000	11	11140000	POCO DE PEDRAS	-07:23:53	-036:26:01	430,00	3140,00	12/1998		Curva de descarga	0	0	0	01	01	0	0	0	0	0	0	0	0	0	0	0	0	0	0	0	0	0	0	0	0	0	0	0	0	0	0	0	0	0	0	0	
38850000	Consistido	38	38632000	11	11140000	POCO DE PEDRAS	-07:23:53	-036:26:01	430,00	3140,00	01/1999		Curva de descarga	0	0	0	01	01	0	0	0	0	0	0	0	0	0	0	0	0	0	0	0	0	0	0	0	0	0	0	0	0	0	0	0	0	0	0	0	
38850000	Consistido	38	38632000	11	11140000	POCO DE PEDRAS	-07:23:53	-036:26:01	430,00	3140,00	02/1999		Curva de descarga	0	0	0	01	01	0	0	0	0	0	0	0	0	0	0	0	0	0	0	0	0	0	0	0	0	0	0	0	0	0	0	0	0				
38850000	Consistido	38	38632000	11	11140000	POCO DE PEDRAS	-07:23:53	-036:26:01	430,00	3140,00	03/1999		Curva de descarga	35,2	0	1,24	15	01	0	0	0	0	0	0	0	0	0	0	0	0	0	0	15,6	0,956	0	14,3	4,72	1,42	0,669	0,368	0,308	0,002	0	0	0	0	0	0	0	
38850000	Consistido	38	38632000	11	11140000	POCO DE PEDRAS	-07:23:53	-036:26:01	430,00	3140,00	04/1999		Curva de descarga	0	0	0	01	01	0	0	0	0	0	0	0	0	0	0	0	0	0	0	0	0	0	0	0	0	0	0	0	0	0	0	0	0	0	0		
38850000	Consistido	38	38632000	11	11140000	POCO DE PEDRAS	-07:23:53	-036:26:01	430,00	3140,00	05/1999		Curva de descarga	3,4	0	0,226	24	01	0	0	0	0	0	0	0	0	0	0	0	0	0	0	0	0	0	0,368	0,252	0,06	0	0	0,038	3,4	1,55	0,759	0,308	0,159	0,087	0,038	0	
38850000	Consistido	38	38632000	11	11140000	POCO DE PEDRAS	-07:23:53	-036:26:01	430,00	3140,00	06/1999		Curva de descarga	0,009	0	0	04	01	0	0	0	0,009	0	0	0	0	0	0	0	0	0	0	0	0	0	0	0	0	0	0	0	0	0	0	0	0	0	0		
38850000	Consistido	38	38632000	11	11140000	POCO DE PEDRAS	-07:23:53	-036:26:01	430,00	3140,00	07/1999		Curva de descarga	0	0	0	01	01	0	0	0	0	0	0	0	0	0	0	0	0	0	0	0	0	0	0	0	0	0	0	0	0	0	0	0	0	0	0	0	
38850000	Consistido	38	38632000	11	11140000	POCO DE PEDRAS	-07:23:53	-036:26:01	430,00	3140,00	08/1999		Curva de descarga	0	0	0	01	01	0	0	0	0	0	0	0	0	0	0	0	0	0	0	0	0	0	0	0	0	0	0	0	0	0	0	0	0	0	0	0	
38850000	Consistido	38	38632000	11	11140000	POCO DE PEDRAS	-07:23:53	-036:26:01	430,00	3140,00	09/1999		Curva de descarga	0	0	0	01	01	0	0	0	0	0	0	0	0	0	0	0	0	0	0	0	0	0	0	0	0	0	0	0	0	0	0	0	0	0	0		
38850000	Consistido	38	38632000	11	11140000	POCO DE PEDRAS	-07:23:53	-036:26:01	430,00	3140,00	10/1999		Curva de descarga	0	0	0	01	01	0	0	0	0	0	0	0	0	0	0	0	0	0	0	0	0	0	0	0	0	0	0	0	0	0	0	0	0	0	0	0	
38850000	Consistido	38	38632000	11	11140000	POCO DE PEDRAS	-07:23:53	-036:26:01	430,00	3140,00	11/1999		Curva de descarga	0	0	0	01	01	0	0	0	0	0	0	0	0	0	0	0	0	0	0	0	0	0	0	0	0	0	0	0	0	0	0	0	0	0	0		
38850000	Consistido	38	38632000	11	11140000	POCO DE PEDRAS	-07:23:53	-036:26:01	430,00	3140,00	12/1999		Curva de descarga	5,21	0	0,415	23	01	0	0	0	0	0	0	0	0	0	0	0	0	0	0	0	0	0	0	0	0	0	0	5,21	0,252	0,159	0,159	0	0	0	4,96	2,14	
