0.0400
0.0400
0.0400
0.0400
0.0400
0.0400
0.0400
0.0400
0.0400
0.0400
0.0400
0.0400
0.0400
0.0300
0.0300
0.0300
0.0300
0.0300
0.0300
0.0300
0.0300
0.0300
0.0300
0.0300
0.0300
0.0300
0.0300
0.0300
0.0300
0.0300
0.0300
0.0300
0.0200
0.0200
0.0200
0.0200
0.0200
0.0200
0.0200
0.0200
0.0200
0.0200
0.0200
0.0200
0.0200
0.0200
0.0500
0.0600
0.0600
0.0600
0.0600
0.0600
0.0600
0.0600
0.0600
0.0600
0.0600
0.0600
0.0600
0.0600
0.0600
0.0600
0.0600
0.0600
0.0600
0.0600
0.0600
0.0600
0.8700
1.1800
1.0200
0.8900
0.7700
0.6700
0.5900
0.5200
0.4500
0.4000
0.3600
0.3200
0.2800
0.2500
0.2300
0.2100
0.1900
0.1700
0.1600
0.1500
0.1400
0.1300
0.1200
0.1100
0.1100
0.1000
0.1000
0.0900
0.0900
0.0900
0.0800
0.0800
0.0800
0.0800
0.0800
0.0700
0.0700
0.0700
0.0700
0.0700
0.0700
0.0700
0.0700
0.0700
0.0600
0.0600
0.0600
0.0600
0.0600
0.0600
0.0600
0.0600
0.0600
0.0600
0.0600
0.0600
0.0600
0.0600
0.0600
0.0600
0.0600
0.0500
0.0500
0.0500
0.0500
0.0500
0.0500
0.0500
0.0500
0.2200
0.7500
0.7700
0.7200
0.6300
0.5500
0.4800
0.4300
0.3800
0.3400
0.3000
0.2700
0.2400
0.2200
0.2000
0.4000
0.6300
0.5600
0.5400
0.5000
0.4400
0.4000
0.8100
0.7100
0.6200
0.5400
0.4800
0.4200
0.3800
0.3600
0.5300
0.4700
0.8500
0.9000
0.8900
0.7900
0.7000
0.6100
0.5400
0.4800
0.4200
0.3700
0.3300
0.3000
0.2700
0.2400
0.2200
0.2000
0.1800
0.1700
0.1600
0.1500
0.1400
0.1300
0.1200
0.1200
0.1100
0.1100
0.1000
0.1000
0.0900
0.0900
0.0900
0.0900
0.0800
0.0800
0.0800
0.0800
0.0800
0.0800
0.0700
0.0700
0.0700
0.0700
0.0700
0.0700
0.0700
0.0700
0.0700
0.0700
0.0600
0.0600
0.0600
0.0600
0.0600
0.0600
0.0600
0.0600
0.0600
0.0600
0.0600
0.0600
0.0600
0.0600
0.0500
0.0500
0.0500
0.0500
0.0500
0.0500
0.0500
0.0500
0.0500
0.0500
0.0500
0.0500
0.0500
0.0500
0.0500
0.0500
0.0500
0.0500
0.0400
0.0400
0.0400
0.0400
0.0400
0.0400
0.0400
0.0400
0.0400
0.0400
0.0400
0.0400
0.0400
0.0400
0.0400
0.0400
0.0400
0.0400
0.0400
0.0400
0.0400
0.0400
0.0400
0.0300
0.0300
0.0300
0.0300
0.0300
0.0300
0.0300
0.0300
0.0300
0.0300
0.0300
0.0300
0.0300
0.0300
0.0300
0.0300
0.0300
0.0300
0.0300
0.0300
0.0300
0.0300
0.0300
0.0300
0.0300
0.0300
0.0300
0.0300
0.0300
0.0300
0.0300
0.0200
0.0300
0.0500
0.0600
0.0600
0.0600
0.0600
0.0600
0.0600
0.0600
0.0600
0.0600
0.0600
0.0600
0.0600
0.0600
0.0600
0.0600
0.0600
0.0600
0.0600
0.0600
0.0600
0.0500
0.0500
0.0500
0.0500
0.0500
0.0500
0.0500
0.0500
0.0500
0.0500
0.0500
0.0500
0.0500
0.0500
0.0500
0.0500
0.0500
0.0500
0.0500
0.0500
0.0500
0.0500
0.0500
0.0400
0.0400
0.0400
0.0400
0.0400
0.0400
0.0400
0.0400
0.0400
0.0400
0.0400
0.0400
0.0400
0.0400
0.0400
0.0400
0.0400
0.0400
0.0400
0.0400
0.0400
0.0500
0.0600
0.0600
0.0600
0.0600
0.0600
0.0600
0.0600
0.0600
0.0600
0.0600
0.0600
0.0600
0.0600
0.0600
0.0600
0.0600
0.0600
0.0600
0.0600
0.0600
0.0600
0.0600
0.0600
0.0600
0.0600
0.0700
1.1200
0.9800
0.8600
0.7500
0.6500
0.5700
0.5000
0.4400
0.3900
0.3500
0.3100
0.2800
0.2500
0.2200
0.2000
0.1900
0.1700
0.1600
0.1500
0.1400
0.1300
0.1200
0.1100
0.1100
0.1000
0.1000
0.0900
0.0900
0.0900
0.0900
0.0800
0.0800
0.0800
0.0800
0.0800
0.0700
0.0700
0.0700
0.0700
0.0700
0.0700
0.0700
0.0700
0.0700
0.0600
0.0600
0.0600
0.0600
0.0600
0.0600
0.0600
0.0600
0.0600
0.0600
0.0600
0.0600
0.0600
0.0500
0.1100
0.1400
0.5700
0.5000
0.4400
0.3900
0.3400
0.3100
0.2800
0.2500
0.2200
0.2000
0.1900
0.1700
0.1600
0.1500
0.1400
0.1300
0.1200
0.1200
0.1100
0.1100
0.1000
0.1000
0.1400
0.1900
0.1800
0.1800
0.1600
0.1500
0.1400
0.1400
0.1300
0.1200
0.1200
0.1100
0.1100
0.1000
0.1000
0.1000
0.1000
0.0900
0.0900
0.0900
0.0900
0.0900
0.0900
0.0800
0.0800
0.0800
0.0800
0.0800
0.0800
0.0800
0.0800
0.0800
0.1000
0.1200
0.3200
0.3100
0.2800
0.2500
0.2300
0.2100
0.1900
0.1800
0.2100
0.1900
0.1700
0.1600
0.1500
0.1400
0.1300
0.1300
0.1200
0.1200
0.1100
0.1100
0.1000
0.1000
0.1000
0.0900
0.0900
0.0900
0.0900
0.0900
0.0800
0.0800
0.0800
0.0800
0.0800
0.0800
0.0800
0.0800
0.0800
0.0700
0.0700
0.0700
0.0700
0.0700
0.0700
0.0700
0.0700
0.0700
0.0700
0.0700
0.0700
0.0600
0.0600
0.0600
0.0600
0.0600
0.0600
0.0600
0.0700
0.0700
0.0700
0.0700
0.0700
0.0700
0.0700
0.0700
0.0700
0.0700
0.0700
0.0700
0.0700
0.0700
0.0700
0.0700
0.0700
0.0700
0.0700
0.0600
0.0600
0.0600
0.0600
0.0600
0.0600
0.0600
0.0600
0.0600
0.0600
0.0600
0.0600
0.0800
0.0800
0.0800
0.0800
0.0800
0.0800
0.0800
1.5700
1.8300
1.6200
1.4000
1.2200
1.0500
0.9200
0.8000
0.6900
0.6100
0.5300
0.4700
0.4100
0.3700
0.3200
0.2900
0.2600
0.2300
0.2100
0.1900
0.1800
0.1600
0.1500
0.1400
0.1300
0.1200
0.1100
0.1100
0.1000
0.1000
0.0900
0.0900
0.0900
0.0800
0.0800
0.0400
0.0400
0.0400
0.0400
0.0400
0.0400
0.1100
0.1100
0.1000
0.2400
0.2200
0.2000
0.1800
0.1700
0.1600
0.1500
0.1400
0.2400
2.3500
2.0800
1.9100
1.6500
1.4200
1.2300
1.0700
0.9300
0.8100
0.7000
0.6200
0.5400
0.4700
0.4200
0.3700
0.3300
0.2900
0.2600
0.2400
0.2100
0.1900
0.1800
0.1600
0.1500
0.1400
0.1300
0.1200
0.1100
0.1100
0.1000
0.1000
0.0900
0.0900
0.0900
0.0800
0.0800
0.0800
0.0800
0.0800
0.0700
0.0700
0.0700
0.0700
0.0700
0.0700
0.0700
0.0700
0.0600
0.0600
0.0600
0.0600
0.0600
0.0600
0.0600
0.0600
0.0600
0.0600
0.0600
0.0600
0.0500
0.0500
0.0500
0.0500
0.0500
0.0500
0.0500
0.0500
0.0500
0.0500
0.0500
0.0500
0.0500
0.0500
0.0500
0.0500
0.0500
0.0500
0.0400
0.0400
0.0400
0.0400
0.0400
0.0400
0.0400
0.0400
0.0400
0.0400
0.0400
0.0400
0.0400
0.0400
0.0400
0.0400
0.0400
0.0400
0.0300
0.0300
0.0300
0.0300
0.0300
0.0300
0.0300
0.0300
0.0300
0.0300
0.0300
0.0300
0.0300
0.0300
0.0300
0.0300
0.0300
0.0300
0.0200
0.0200
0.0200
0.0200
0.0200
0.0200
0.0200
0.0200
0.0200
0.0200
0.0200
0.0200
0.0200
0.0200
0.0200
0.0200
0.0200
0.0200
0.0200
0.0200
0.0200
0.0200
0.0200
0.0200
0.0200
0.0200
0.0200
0.0200
0.0200
0.0200
0.0200
0.0200
0.0100
0.0100
0.0100
0.0100
0.0100
0.0100
0.0100
0.0100
0.0100
0.0100
0.0100
0.0100
0.0100
0.0100
0.0100
0.0100
0.0100
0.0100
0.0100
0.0100
0.0100
0.0100
0.0100
0.0100
0.0100
0.0100
0.0100
0.0100
0.0100
0.0100
0.0100
0.0100
0.0100
0.0000
0.0200
0.0300
0.0300
0.0300
0.0300
0.0300
0.0500
0.0500
0.0500
0.0600
0.0600
0.0600
0.0600
0.0600
0.0600
0.0600
0.0600
0.0600
0.0600
0.0600
0.0600
0.0600
0.0600
0.0600
0.0600
0.0600
0.0600
0.0600
0.0600
0.0600
0.0600
0.0500
0.0500
0.0500
0.0500
0.0500
0.0500
0.0500
0.0500
0.0500
0.0500
0.0500
0.0500
0.0500
0.0500
0.0500
0.0500
0.0500
0.0500
0.0500
0.0500
0.0500
0.0500
0.0400
0.0400
0.0400
0.0400
0.0400
0.0400
0.0400
0.0400
0.0400
0.0400
0.0400
0.0400
0.0400
0.0400
0.0400
0.0400
0.0400
0.0400
0.0400
0.0400
0.0400
0.0400
0.0400
0.0600
0.0700
0.0700
0.0700
0.0700
0.0700
0.0700
0.0700
0.0700
0.0700
0.0700
0.0700
0.0700
0.0700
0.0700
0.0700
0.0700
0.0700
0.0700
0.0700
0.0700
0.0700
0.0700
0.0800
0.2800
0.2800
0.3000
0.3000
0.2800
0.2500
0.2300
0.2100
0.1900
0.1800
0.1600
0.1500
0.1400
0.1300
0.1300
0.1200
0.1100
0.1100
0.1100
0.1000
0.1000
0.6000
0.8000
0.7000
0.6200
0.5400
0.4800
0.4200
0.3700
0.3300
0.3000
0.3700
0.3400
0.3100
0.2800
0.2500
0.2300
0.2100
0.1900
0.1700
0.1600
0.1500
0.1400
0.1300
0.1300
0.1200
0.1100
0.1100
0.1000
0.1000
0.1000
0.0900
0.0900
0.0900
0.0900
0.4400
0.3900
0.3400
0.3100
0.2800
0.2500
0.2300
0.2000
0.1900
0.1700
0.1600
0.1500
0.1400
0.1300
0.1200
0.1200
0.1100
0.1100
0.1000
0.1000
0.1000
0.0900
0.0900
0.0900
0.0900
0.0800
0.0800
0.0800
0.0800
0.0800
0.0800
0.0700
0.0700
0.0700
0.0700
0.0700
0.0700
0.0700
0.0700
0.0700
0.0700
0.0600
0.0600
0.0600
0.0600
0.0600
0.0600
0.0600
0.0600
0.0600
0.0600
0.0600
0.0600
0.0600
0.0600
0.0600
0.0500
0.0500
0.0500
0.0500
0.0500
0.0500
0.0500
0.0500
0.0500
0.0500
0.0500
0.0500
0.0500
0.0500
0.0500
0.0500
0.0400
0.0400
0.0400
0.0500
0.0500
0.0500
0.0500
0.0500
0.0500
0.0500
0.0500
0.0500
0.0500
0.0500
0.0600
0.0600
0.0600
0.0600
0.0600
0.0600
0.0600
0.0600
0.0600
0.0600
0.0500
0.0500
0.0900
0.4600
1.2400
1.8200
1.9300
1.6700
1.4400
1.2500
1.0800
0.9400
0.8200
0.7100
0.6200
0.5500
0.4800
0.4200
0.3700
0.3300
0.3000
0.2700
0.2400
0.2200
0.2000
0.1900
0.1700
0.1600
0.1500
0.1400
0.1300
0.1200
0.1200
0.1100
0.1100
0.1000
0.1000
0.1000
0.0900
0.0900
0.0900
0.0900
0.0800
0.0800
0.0800
0.0800
0.0800
0.0800
0.0800
0.0700
0.0700
0.1900
0.1700
0.1600
0.1500
0.1400
0.1300
0.1200
0.1200
0.1100
0.1100
0.1000
0.1000
0.1000
0.0900
0.0900
0.0900
0.0900
0.0900
0.0800
0.0800
0.0800
0.0800
0.0800
0.0800
0.0800
0.0800
0.0700
0.0700
0.0700
0.0700
0.0700
0.0700
0.0700
0.0700
0.0700
0.0700
0.0700
0.0700
0.0600
0.0600
0.0600
0.0600
0.0600
0.0600
0.0600
0.0600
0.0600
0.0700
0.0700
0.0700
0.0700
0.0700
0.0700
0.0700
0.0600
0.0600
0.0600
0.0600
0.0600
0.0600
0.0600
0.0600
0.0600
0.0600
0.0600
0.0600
0.0600
0.0600
0.0600
0.0600
0.0600
0.0600
0.0600
0.0500
0.0500
0.0500
0.0500
0.1700
0.1600
0.1500
0.1400
0.1300
0.1200
0.1200
0.1100
0.1100
0.1000
0.1000
0.0900
0.0900
0.0900
0.0900
0.0900
0.0800
0.0800
0.0800
0.0800
0.0800
0.0800
0.0800
0.0700
0.0700
0.0700
0.0700
0.0700
0.0700
0.0700
0.0700
0.0700
0.0700
0.0700
0.0700
0.0700
0.0600
0.0600
0.0600
0.0600
0.0600
0.0600
0.0600
0.0600
0.0600
0.0600
0.0600
0.0600
0.0600
0.0600
0.0600
0.0500
0.0500
0.0600
0.0700
0.0700
0.0700
0.0700
0.0700
0.0700
0.0700
0.0700
0.0700
0.0700
0.0700
0.0700
