0.0872
0.0872
0.0872
0.0872
0.0769
0.0760
0.0760
0.0760
0.0760
0.0760
0.0703
0.0659
0.0659
0.0659
0.0659
0.0659
0.0659
0.0659
0.0659
0.0659
0.0659
0.0623
0.0549
0.0549
0.0549
0.0549
0.0549
0.0549
0.0549
0.0955
0.1184
0.1709
0.1595
0.1276
0.1129
0.0997
0.0997
0.0878
0.0872
0.0919
0.0930
0.0772
0.0694
0.0659
0.0735
0.0775
0.2564
0.3108
0.2394
0.2310
0.2070
0.1994
0.1846
0.1744
0.1643
0.1643
0.1643
0.1495
0.1457
0.1457
0.1427
0.1289
0.1289
0.1289
0.1249
0.1136
0.1136
0.1136
0.9660
2.4256
1.7983
1.3841
1.0877
0.8828
0.7313
0.6121
0.5177
0.4532
0.4142
0.3790
0.3431
0.3052
0.2780
0.2574
0.2348
0.2256
0.2068
0.1902
0.1792
0.1643
0.1643
0.1481
0.1457
0.1400
0.1289
0.1289
0.1260
0.1136
0.1136
0.1136
0.1064
0.0997
0.0997
0.0997
0.0997
0.0942
0.0872
0.0872
0.0872
0.0842
0.0760
0.0760
0.0760
0.0760
0.0734
0.0659
0.2582
0.1766
0.1313
0.1127
0.0997
0.0948
0.0872
0.0872
0.0785
0.0760
0.0760
0.0760
0.0750
0.0661
0.0657
0.0659
0.0659
0.0659
0.0659
0.0659
0.0745
0.3987
1.0286
1.7571
1.2877
1.0504
0.8830
0.7623
0.6587
0.5815
0.5195
0.4685
0.4270
0.3934
0.3718
0.3507
0.5481
0.9740
0.8340
0.7446
0.7501
0.7308
0.6890
0.8504
1.5254
1.1709
1.0835
0.9977
0.8936
0.8114
0.7425
1.0411
0.8706
1.3531
2.0505
1.9405
1.9405
1.7996
1.6452
1.4651
1.3156
1.1425
1.0313
0.9238
0.8429
0.7730
0.7024
0.6371
0.5752
0.5179
0.4768
0.4508
0.4091
0.3748
0.3287
0.3171
0.3063
0.2860
0.2771
0.2574
0.2398
0.2310
0.2182
0.2068
0.2068
0.1872
0.1846
0.1846
0.1659
0.1643
0.1583
0.1457
0.1417
0.1335
0.1289
0.1292
0.1302
0.1289
0.1249
0.1136
0.1136
0.1136
0.1136
0.1136
0.1016
0.0997
0.0997
0.0997
0.0997
0.0997
0.1039
0.1198
0.1136
0.1093
0.0997
0.0970
0.0872
0.0872
0.0872
0.0872
0.0872
0.0803
0.0760
0.0760
0.0760
0.0760
0.0760
0.0760
0.0705
0.0659
0.0659
0.0659
0.0659
0.0659
0.0659
0.0659
0.0659
0.0659
0.0659
0.0659
0.0563
0.0549
0.0549
0.0549
0.0549
0.0549
0.0549
0.0549
0.0549
0.0549
0.0549
0.0549
0.0513
0.0506
0.0506
0.0506
0.0506
0.0515
0.0510
0.0515
0.0549
0.0546
0.0526
0.0506
0.0506
0.0506
0.0506
0.0506
0.0506
0.0506
0.0506
0.0506
0.0506
0.0506
0.0506
0.0506
0.0506
0.0491
0.0478
0.0491
0.0492
0.0486
0.0504
0.0493
0.0464
0.0464
0.0524
0.0684
0.2602
0.1419
0.4833
0.2469
0.2109
0.1875
0.1644
0.1470
0.1457
0.1321
0.1289
0.1289
0.1172
0.1136
0.1136
0.1068
0.0997
0.0997
0.0997
0.0994
0.0888
0.0872
0.0872
0.0852
0.0705
0.0659
0.0659
0.0659
0.0659
0.0659
0.0659
0.0659
0.0659
0.0659
0.0659
0.0659
0.0660
0.0671
0.0651
0.0562
0.0566
0.0557
0.0549
0.0549
0.0549
0.0549
0.0549
0.0549
0.0549
0.0549
0.0549
0.0549
0.0549
0.0548
0.0508
0.0506
0.0506
0.0506
0.0506
0.0506
0.0506
0.0506
0.0506
0.0506
0.0506
0.0506
0.1500
0.6437
0.2389
0.1892
0.1639
0.1459
0.1400
0.1289
0.1289
0.1219
0.1136
0.1185
0.1289
0.1286
0.1146
0.1136
0.1136
0.1042
0.0997
0.0997
0.0997
0.0997
0.0997
0.0871
0.0708
0.0659
0.0906
2.4929
1.6551
1.1586
0.9478
0.8891
0.7506
0.6383
0.5589
0.5038
0.4604
0.4239
0.3871
0.3547
0.3305
0.3127
0.2860
0.2700
0.2574
0.2378
0.2310
0.2158
0.2015
0.1846
0.1846
0.1760
0.1643
0.1643
0.1483
0.1457
0.1457
0.1362
0.1289
0.1289
0.1289
0.1289
0.1168
0.1136
0.1136
0.1136
0.1136
0.1136
0.1076
0.0997
0.0997
0.0997
0.0997
0.0997
0.0923
0.0872
0.0872
0.0872
0.0877
0.0872
0.0872
0.0872
0.0785
0.0760
0.0761
0.3356
0.2368
0.7698
0.5843
0.4451
0.4002
0.3497
0.3166
0.2860
0.2654
0.2473
0.2310
0.2164
0.2068
0.1967
0.1846
0.1761
0.1643
0.1643
0.1550
0.1457
0.1457
0.1457
0.1585
0.2430
0.2850
0.2425
0.2310
0.2310
0.2080
0.2068
0.2068
0.1916
0.1846
0.1846
0.1846
0.1696
0.1643
0.1643
0.1643
0.1537
0.1447
0.1453
0.1317
0.1289
0.1289
0.1289
0.1241
0.1136
0.1136
0.1136
0.1136
0.1128
0.1002
0.0997
0.1095
0.1560
0.2358
0.2382
0.3108
0.2428
0.2190
0.2068
0.2068
0.1942
0.1846
0.2108
0.2151
0.1994
0.1846
0.1846
0.1733
0.1643
0.1643
0.1643
0.1643
0.1632
0.1460
0.1457
0.1457
0.1457
0.1450
0.1313
0.1289
0.1289
0.1289
0.1208
0.1136
0.1136
0.1136
0.1136
0.0798
0.0753
0.0753
0.0753
0.0753
0.0676
0.0667
0.0672
0.0667
0.0667
0.0667
0.0667
0.0614
0.0589
0.0589
0.0589
0.0589
0.0589
0.0589
0.0536
0.0518
0.0518
0.0518
0.0907
0.1148
0.0819
0.0736
0.0667
0.0653
0.0589
0.0589
0.0589
0.0589
0.0589
0.0571
0.0518
0.0518
0.0518
0.0518
0.0518
0.0518
0.0518
0.0518
0.0508
0.0456
0.0454
0.0454
0.0454
0.0454
0.0448
0.0423
0.0396
0.0395
0.0664
0.1446
0.1431
0.1013
0.0918
0.0951
0.1164
0.1005
1.1814
3.4895
2.2827
1.6285
1.1363
0.8784
0.7319
0.6235
0.5411
0.4681
0.4074
0.3681
0.3376
0.3090
0.2846
0.2596
0.2348
0.2194
0.2103
0.1952
0.1830
0.1715
0.1609
0.1609
0.1467
0.1456
0.1394
0.1314
0.1302
0.1183
0.1183
0.1136
0.1061
0.1026
0.0950
0.0950
0.0950
0.0950
0.1034
0.1064
0.5957
0.4316
0.6100
0.3632
0.5738
0.3936
0.3483
0.3234
0.2999
0.2800
0.2604
0.2606
0.2456
7.3536
2.8206
2.0372
1.5598
1.1167
0.8964
0.7605
0.6455
0.5758
0.5071
0.4459
0.4041
0.3700
0.3388
0.3141
0.2926
0.2723
0.2566
0.2355
0.2255
0.2143
0.2032
0.1952
0.1801
0.1775
0.1775
0.1775
0.1775
0.1688
0.1609
0.1594
0.1456
0.1456
0.1501
0.1369
0.1311
0.1189
0.1183
0.1183
0.1163
0.1175
0.1077
0.1061
0.1061
0.1061
0.1058
0.1000
0.1061
0.0988
0.0950
0.0950
0.0950
0.0851
0.0847
0.0847
0.0847
0.0847
0.0847
0.0847
0.0798
0.0755
0.0753
0.0753
0.0753
0.0753
0.0753
0.0753
0.0734
0.0732
0.0670
0.0667
0.0667
0.0677
0.0713
0.0667
0.0667
0.0660
0.0667
0.0661
0.0600
0.0589
0.0589
0.0589
0.0589
0.0589
0.0589
0.0589
0.0589
0.0529
0.0518
0.0518
0.0518
0.0518
0.0518
0.0518
0.0518
0.0518
0.0518
0.0518
0.0518
0.0518
0.0518
0.0518
0.0518
0.0518
0.0496
0.0454
0.0454
0.0461
0.0524
0.0566
0.0518
0.0518
0.0518
0.0518
0.0518
0.0518
0.0498
0.0457
0.0454
0.0454
0.0454
0.0454
0.0454
0.0454
0.0454
0.0454
0.0454
0.0454
0.0454
0.0454
0.0454
0.0454
0.0454
0.0454
0.0454
0.0444
0.0444
0.0454
0.0454
0.0454
0.0437
0.0395
0.0395
0.0395
0.0395
0.0395
0.0395
0.0395
0.0395
0.0395
0.0395
0.0395
0.0395
0.0395
0.0400
0.0395
0.0395
0.0395
0.0395
0.0395
0.0407
0.0395
0.0395
0.0395
0.0395
0.0395
0.0395
0.0395
0.0395
0.0395
0.0395
0.0395
0.0425
0.0641
0.0662
0.0838
0.0537
0.0523
0.1061
0.1663
0.0923
0.0810
0.0748
0.0667
0.2034
0.1543
0.1215
0.1149
0.1061
0.0968
0.0950
0.0884
0.0847
0.0847
0.0801
0.0753
0.0753
0.0752
0.0669
0.0667
0.0667
0.0667
0.0624
0.0589
0.0589
0.0589
0.0589
0.0589
0.0589
0.0589
0.0589
0.0546
0.0518
0.0518
0.0518
0.0518
0.0518
0.0518
0.0518
0.0480
0.0454
0.0454
0.0455
0.0454
0.0455
0.0454
0.0454
0.0454
0.0454
0.0454
0.0454
0.0454
0.0454
0.0510
0.0518
0.0517
0.0457
0.0454
0.0454
0.0454
0.0454
0.0454
0.0454
0.0428
0.0395
0.0395
0.0395
0.0395
0.0395
0.0395
0.0395
0.0395
0.0395
0.0395
0.3521
0.2575
0.1966
0.1671
0.1484
0.1336
0.1237
0.1183
0.1094
0.1061
0.1061
0.0969
0.0950
0.0950
0.0889
0.0900
0.0855
0.0847
0.0847
0.0763
0.0753
0.0753
0.0771
0.1277
0.2022
0.2397
0.2200
0.2442
0.2800
0.2640
0.2566
0.2457
0.2346
0.2168
0.2128
0.1955
0.1877
0.1775
0.1678
0.1609
0.1588
0.1456
0.1444
0.1317
0.1314
0.2956
0.6849
0.4775
0.4178
0.3894
0.3624
0.3334
0.3075
0.2849
0.2640
0.2734
0.3428
0.2837
0.2528
0.2348
0.2184
0.2089
0.1952
0.1928
0.1775
0.1775
0.1671
0.1609
0.1521
0.1456
0.1456
0.1379
0.1314
0.1383
0.1346
0.1314
0.1314
0.1392
0.1314
0.3228
0.2783
0.2101
0.1922
0.1775
0.1692
0.1609
0.1567
0.1456
0.1456
0.1456
0.1364
0.1314
0.1314
0.1281
0.1183
0.1183
0.1183
0.1114
0.1061
0.1061
0.1061
0.1061
0.1000
0.0950
0.0950
0.0950
0.0950
0.0930
0.0847
0.0847
0.0847
0.0832
0.0753
0.0753
0.0753
0.0753
0.0753
0.0722
0.0667
0.0667
0.0667
0.0667
0.0681
0.0667
0.0667
0.0590
0.0589
0.0589
0.0649
0.0667
0.0667
0.0611
0.0589
0.0533
0.0518
0.0518
0.0518
0.0518
0.0518
0.0518
0.0518
0.0518
0.0518
0.0518
0.0490
0.0454
0.0454
0.0454
0.0454
0.0454
0.0454
0.0454
0.0454
0.0457
0.2617
0.2644
0.1361
0.1248
0.1140
0.1061
0.0987
0.0945
0.0847
0.0847
0.0820
0.0919
0.1062
0.0952
0.0895
0.0847
0.0847
0.0847
0.0847
0.0847
0.0823
0.0795
0.0842
0.0884
0.5277
1.1096
2.7172
3.9542
2.4847
1.8717
1.4123
1.1702
1.0258
0.8644
0.7455
0.6759
0.6097
0.5597
0.5137
0.4777
0.4491
0.4215
0.3904
0.3754
0.3978
0.3600
0.3329
0.3242
0.3050
0.3001
0.2800
0.2800
0.2789
0.2566
0.2637
0.2566
0.2468
0.2348
0.2309
0.2143
0.2143
0.2143
0.2034
0.1952
0.1952
0.1952
0.1905
0.1775
0.1775
0.1775
0.1775
0.2036
0.4825
0.2826
0.2589
0.2446
0.2175
0.2143
0.2128
0.1952
0.1952
0.1819
0.1775
0.1775
0.1775
0.1775
0.1634
0.1609
0.1609
0.1609
0.1609
0.1536
0.1456
0.1456
0.1456
0.1456
0.1456
0.1454
0.1318
0.1314
0.1314
0.1314
0.1314
0.1314
0.1314
0.1203
0.1183
0.1183
0.1183
0.1183
0.1183
0.1180
0.1158
0.1183
0.1183
0.1176
0.1129
0.1144
0.1767
0.4662
0.2245
0.1939
0.1688
0.1587
0.1465
0.1456
0.1456
0.1345
0.1314
0.1267
0.1183
0.1183
0.1183
0.1183
0.1183
0.1183
0.1183
0.1183
0.1183
0.1183
0.1102
0.1061
0.1061
0.1061
0.1061
0.1061
0.1061
0.1058
0.1064
0.3238
0.2683
0.2147
0.1989
0.1833
0.1748
0.1609
0.1609
0.1538
0.1456
0.1354
0.1314
0.1314
0.1314
0.1255
0.1183
0.1137
0.1062
0.1068
0.1094
0.1061
0.1061
0.1061
0.1061
0.1061
0.1061
0.1061
0.1061
0.1061
0.1061
0.1061
0.1061
0.1057
0.0965
0.0950
0.0950
0.0950
0.0950
0.0950
0.0950
0.0950
0.0919
0.0847
0.0852
0.0949
0.0912
0.0857
0.0941
0.0950
0.0950
0.1514
0.1336
0.1765
0.2100
0.2443
0.1879
0.1657
0.1539
0.1456
0.1368
0.1314
0.1263
0.1183
0.1183
0.1174
0.1061
