0.0600
0.0600
0.0600
0.0600
0.0600
0.0600
0.0600
0.0600
0.0600
0.0600
0.0600
0.0600
0.0600
0.0600
0.0600
0.0600
0.0600
0.0600
0.0600
0.0600
0.0600
0.0600
0.0600
0.0600
0.0600
0.0600
0.0600
0.0600
0.0600
0.0600
0.0600
0.0600
0.0600
0.0600
0.0600
0.0600
0.0600
0.0600
0.0600
0.0600
0.0600
0.0600
0.0600
0.0600
0.0600
0.0600
1.8600
1.7000
1.5500
1.4200
1.3000
1.1900
1.0900
1.0000
0.9100
0.8300
0.7600
0.7000
0.6400
0.5900
0.5400
0.5000
0.4600
0.4200
0.3900
0.3600
0.3300
0.3100
4.7400
5.8400
5.3100
4.8400
4.4100
4.0100
3.6600
3.3300
3.0400
2.7700
2.5200
2.3000
2.1000
1.9100
1.7500
1.5900
1.4500
1.3300
1.2100
1.1100
1.0100
0.9300
0.8500
0.7800
0.7100
0.6500
0.6000
0.5500
0.5100
0.4700
0.4300
0.4000
0.3700
0.3400
0.3100
0.2900
0.2700
0.2500
0.2300
0.2200
0.2000
0.1900
0.1800
0.1700
0.1600
0.1500
0.1400
0.1300
0.1300
0.1200
0.1200
0.1100
0.1100
0.1000
0.1000
0.1000
0.0900
0.0900
0.0900
0.0800
0.0800
0.0800
0.0800
0.0800
0.0700
0.0700
0.0700
0.0700
0.0700
2.4400
4.4000
4.2100
3.8400
3.5000
3.1900
2.9100
2.6500
2.4200
2.2000
2.0100
1.8300
1.6700
1.5300
1.3900
2.3400
3.0200
2.7500
2.5200
2.3000
2.1000
1.9200
3.3000
3.0100
2.7400
2.5000
2.2800
2.0800
1.8900
1.8000
2.2900
2.0800
3.4200
3.5000
3.3700
3.0700
2.8000
2.5500
2.3300
2.1300
1.9400
1.7700
1.6200
1.4800
1.3500
1.2300
1.1300
1.0300
0.9400
0.8600
0.7900
0.7200
0.6600
0.6100
0.5600
0.5100
0.4700
0.4400
0.4000
0.3700
0.3400
0.3200
0.2900
0.2700
0.2500
0.2400
0.2200
0.2100
0.1900
0.1800
0.1700
0.1600
0.1500
0.1400
0.1400
0.1300
0.1200
0.1200
0.1100
0.1100
0.1000
0.1000
0.1000
0.0900
0.0900
0.0900
0.0900
0.0800
0.0800
0.0800
0.0800
0.0800
0.0700
0.0700
0.0700
0.0700
0.0700
0.0700
0.0700
0.0700
0.0700
0.0700
0.0700
0.0700
0.0700
0.0600
0.0600
0.0600
0.0600
0.0600
0.0600
0.0600
0.0600
0.0600
0.0600
0.0600
0.0600
0.0600
0.0600
0.0600
0.0600
0.0600
0.0600
0.0600
0.0600
0.0600
0.0600
0.0600
0.0600
0.0600
0.0600
0.0600
0.0600
0.0600
0.0600
0.0600
0.0600
0.0600
0.0600
0.0600
0.0600
0.0600
0.0600
0.0600
0.0600
0.0600
0.0600
0.0600
0.0600
0.0600
0.0600
0.0600
0.0600
0.0600
0.0600
0.0600
0.0600
0.0600
0.0600
0.0600
0.0600
0.0600
0.0600
0.0600
0.0600
0.0600
0.0600
0.4600
1.1000
1.4500
1.3300
1.2100
1.1100
1.0200
0.9300
0.8500
0.7800
0.7100
0.6600
0.6000
0.5500
0.5100
0.4700
0.4300
0.4000
0.3700
0.3400
0.3100
0.2900
0.2700
0.2500
0.2300
0.2200
0.2000
0.1900
0.1800
0.1700
0.1600
0.1500
0.1400
0.1400
0.1300
0.1200
0.1200
0.1100
0.1100
0.1000
0.1000
0.1000
0.0900
0.0900
0.0900
0.0800
0.0800
0.0800
0.0800
0.0800
0.0800
0.0700
0.0700
0.0700
0.0700
0.0700
0.0700
0.0700
0.0700
0.0700
0.0700
0.0700
0.0700
0.0700
0.0600
0.0600
0.9900
1.3600
1.2400
1.1300
1.0400
0.9500
0.8700
0.8000
0.7300
0.6700
0.6100
0.5600
0.5200
0.4800
0.4400
0.4100
0.3700
0.3500
0.3200
0.3000
0.2800
0.2600
0.2400
0.2200
0.2100
0.1900
1.1600
5.6800
5.1800
4.7200
4.3000
3.9100
3.5700
3.2500
2.9600
2.7000
2.4600
2.2400
2.0500
1.8700
1.7000
1.5600
1.4200
1.3000
1.1900
1.0800
0.9900
0.9100
0.8300
0.7600
0.7000
0.6400
0.5900
0.5400
0.5000
0.4600
0.4200
0.3900
0.3600
0.3300
0.3100
0.2900
0.2700
0.2500
0.2300
0.2200
0.2000
0.1900
0.1800
0.1700
0.1600
0.1500
0.1400
0.1300
0.1300
0.1200
0.1200
0.1100
0.1100
0.1000
0.1000
0.1000
0.0900
0.0900
0.0900
1.7700
1.9100
3.2700
2.9800
2.7200
2.4800
2.2600
2.0600
1.8800
1.7200
1.5700
1.4300
1.3100
1.2000
1.0900
1.0000
0.9100
0.8400
0.7700
0.7000
0.6500
0.5900
0.5500
0.5600
1.0200
1.0200
0.9400
0.8600
0.7900
0.7200
0.6600
0.6100
0.5600
0.5200
0.4700
0.4400
0.4000
0.3700
0.3400
0.3200
0.3000
0.2700
0.2600
0.2400
0.2200
0.2100
0.1900
0.1800
0.1700
0.1600
0.1500
0.1400
0.1400
0.1300
0.1200
0.1200
0.8500
0.8800
1.4200
1.3000
1.1900
1.0900
1.0000
0.9100
0.8400
0.7700
0.9300
0.8600
0.7800
0.7200
0.6600
0.6100
0.5600
0.5100
0.4700
0.4300
0.4000
0.3700
0.3400
0.3200
0.2900
0.2700
0.2500
0.2400
0.2200
0.2100
0.1900
0.1800
0.1700
0.1600
0.1500
0.1400
0.1400
0.1300
0.1200
0.1200
0.1100
0.1100
0.1100
0.1000
0.1000
0.0900
0.0900
0.0900
0.0900
0.0800
0.0800
0.0800
0.0800
0.0800
0.0800
0.0800
0.0700
0.0700
0.8900
0.8200
0.7500
0.6900
0.6300
0.5800
0.5300
0.4900
0.4500
0.4200
0.3800
0.3600
0.3300
0.3000
0.2800
0.2600
0.2500
0.2300
0.2100
0.2000
0.1900
0.1800
0.1700
0.1600
0.1500
0.1400
0.1300
0.1300
0.1200
0.1200
0.1200
1.0800
0.9900
0.9000
0.8300
0.8800
0.8100
0.7400
6.7900
7.8800
7.1900
6.5400
5.9600
5.4200
4.9400
4.5000
4.1000
3.7300
3.4000
3.1000
2.8300
2.5800
2.3500
2.1400
1.9600
1.7800
1.6300
1.4900
1.3600
1.2400
1.1400
1.0400
0.9500
0.8700
0.8000
0.7300
0.6700
0.6200
0.5700
0.5200
0.4800
0.4400
0.4100
0.0600
0.0600
0.0600
0.0600
0.0600
0.0600
1.9600
1.8600
1.7000
2.1000
1.9100
1.7500
1.5900
1.4500
1.3300
1.2100
1.1100
1.5100
9.4300
8.6000
8.0200
7.3000
6.6500
6.0500
5.5100
5.0200
4.5700
4.1600
3.7900
3.4500
3.1500
2.8700
2.6100
2.3800
2.1700
1.9800
1.8100
1.6500
1.5100
1.3800
1.2600
1.1500
1.0500
0.9600
0.8800
0.8100
0.7400
0.6800
0.6200
0.5700
0.5200
0.4800
0.4400
0.4100
0.3800
0.3500
0.3200
0.3000
0.2800
0.2600
0.2400
0.2200
0.2100
0.2000
0.1800
0.1700
0.1600
0.1500
0.1400
0.1400
0.1300
0.1200
0.1200
0.1100
0.1100
0.1000
0.1000
0.1000
0.0900
0.0900
0.0900
0.0800
0.0800
0.0800
0.0800
0.0800
0.0700
0.0700
0.0700
0.0700
0.0700
0.0700
0.0700
0.0700
0.0700
0.0700
0.0700
0.0600
0.0600
0.0600
0.0600
0.0600
0.0600
0.0600
0.0600
0.0600
0.0600
0.0600
0.0600
0.0600
0.0600
0.0600
0.0600
0.0600
0.0600
0.0600
0.0600
0.0600
0.0600
0.0600
0.0600
0.0600
0.0600
0.0600
0.0600
0.0600
0.0600
0.0600
0.0600
0.0600
0.0600
0.0600
0.0600
0.0600
0.0600
0.0600
0.0600
0.0600
0.0600
0.0600
0.0600
0.0600
0.0600
0.0600
0.0600
0.0600
0.0600
0.0600
0.0600
0.0600
0.0600
0.0600
0.0600
0.0600
0.0600
0.0600
0.0600
0.0600
0.0600
0.0600
0.0600
0.0600
0.0600
0.0600
0.0600
0.0600
0.0600
0.0600
0.0600
0.0600
0.0600
0.0600
0.0600
0.0600
0.0600
0.0600
0.0600
0.0600
0.0600
0.0600
0.0600
0.0600
0.0600
0.0600
0.0600
0.0600
0.0600
0.0600
0.0600
0.0600
0.0600
0.0600
0.0600
0.0600
0.0600
0.0600
0.0600
0.4900
0.4900
0.4500
0.4100
0.3800
0.3500
1.9500
1.7800
1.6300
1.4900
1.3600
1.2400
1.1300
1.0300
0.9500
0.8700
0.7900
0.7300
0.6700
0.6100
0.5600
0.5200
0.4700
0.4400
0.4000
0.3700
0.3400
0.3200
0.2900
0.2700
0.2500
0.2400
0.2200
0.2000
0.1900
0.1800
0.1700
0.1600
0.1500
0.1400
0.1300
0.1300
0.1200
0.1100
0.1100
0.1000
0.1000
0.1000
0.0900
0.0900
0.0900
0.0800
0.0800
0.0800
0.0800
0.0800
0.0700
0.0700
0.0700
0.0700
0.0700
0.0700
0.0700
0.0700
0.0600
0.0600
0.0600
0.0600
0.0600
0.0600
0.0600
0.0600
0.0600
0.0600
0.0600
0.0600
1.8200
1.9700
1.8000
1.6400
1.5000
1.3700
1.2500
1.1400
1.0400
0.9500
0.8700
0.8000
0.7300
0.6700
0.6200
0.5700
0.5200
0.4800
0.4400
0.4100
0.3700
0.3500
0.3200
0.8800
1.7900
1.6400
1.5000
1.3800
1.2600
1.1500
1.0500
0.9600
0.8800
0.8100
0.7400
0.6800
0.6200
0.5700
0.5200
0.4800
0.4400
0.4100
0.3800
0.3500
0.3200
2.6700
3.2900
3.0000
2.7300
2.4900
2.2700
2.0700
1.8900
1.7200
1.5700
1.9100
1.7500
1.6000
1.4600
1.3300
1.2200
1.1100
1.0200
0.9300
0.8500
0.7800
0.7100
0.6500
0.6000
0.5500
0.5100
0.4700
0.4300
0.4000
0.3700
0.3400
0.3100
0.2900
0.2800
2.0400
1.8700
1.7000
1.5500
1.4200
1.3000
1.1800
1.0800
0.9900
0.9100
0.8300
0.7600
0.7000
0.6400
0.5900
0.5400
0.5000
0.4600
0.4200
0.3900
0.3600
0.3300
0.3100
0.2800
0.2600
0.2500
0.2300
0.2100
0.2000
0.1900
0.1700
0.1600
0.1500
0.1500
0.1400
0.1300
0.1200
0.1200
0.1100
0.1100
0.1000
0.1000
0.1000
0.0900
0.0900
0.0900
0.0800
0.0800
0.0800
0.0800
0.0800
0.0700
0.0700
0.0700
0.0700
0.0700
0.0700
0.0700
0.0700
0.0700
0.0700
0.0700
0.0600
0.0600
0.0600
0.0600
0.0600
0.0600
0.0600
0.0600
0.0600
0.0600
0.0600
0.0600
0.0600
0.1300
0.1300
0.1200
0.1200
0.1100
0.1100
0.1000
0.1000
0.0900
0.0900
0.0900
0.3100
0.2900
0.2700
0.2500
0.2300
0.2200
0.2000
0.1900
0.1800
0.1700
0.1600
0.1500
1.5600
3.0400
5.8000
7.9500
8.4000
7.6400
6.9600
6.3400
5.7700
5.2500
4.7800
4.3600
3.9700
3.6200
3.2900
3.0000
2.7400
2.5000
2.2800
2.0800
1.9000
1.7400
1.5900
1.4500
1.3300
1.2100
1.1100
1.0100
0.9300
0.8500
0.7800
0.7100
0.6500
0.6000
0.5500
0.5100
0.4700
0.4300
0.4000
0.3700
0.3400
0.3100
0.2900
0.2700
0.2500
0.2300
0.2200
0.2000
0.1900
1.5700
1.4400
1.3100
1.2000
1.1000
1.0000
0.9200
0.8400
0.7700
0.7100
0.6500
0.5900
0.5500
0.5000
0.4600
0.4300
0.3900
0.3600
0.3400
0.3100
0.2900
0.2700
0.2500
0.2300
0.2200
0.2000
0.1900
0.1800
0.1700
0.1600
0.1500
0.1400
0.1300
0.1300
0.1200
0.1200
0.1100
0.1100
0.1000
0.1000
0.0900
0.0900
0.0900
0.0900
0.0800
0.0800
0.0800
0.4700
0.4400
0.4000
0.3700
0.3400
0.3200
0.2900
0.2700
0.2500
0.2400
0.2200
0.2100
0.1900
0.1800
0.1700
0.1600
0.1500
0.1400
0.1400
0.1300
0.1200
0.1200
0.1100
0.1100
0.1000
0.1000
0.1000
0.0900
0.0900
0.0900
2.1700
1.9800
1.8100
1.6500
1.5000
1.3700
1.2600
1.1500
1.0500
0.9600
0.8800
0.8000
0.7400
0.6800
0.6200
0.5700
0.5200
0.4800
0.4400
0.4100
0.3800
0.3500
0.3200
0.3000
0.2800
0.2600
0.2400
0.2200
0.2100
0.2000
0.1800
0.1700
0.1600
0.1500
0.1500
0.1400
0.1300
0.1200
0.1200
0.1100
0.1100
0.1000
0.1000
0.1000
0.0900
0.0900
0.0900
0.0900
0.0800
0.0800
0.0800
0.0800
0.0800
0.2100
0.8500
0.7800
0.7200
0.6600
0.6000
0.5500
0.5100
0.4700
0.4300
0.4000
0.3700
0.3400
