6,15
1,0,Val.Atuais
2,0,Val.Mínimos
3,0,Val.Máximos
4,0,Passo Inicial
5,0,Precisão
0,1,RSPX
1,1,50
2,1,0
3,1,500
4,1,5
5,1,0.001
0,2,RSSX
1,2,10
2,2,0
3,2,100
4,2,1
5,2,0.001
0,3,RSBX
1,3,50
2,3,0
3,3,100
4,3,5
5,3,0.001
0,4,RSBY
1,4,0
2,4,0
3,4,0
4,4,0
5,4,0
0,5,IMAX
1,5,50
2,5,0
3,5,100
4,5,5
5,5,0.001
0,6,IMIN
1,6,10
2,6,0
3,6,50
4,6,1
5,6,0.001
0,7,IDEC
1,7,0.5
2,7,0
3,7,1
4,7,0.1
5,7,0.001
0,8,ASP 
1,8,0.001
2,8,0
3,8,1
4,8,0.001
5,8,0.0001
0,9,ASS 
1,9,0.0001
2,9,0
3,9,1
4,9,0.0001
5,9,0.0001
0,10,ASBX
1,10,0.0001
2,10,0
3,10,1
4,10,0.0001
5,10,0.0001
0,11,ASBY
1,11,0
2,11,0
3,11,0
4,11,0
5,11,0
0,12,PRED
1,12,999
2,12,0
3,12,0
4,12,0
5,12,0
0,13,CEVA
1,13,0.5
2,13,0
3,13,1
4,13,0.05
5,13,0.001
0,14,CHET
1,14,0
2,14,0
3,14,0
4,14,0
5,14,0
