  240.30    
  146.00    
  152.70    
  170.50    
  95.000    
  24.500    
  302.40    
  104.00    
  18.000    
  .00000    
  .00000    
  .00000    
  6.0000    
  .00000    
  .00000    
  .00000    
  .00000    
  .00000    
  142.00    
  128.50    
  299.00    
  276.60    
  61.000    
  104.10    
  146.20    
  10.200    
  234.00    
  159.70    
  55.000    
  56.300    
  23.000    
  18.000    
  30.000    
  16.800    
  .00000    
  .00000    
  12.000    
  1.6000    
  .00000    
  9.0000    
  64.000    
  123.20    
  159.80    
  119.30    
  461.00    
  358.30    
  165.00    
  345.50    
  404.00    
  255.70    
  6.0000    
  32.800    
  115.00    
  44.700    
  73.000    
  92.800    
  23.000    
  31.200    
  13.000    
  .80000    
  .00000    
  .00000    
  .00000    
  1.1000    
  75.000    
  23.900    
  105.00    
  131.90    
  235.00    
  162.40    
  518.00    
  185.60    
  165.00    
  226.00    
  354.00    
  176.50    
  362.00    
  130.10    
  173.00    
  80.800    
  93.000    
  116.00    
  2.0000    
  4.8000    
  9.0000    
  22.000    
  .00000    
  .00000    
  39.000    
  12.000    
  142.00    
  97.400    
  226.00    
  61.100    
  217.00    
  233.30    
  727.00    
  303.00    
  298.00    
  525.70    
  273.30    
  158.80    
  84.000    
  49.600    
  7.0000    
  17.800    
  .00000    
  .00000    
  .00000    
  .00000    
  .00000    
  .00000    
  35.000    
  34.400    
  60.000    
  73.000    
  152.80    
  181.80    
  276.90    
  214.80    
  86.000    
  373.80    
  459.10    
  155.70    
  28.600    
  .60000    
  160.40    
  42.400    
  10.000    
  .00000    
  1.5000    
  14.800    
  .00000    
  .00000    
  .00000    
  .00000    
  75.000    
  .80000    
  65.500    
  14.200    
  230.90    
  237.80    
  395.40    
  259.40    
  201.20    
  222.20    
  25.000    
  12.500    
  338.20    
  182.80    
  114.40    
  .20000    
  .00000    
  27.000    
  40.000    
  26.200    
  .00000    
  .00000    
  21.600    
  22.000    
  14.000    
  2.5000    
  262.60    
  201.90    
  273.20    
  398.20    
  286.90    
  133.80    
  470.70    
  406.80    
  24.700    
  19.600    
  358.90    
  358.30    
  56.200    
  34.200    
  60.000    
  15.700    
  .00000    
  .00000    
  .00000    
  .00000    
  12.400    
  .00000    
  .20000    
  30.400    
  78.500    
  33.400    
  75.600    
  40.400    
  155.60    
  78.400    
  499.20    
  478.80    
  289.20    
  260.40    
  221.90    
  283.60    
  51.800    
  173.00    
  35.000    
  23.800    
  .00000    
  .00000    
  .00000    
  7.4000    
  .00000    
  .00000    
  .00000    
  6.4000    
  137.00    
  114.40    
  328.90    
  217.90    
  227.50    
  290.80    
  118.90    
  36.000    
  60.100    
  14.800    
  126.90    
  74.300    
  166.00    
  135.90    
  .00000    
  .70000    
  .00000    
  .00000    
  .00000    
  2.9000    
  1.4000    
  24.800    
  48.000    
  46.700    
  75.000    
  128.20    
  134.00    
  129.80    
  98.000    
  309.60    
  364.00    
  456.00    
  76.000    
  92.000    
  351.00    
  120.10    
  85.000    
  11.500    
  11.000    
  23.900    
  .00000    
  8.2000    
  .00000    
  .00000    
  .00000    
  .00000    
  15.000    
  102.40    
  194.00    
  93.800    
  224.00    
  159.70    
  368.00    
  213.60    
  282.00    
  346.70    
  146.00    
  194.30    
  59.000    
  78.800    
  40.000    
  16.300    
  7.0000    
  4.1000    
  13.000    
  1.5000    
  25.200    
  31.500    
  47.000    
  44.700    
  3.0000    
  8.0000    
  50.400    
  6.7000    
  87.200    
  124.00    
  228.90    
  322.30    
  198.60    
  81.400    
  103.90    
  80.400    
  235.20    
  150.50    
  144.50    
  102.00    
  28.600    
  7.8000    
  .00000    
  .00000    
  .00000    
  .00000    
  6.0000    
  .00000    
  19.400    
  79.800    
  53.100    
  58.100    
  244.00    
  230.70    
  583.00    
  475.20    
  124.40    
  121.50    
  162.20    
  84.600    
  239.50    
  157.30    
  139.60    
  61.700    
  .00000    
  6.5000    
  .00000    
  .90000    
  .00000    
  .00000    
  .00000    
  .00000    
  1.1000    
  15.100    
  98.800    
  53.700    
  296.40    
  129.50    
  247.20    
  211.30    
  118.90    
  98.200    
  164.10    
  52.600    
  156.60    
  134.50    
  32.200    
  23.600    
  .90000    
  .00000    
  42.100    
  4.0000    
  3.3000    
  7.8000    
  8.9000    
  8.6000    
  14.800    
  33.600    
  74.700    
  88.100    
  273.70    
  195.00    
  485.30    
  247.90    
  201.20    
  153.20    
  131.60    
  92.600    
  91.000    
  124.00    
  28.000    
  5.1000    
  30.500    
  20.900    
  .00000    
  .00000    
  97.200    
  82.900    
  16.300    
  52.000    
  56.000    
  48.400    
  57.700    
  51.000    
  149.10    
  116.70    
  176.90    
  112.20    
  356.70    
  322.30    
  181.90    
  143.30    
  349.00    
  284.40    
  180.20    
  62.400    
  .00000    
  .00000    
  .00000    
  .00000    
  .00000    
  .00000    
  .00000    
  .00000    
  27.700    
  22.300    
  55.500    
  28.200    
  211.50    
  238.50    
  433.30    
  320.20    
  261.70    
  660.40    
  167.10    
  179.50    
  204.90    
  151.90    
  103.90    
  22.000    
  22.100    
  .30000    
  7.5000    
  .00000    
  8.0000    
  .00000    
  6.4000    
  .00000    
  26.000    
  42.800    
  104.00    
  188.60    
  276.90    
  349.50    
  274.50    
  392.50    
  64.700    
  57.100    
  211.40    
  244.90    
  3.0000    
  6.5000    
  89.500    
  42.900    
  34.000    
  8.5000    
  5.1000    
  3.0000    
  .00000    
  .00000    
  7.8000    
  9.6000    
  6.5000    
  39.000    
  64.100    
  69.900    
  63.500    
  28.600    
  367.20    
  343.00    
  203.50    
  215.80    
  95.300    
  108.90    
  433.20    
  278.80    
  30.300    
  10.900    
  32.100    
  .00000    
  26.000    
  16.700    
  .00000    
  .00000    
  .00000    
  .00000    
  .00000    
  .00000    
  100.40    
  81.800    
  225.20    
  262.80    
  126.80    
  164.70    
  31.100    
  385.50    
  114.60    
  156.30    
  201.60    
  188.20    
  63.000    
  123.10    
  3.3000    
  37.800    
  27.800    
  1.8000    
  1.0000    
  2.5000    
  7.0000    
  1.5000    
  25.400    
  .80000    
  140.50    
  68.600    
  302.10    
  138.90    
  286.90    
  337.00    
  314.90    
  508.50    
  133.30    
  159.60    
  106.00    
  91.700    
  134.40    
  15.200    
  39.700    
  40.500    
  .00000    
  9.8000    
  34.100    
  38.400    
  11.900    
  32.000    
  21.100    
  1.7000    
  107.00    
  84.900    
  190.80    
  142.90    
  57.900    
  189.90    
  .00000    
  29.800    
  154.60    
  8.2000    
  .00000    
  145.60    
  175.00    
  61.300    
  32.700    
  15.400    
  .00000    
  11.400    
  39.900    
  10.400    
  26.700    
  11.800    
  66.500    
  .00000    
  29.300    
  79.000    
  .00000    
  35.700    
  231.70    
  .20000    
  236.20    
  268.00    
  357.00    
  256.80    
  44.000    
  61.500    
  121.40    
  92.700    
  47.500    
  16.700    
  7.2000    
  .00000    
  17.900    
  9.9000    
  11.500    
  5.4000    
  31.800    
  .00000    
  175.70    
  100.10    
  274.60    
  157.90    
  169.40    
  132.10    
  407.50    
  284.80    
  139.20    
  235.70    
  169.60    
  271.90    
  155.20    
  59.000    
  47.800    
  16.300    
  3.1000    
  1.0000    
  12.400    
  22.700    
  11.300    
  20.900    
  25.700    
  12.200    
  145.00    
  72.300    
  196.60    
  138.20    
  263.10    
  146.40    
  331.60    
  .00000    
  40.600    
  174.00    
  296.70    
  37.100    
  168.30    
  53.800    
  21.600    
  14.800    
  .00000    
  .00000    
  12.400    
  17.400    
  17.600    
  23.600    
  7.2000    
  67.000    
  83.800    
  5.0000    
  82.900    
  39.100    
  117.50    
  230.30    
  242.80    
  301.10    
  .00000    
  152.10    
  333.60    
  148.10    
  .00000    
  .00000    
  20.200    
  34.400    
  18.900    
  11.500    
  4.7000    
  29.100    
  14.500    
  19.500    
  28.600    
  14.800    
  221.20    
  93.500    
  231.80    
  127.70    
  33.600    
  .00000    
  291.90    
  183.40    
  370.20    
  149.10    
  204.80    
  88.300    
  111.80    
  70.300    
  31.300    
  4.8000    
  11.000    
  4.5000    
  8.5000    
  .00000    
  10.600    
  4.9000    
  39.200    
  30.600    
  150.30    
  75.300    
  232.20    
  253.00    
  53.200    
  297.70    
  164.10    
  384.30    
  46.500    
  298.00    
  278.20    
  91.200    
  214.00    
  81.300    
  6.6000    
  20.600    
  10.300    
  5.2000    
  20.200    
  .00000    
  9.0000    
  .00000    
  11.400    
  84.400    
  117.70    
  180.20    
  306.90    
  351.60    
  269.50    
  298.00    
  87.100    
  232.60    
  155.30    
  200.40    
  215.60    
  87.700    
  108.40    
  70.000    
  35.100    
  12.900    
  7.2000    
  9.8000    
  1.4000    
  33.000    
  6.6000    
  33.900    
  57.300    
  .00000    
  131.10    
  66.200    
  189.70    
  111.70    
  241.60    
  223.10    
  522.60    
  510.10    
  340.20    
  365.20    
  261.70    
  245.70    
  135.00    
  130.70    
  30.500    
  22.000    
  2.9000    
  7.7000    
  5.2000    
  .00000    
  12.000    
  .00000    
  51.900    
  .00000    
  102.40    
  111.30    
  224.20    
  309.40    
  324.40    
  365.30    
  187.00    
  182.70    
  102.70    
  151.70    
  58.200    
  194.50    
  11.500    
  49.400    
  16.500    
  42.100    
  15.600    
  5.9000    
  22.500    
  16.200    
  14.700    
  8.7000    
  67.400    
  29.300    
  164.80    
  69.700    
  197.10    
  83.400    
  347.30    
  166.50    
  63.700    
  223.70    
  21.400    
  53.800    
  .00000    
  176.80    
  167.40    
  27.300    
  .00000    
  59.900    
  3.4000    
  11.300    
  45.900    
  25.200    
  22.800    
  13.400    
  51.500    
  12.500    
  130.50    
  34.600    
  190.20    
  93.700    
  38.800    
  213.80    
  408.70    
  142.40    
  245.10    
  334.10    
  183.40    
  94.300    
  212.90    
  76.000    
  36.300    
  12.900    
  .00000    
  8.1000    
  4.1000    
  .00000    
  4.6000    
  17.300    
  24.800    
  49.100    
  74.100    
  95.400    
  98.700    
  164.90    
  290.70    
  262.70    
  208.40    
  395.00    
  205.10    
  36.700    
  224.30    
  186.00    
  235.70    
  59.300    
  41.000    
  6.6000    
  .00000    
  16.800    
  4.4000    
  .00000    
  12.900    
  6.5000    
  34.300    
  .00000    
  138.40    
  149.10    
  322.70    
  273.40    
  .00000    
  96.100    
  354.60    
  .00000    
  350.80    
  171.30    
  193.60    
  54.800    
  141.10    
  164.10    
  67.400    
  49.000    
  .00000    
  .00000    
  34.700    
  23.500    
  11.000    
  12.600    
  18.100    
  88.500    
  100.00    
  78.100    
  162.90    
  .00000    
  40.400    
  289.80    
  292.00    
  233.10    
  258.10    
  335.70    
  209.30    
  173.60    
  63.400    
  97.900    
  26.700    
  22.300    
  4.9000    
  2.4000    
  18.100    
  5.4000    
  1.0000    
  7.8000    
  23.700    
  3.7000    
  88.700    
  41.600    
  285.90    
  63.200    
  383.90    
  127.60    
  430.10    
  175.40    
  210.90    
  162.00    
  204.80    
  261.50    
  109.50    
  61.700    
  22.800    
  5.9000    
  .00000    
  10.800    
  26.200    
  9.0000    
  12.500    
  12.200    
  14.800    
  .00000    
  117.60    
  93.200    
  95.500    
  201.20    
  173.80    
  90.200    
  293.20    
  45.100    
  197.00    
  241.50    
  226.60    
  42.300    
  114.50    
  50.500    
  44.600    
  52.300    
  10.200    
  1.0000    
  38.600    
  27.900    
  3.4000    
  28.800    
  46.600    
  62.900    
  114.10    
  90.200    
  190.80    
  117.30    
  380.30    
  261.20    
  262.60    
  347.30    
  312.80    
  287.90    
  249.20    
  275.80    
  30.200    
  29.100    
  21.700    
  29.300    
  14.400    
  3.2000    
  19.300    
  7.9000    
  14.300    
  1.3000    
  28.800    
  14.600    
  154.10    
  91.000    
  333.80    
  135.30    
  161.30    
  173.90    
  105.00    
  304.60    
  147.30    
  294.60    
  210.30    
  25.000    
  219.90    
  94.600    
  .00000    
  64.200    
  12.400    
  13.000    
  .00000    
  28.500    
  .00000    
  29.700    
  14.500    
  .00000    
  67.200    
  75.000    
  253.40    
  101.30    
  287.60    
  262.70    
  139.80    
  25.700    
  177.10    
  .00000    
  183.00    
  107.80    
  209.80    
  75.100    
  39.300    
  22.600    
  .00000    
  12.300    
  14.700    
  6.1000    
  3.0000    
  19.100    
  11.200    
  .00000    
  73.100    
  44.700    
  211.10    
  118.10    
  70.000    
  252.40    
  184.60    
  161.90    
  191.50    
  312.20    
  63.100    
  82.700    
  4.8000    
  59.100    
  26.200    
  35.900    
  14.800    
  12.700    
  41.100    
  1.4000    
  33.900    
  2.6000    
  20.400    
  .00000    
  119.40    
  52.400    
  225.90    
  135.80    
  103.50    
  145.00    
  467.20    
  365.70    
  162.20    
  225.80    
  401.00    
  244.10    
  111.20    
  49.300    
  40.800    
  11.400    
  17.100    
  5.9000    
  10.700    
  .00000    
  4.4000    
  .00000    
  40.400    
  53.700    
  160.70    
  174.60    
  201.50    
  304.70    
  397.80    
  299.70    
  419.30    
  415.10    
  238.20    
  169.20    
  425.60    
  162.20    
  104.20    
  144.70    
  52.300    
  17.900    
  2.9000    
  5.2000    
  .00000    
  .00000    
  .00000    
  .00000    
  26.800    
  47.800    
  171.60    
  232.40    
  332.60    
  404.60    
  287.40    
  321.10    
  341.50    
  222.00    
  3.9000    
  76.600    
  345.40    
  238.90    
  6.9000    
  151.90    
  26.200    
  45.400    
  18.800    
  .00000    
  11.600    
  34.000    
  13.300    
  25.300    
  7.5000    
  3.7000    
  179.50    
  115.90    
  253.70    
  .00000    
  76.300    
  176.20    
  237.00    
  548.00    
  323.50    
  235.40    
  273.40    
  215.00    
  92.100    
  38.100    
  76.900    
  1.0000    
  11.000    
  14.600    
  .00000    
  15.400    
  .10000    
  10.500    
  17.000    
  1.3000    
  157.10    
  49.200    
  394.70    
  257.50    
  174.60    
  117.50    
  182.40    
  28.400    
  193.10    
  227.20    
  154.00    
  33.100    
  218.80    
  38.400    
  4.1000    
  47.200    
  12.000    
  1.7000    
  2.8000    
  34.300    
  14.600    
  21.900    
  38.600    
  40.100    
  134.90    
  1.1000    
  239.00    
  27.800    
  168.50    
  231.40    
  76.000    
  235.40    
  171.40    
  155.80    
  240.70    
  157.50    
  105.70    
  81.800    
  42.800    
  7.9000    
  18.900    
  7.9000    
  11.600    
  11.800    
  10.100    
  24.500    
  18.600    
  .00000    
  198.70    
  24.400    
  292.80    
  119.10    
  48.500    
  226.80    
  53.300    
  272.80    
  252.20    
  74.000    
  327.30    
  44.900    
  88.700    
  41.500    
  53.500    
  53.800    
  8.5000    
  4.8000    
  .40000    
  38.800    
  .00000    
  25.200    
  .00000    
  32.000    
  86.900    
  49.200    
  243.10    
  6.5000    
  208.40    
  182.70    
  129.80    
  277.40    
  159.50    
  181.10    
  126.50    
  253.80    
  130.00    
  168.30    
  8.3000    
  24.200    
  6.9000    
  .00000    
  27.200    
  .00000    
  4.6000    
  .00000    
  45.500    
  .00000    
  174.50    
  59.900    
  243.20    
  138.90    
  132.30    
  190.00    
  382.10    
  318.30    
  234.40    
  139.00    
  220.10    
  267.90    
  138.30    
  65.000    
  51.200    
  5.3000    
  .00000    
  .00000    
  22.200    
  15.400    
  14.200    
  5.0000    
  41.900    
  3.7000    
  141.10    
  107.10    
  154.20    
  121.40    
  142.90    
  49.700    
  242.70    
  .00000    
  359.90    
  40.600    
  80.000    
  145.20    
  71.700    
  80.500    
  24.800    
  23.100    
  8.2000    
  17.200    
  11.800    
  .00000    
  8.5000    
  17.800    
  60.200    
  .00000    
  81.700    
  127.30    
  217.20    
  246.60    
  262.60    
  198.90    
  234.50    
  96.700    
  283.30    
  41.300    
  107.10    
  109.90    
  201.40    
  128.00    
  15.700    
  26.600    
  15.400    
  .00000    
  .00000    
  28.400    
  8.6000    
  20.900    
  49.200    
  38.800    
  145.70    
  74.700    
  190.50    
  116.70    
  196.60    
  209.10    
  174.20    
  306.00    
  263.10    
  141.10    
  .00000    
  348.40    
  217.80    
  61.700    
  .00000    
  61.100    
  .00000    
  4.3000    
  18.600    
  37.300    
  9.4000    
  38.000    
  45.900    
  8.4000    
  65.300    
  67.400    
  158.30    
  .00000    
  .00000    
  144.80    
