3,69	8,8	2,74	4,36	17,67	6,47	9,3	18,02	54,76	28,17	11,19	0
0	0	0	0	18,13	0	6,48	0,3	18,1	16,1	9,9	17,12
8,14	0	0	0	0	0	0	-999	0	0	0	0
0	0	0	0	0	0,6	10,07	2,7	2,58	4,63	6,4	6,98
14,62	12,91	1,87	10,91	11,41	0,02	1,07	0	0	0	0,29	14,88
-999	36,12	40,87	9,54	18,34	23,73	1,54	2,19	0	8,11	26,74	9,44
0,21	7,63	0	0	0	0	0	0	0	0	0	4,15
0,06	0	0	0	0	0	0	0	-999	0,12	0	0
0,3	1,11	3,3	0	13,31	19,16	0	0	0	0	0	1,15
21,47	12,82	0,02	0	0,3	0	0,35	0,29	0,02	0	0	2,41
0	0	0	-999	0	0	0	0	0,03	0	2,34	0
0	0	0	0	0	0	0	0	0	0	0	0
0	6,31	3,98	0	0	0	0	0	0	0	0	-999
0	0	0	0	0	6,87	0	0	0	0	0	0
0	0	0	0	0	0	0	0	0	0	0	0
0	0	0	0	0,22	0,54	-999	0	0	0	0,12	0
0	0	0	0	0	0	0	0	0	0	0	0
0	0	0	0	0	0	0	0	0	0	0	0
0	0	-999	0	0	0,83	0	0	0	0	0	0
0	0	0	0	0	0	0	0	0	0	0	0
0	0	0	0	0	0	0	0	0	0	-999	0
0	0	0,08	0	0	1,29	0	0	0	0	0	0
0	0	5,83	5,64	13,3	6,45	0	0	0	33,07	20,68	2,01
0,87	0	0	0,06	0,67	-999	0	19,13	0,1	0	0	0
0	22,01	3,9	0	0	0	0	19,8	5,11	0	0	0
0	0	0	0	3,75	3,57	6,77	12,14	11,55	24,82	18,49	13,58
8,05	-999	28,11	13,13	3,76	0,68	0	0	2,25	2,31	7,47	8,55
1,81	0,2	6,26	8,14	4,99	7,04	12,85	31,97	1,54	7,82	9,84	0
0	0	0	40,27	2,59	17,38	31,16	12,32	-999	23,83	41,87	12,5
0,16	0,94	0,16	5,67	2,33	9,31	4,91	15,94	4,25	3,9	5,98	16,57
12,85	7,58	17,33	9,21	0,68	0,48	0,48	0	0	10,98	31,14	42,21
37,74	57,7	46,17	24,09	-999	18,69	26,4	26,97	36,99	50,68	16,5	14,06
36,47	11,64	0,74	6,2	4,71	1,84	3,97	9,17	20,9	32,11	11,54	29,77
21,03	7,85	1,03	0	1,17	4,13	5,13	0	0	0	0	1,29
-999	0,06	10,21	15,92	2,48	0	0	0	0	0	0,47	28,43
11,21	3,26	20,97	29,87	1,59	5,48	28,27	0	0,08	0	0	0,19
0	0	0	0	0	-999	0,87	1,47	0	0,03	0,12	17,25
36,9	15,69	1,98	17,57	33,01	58,9	6,31	3,13	32,83	1,05	0,95	0,06
0	0	0	0	0	0	0	0	0	0,08	0	0
2,39	-999	0	0	0	0,03	0	0,24	0	0	0	0
0	0	0	1,83	4,11	3,54	0	0	0	0	0	0
0	0	3,6	10,05	0	0	0	0	-999	0,13	2,03	0
0	0	0	0	0	1,59	0,34	0	0	0	0	0,78
0	0	0	0	0	0	0	0	0	0	0	0
0	0	0	0,12	-999	0	0	0	0	0	0,62	0
10,25	0	0	0	0	0	0	0	0	0	0,24	0
0	0	0	0	0	0	0,33	1,51	0	0	0	-999
0	0	0	0	0	0	0	0	0	0	0	0
0	0	0	0	0	0	0	0	0	0	0	0
0	0	0	0	0	0	0	-999	0	0	0	3,95
21,54	5,29	0	0	0	0	0	0	0	0	0	0
0	0	0	0	0	0	0	0	0	0	0	0
0	0	0	-999	0	0	0	0	0	0	0	0
0	0	0	0	13,16	3,12	0	0	0	0	0	0
0	0	0	8,95	0,13	11,63	0	0	0	0	-999	0
0	1,3	2,35	16,08	8,75	0	0	0	0	0	0	0
7,38	13,33	0,33	2,57	0	0	0	0	4,75	7,54	1,26	4,71
1,9	31,35	19,35	2,36	0	0	-999	0	2,19	8,64	12,82	13,37
10,15	0	0	0	1,21	2,5	8,87	6,71	2,19	0	0	0
5,55	5,06	5,02	8,32	25,57	2,88	6,35	5,54	3,3	0	4,96	2,39
0,94	-999	18,3	24,58	22,39	9,77	0	0	0	0	0	6,61
12,19	15,76	11,58	12,7	10,91	11,1	18,71	30,12	35,25	33,24	50,01	19,71
4,24	3,4	0	0	0	0	0	0	0	-999	0	0
0	0	0	1,94	0,47	0	0	0,05	2,38	0	18,46	0
0	0	8,13	6,12	7,8	0,83	1,01	1,46	6,82	13,91	42,93	15,5
19,65	13,84	8,97	4,7	3,1	-999	21,62	11,67	19,13	43,92	20,39	12,58
8,14	11,01	12,85	3,36	0,06	0,04	0	0,78	6,79	12,86	9,91	4,68
5,15	1,85	15,56	4,44	0	0	0	0	1,36	0,04	0	-999
0	0	2,73	10,25	3,21	43,22	3,95	2,64	0	0	0	2,39
0	2,69	0,04	0	8,76	3,54	19,11	23,21	11,65	7,94	46,35	20,14
7,41	1,11	0	0	0	0	0	-999	17,13	0,74	0	0
0	0	0,76	0	0,47	0	8,17	0,4	0	0	0,02	0
1,07	0	4,08	8,58	12,17	3,55	0	0	0	0	0	0
0	0	-999	0,01	0	0	0	0,62	0	0,05	0	0
0	1	0,3	0	0	0	0	0	0	0	0	0
0	0,05	0,1	0,15	0,02	0	0	0	0	0	-999	0
0	0	0,07	0	0,02	0	0	0	0	0	0	0
0	0	0	0	0	0	0	0	0	0	0	0
0	0	0	0	0,17	-999	0,03	0	0	0	0	0
0	0	0	0,21	0	0	0	0	0	0	0	0
0	0	0	0	0	0	0	0	0	0	0	0
0	-999	0,42	0,02	0,02	0,06	0	0	0	0	0,02	0
0	0	0	0	0	0	0	0	0	0	0	0
0	0	0	0	0	0	0	0	0	-999	0	0
1,57	0	0	0	0	0	0	0	0	0	0	0
0	0	0	0	0	0	0	0	0	0	0	0
0	0	0	0	-999	0	0	0	0	0	0	0
0	0	0	0	0	9,25	1,62	0	9,93	5,01	0,46	3,32
16,71	11,24	0	0	0	0	4,31	0,81	28,29	24,12	16,18	2,42
-999	0	0	0	0	0	0	0	1,63	0,23	0	0
0	0	0	28,09	19,74	6,64	1,62	15,54	3,4	7,1	2,91	24,86
25,2	23,37	3,09	0,12	5,53	2,64	2,23	-999	6,26	7,01	21,87	36,96
19,91	12,76	11,95	5,84	15,63	25,26	10,47	0,64	0	0	0	0
0	6,06	1,59	11,35	3,34	0	4,02	9,42	20,69	9,84	20,93	3,98
15,65	5,12	1,74	-999	0	0,1	8,01	2,97	0,54	2,16	29,88	53,81
35,78	22	17,98	36,22	36,38	20,42	0	0	0	16,27	34,25	23,55
32,88	26,57	4,02	0	11,59	12,98	30,31	39,38	30,85	8,01	6,8	-999
11,05	16,01	13,31	27,5	14,05	6,03	27,73	12,89	4,21	0,82	0,07	0,06
0,08	1,6	0,58	0,4	1,81	5,71	0,14	0	0	0	0	0
2,41	0	0,72	2,59	-999	3,97	15,88	20,85	3,97	1,28	1,8	1,24
3,87	3,43	6,83	6,8	5,99	10,04	6,51	5,33	7,95	0,73	0	0
12,83	16,87	16,82	16,71	1,4	3,41	4,74	31,63	32,96	0	0	10,31
-999	35,36	16,06	4,22	1,16	14,55	1,82	0	0	0	0,08	34,85
15,22	2,49	0	0	0	4,55	0,97	16,95	6,04	7,54	0,4	0
0,01	0	0	0	0	8,6	1,75	-999	0,04	0	0	0
0	0	0	0	0	0	0	0	0	0	6,54	4,01
8,9	2,33	0,07	0	0	0	0,01	0,01	0,03	0	0	0
0	0	0	-999	0	0	0	0	0	0,04	0	0
0	0	0	0	0	0	0	0	0	0	0	0
0	0	0	1,15	13,92	1,56	0	0	0	0	-999	0
0	0	0	0	0	0	0	0	0	0	0	0
0	0	0	0	0	0	0	0	0	0	0	0
0	0	0	0	0	0	-999	0	0	0	0	0
0	0	0	0	0	0	0	0	0	0	0	0
0	0	0	0,27	0,86	0	0	0	0	0	0	0
0	0	-999	11,43	11,23	2,2	0	0	0	0	0	0
0	0	0	0	0	0	0,8	0,05	0	0	0	0,02
0	0	0	0,04	0	0	0	0	9,55	-999	4,56	0,23
0	0	1,27	1,8	4,03	6,57	14,86	3,68	0,19	0	2,94	0,01
0,29	0	21,25	4,32	0	0	0	0	0	0	0	0,12
29,15	21,95	5,78	32,21	7,24	-999	11,81	11,68	9,19	3	7,39	4,87
3,41	23,51	10,13	0,58	0,55	1,39	26,13	18,01	4,04	0	0	0,16
0,6	1,68	0	12,03	26,73	12,15	16,45	9,81	23,65	29,89	5,22	9,85
-999	0	0	0	0	0	18,5	18,06	4,18	14,59	7,32	1,76
7,15	9,69	15,9	6,5	21,12	28,3	19,74	8,22	8,98	41,22	42,71	16,34
11,94	20,76	34,44	32,95	22,09	15,57	11,93	14,32	-999	32,45	11,86	7,76
11,95	22,86	6,86	0	0	0	0	0	0	0,06	0	4,41
15,38	3,32	0	9,88	10,56	18,04	8,68	0,69	16,88	17,58	2,8	0,15
0	0	0	0	-999	0	0	0	1,65	0	0	0
0	0	0	16,27	7,52	4,17	0,76	0	0	0,04	0	0
2,69	0	1,62	5,79	0,03	0	0	0	0	-999	0	0
0	1,14	0,13	11,94	4,9	1,98	0,77	11,99	10,88	10,91	6,82	17,46
20,62	26,38	11,09	8,74	4,4	3,85	0	2,62	3,05	9,58	12,97	1,61
2,01	0,76	0	0	1,21	-999	11,35	20,7	30,46	19,28	6,3	4,65
0,58	12,91	5,1	3,74	3,05	3,01	0,18	0	0	0,98	3,8	1,42
4,18	0	0	3,78	2,56	0	0	0	0	0	0	0,84
-999	0,04	0,61	3,93	0,03	0	0	0	0	0	0	0
0,21	0,09	0	0,1	0,04	0	0	0	0	0	0	0,6
0,43	0,45	5,65	1,38	0	0	0	0	-999	0,87	1,45	0,38
0	0	0	0	0	0	0	0	0	0	0	0
0	0	0	0	0	0	0	0	0	0	0	0
0	0	0	-999	0	0	0	0	0	1,94	0,32	0
0	0	0	0	0,22	0,06	0	0	0	0	0	0
0	0	0	0	0	0	0	0	0	0	0	-999
0	0	0	0	0	0	0	0	0	0	0	0
0	0	0	0	0	0	0	0	0	0	0	0
0	0	0	0	0	0	0	-999	0	4,85	3,04	0
0	0	6,49	17,65	0,04	0	0	0	0	0	0	0
0	0	0	0	0	0	0	0	0	0	10,69	4,89
10,74	6,39	-999	0	0	0	0	0	0	0,63	5,57	4,93
8,57	2,3	0	0,72	2,05	0,63	0	0,29	0,09	1,65	1,31	0,46
0,96	0,15	1,62	1,65	0	0	0	0,84	0	0,02	-999	0,93
1,75	0,85	0,53	8,94	24,67	17,36	28,34	27,28	9,64	0	0	0
0	3,11	2,53	0,08	0	1,32	3,12	4,19	2,63	7,18	10,6	15,54
16,15	26,62	30,65	44,66	5,92	-999	0,84	0,14	0	0	0,13	16,15
21,03	2,86	4,44	0	0	0	0	0	0	0	0	4,92
2,51	0	0	0	8,91	7,06	11,88	11,32	36,71	17,4	23,3	9,39
11,22	-999	15,62	24,17	11,51	15,58	14,8	4,13	0,2	0,59	0,43	0,01
0	9,17	4,87	0	0,16	0	0	0	5,5	28,68	23,65	14,97
3,48	15,08	17,28	9,89	1,74	3,49	4,17	0	0,21	-999	0	0
0	0	0,11	0	0	0	0	0	2,76	2,5	1,17	1,23
12,57	10,93	0,34	7,04	36,5	29,98	24,26	29,5	5,74	1,98	1,99	7,49
2,46	3,36	-999	1,79	0,49	0	0,47	1,21	13,34	8,95	3,15	1,61
6,24	9,1	15,55	20,7	12,61	17,85	19,43	10,41	20,64	32,48	13,22	0,43
8,08	0,63	0,21	0,18	5,79	24,42	9,8	0,29	0	0	-999	0
0	0	0	0	0	0	0	0	0	3,18	6,07	3,52
0	0	0	0	0,8	0,53	0,4	0	0	0	2,92	0,55
0	0	0	0	0	-999	0	0	0	0	0,09	0
0	0	0	0	0	0	0	0,06	0,59	0	0	0
0	1,55	0,92	0	0	0,69	9,33	2,05	0	0	0	0
0	-999	0	0	0	0	0	0	0	0	0	0
0	0	0	0	0	0	0	0	0	0	0,02	0
0	0	0	0,58	0,96	0	0	0	-999	0	0	0
0	0	0	0	1,49	3,89	0,36	0	0	0,47	0,42	0
0	0	0,09	0,06	0	0	0	0	0,03	0	0	0
0	0	0	0	-999	0	0	0	0	0	0	0
0	0	2,27	0,29	0,71	0	0	0	0	0	0	0
0	0	0	0	0	0	1,19	1,2	10,22	24,87	6,47	0,08
-999	0,26	0	0	0,43	5,39	2,45	0	0	0	0	7,8
7,56	0	0	0	0	0	0	0,36	1,73	0	0	0
1,21	2,66	2,11	0,04	0	0	0	-999	0	0	0	0
0	0	0	3,65	8,08	9,3	11,03	1,93	0	0	4,18	6,89
0,57	2	3,62	1,63	0	0	6,31	22,42	33,75	1,07	0	0
2,38	2,84	7,71	-999	20,53	17,57	8,96	6,99	9,84	0,45	0,02	0,19
10,81	16,89	8,41	0,07	3,67	2,69	2,32	0,06	0	0	0	0
0	0	0	0,38	14,56	18,81	7,9	0,39	1,56	1,3	-999	0,3
12,94	11,3	1,5	4,7	2,01	8,89	5,89	18,6	12,49	17,96	12,27	10,39
24,71	28,83	26,22	33,29	4,57	13,85	0,5	0	0,07	3,88	9,89	14,31
24,32	26,88	25,44	36,62	18,5	5,39	-999	0	0	0	0	2,49
1,65	0,8	0,8	2,98	5,04	15,67	28,88	18,73	24,72	5,2	2,32	0
0	0	0	0	1,05	0	0	1,34	0	0	1,1	0,31
0	0	-999	0,57	9,43	12,05	0,46	0	0	0	0	0,9
10,17	9,76	23,7	22,7	32,9	34,12	47,39	12,77	12,37	22,62	15,44	23,48
0	0	0	0	0	3,97	21,91	23,52	-999	15,83	0,88	2,78
7,25	3,37	0	0	0	0	0	4,29	18,64	44,8	10,94	0,28
0,1	1,61	0	0,05	0,14	0	10,79	4,34	1,63	0,68	10,73	17,32
0,49	5,93	3,76	0,79	-999	0	0,08	3,66	5,06	0,05	0,03	0
0	0	0	0,02	0,12	0	0	0	0	0	0	0
0,39	0	0	0	0	0	0	0	0,06	0	0	-999
0	0	0,05	4,07	1,07	0	0	0,21	0	0,14	0,38	0
0	0	0	0	0	0	0	0	0	0	0,04	0
0	0	0	0	0	0,11	0	-999	0	7,39	2,14	1,65
0	0	0	0	0	0	0	0	0	0	0	0
0	0	0	0	0	0	0	0	0	0	0	0
0	0	-999	0	0	0	0	0	0	0	0	0
0	0	0,02	0	0	0	0	0	0	0	0	0
0	0	0	0	0	0	0,04	0	0	0	-999	0
0	0	0	0	0	0	0	0	0	0	0	0
0	0	0	0	0	0	0	0	0	0	0	0
0	0	0,02	0	0	0	-999	0	0	0	0	0
0	0	0	0	0	0	9,67	2,57	0	0	0	0
0	0	0	0	0	0	0	0	0	0	0,04	3,06
0,53	-999	0,38	0,33	0	2,22	7,04	5,14	4,17	1,13	0,06	0,02
5,11	2,07	0	35,11	21,12	5,94	0,17	0	0	0	0	0
0	0	0	0	0	0	0	0	0,06	-999	0	0
0	7,73	7,09	0,02	0,74	10,4	16,65	0,33	1,19	29,04	12,21	2,95
0,02	15,92	7,2	19,5	8,8	44,35	13,92	0,4	0	8,32	1,07	25,6
10,81	1,31	0,01	0	-999	0	2,14	15,83	25,32	12,04	4,08	11,64
20,07	42,63	31,05	9,5	18,82	29,98	23,5	20,08	34,69	26,47	39,93	33,76
14,8	0	0	0,12	10,53	12,56	42,04	14,54	9,04	27,2	22,11	15,77
-999	6,76	4,19	0	0	0	0	0	10,74	19,02	19,78	15,33
7,74	9,2	19,15	16,35	5,6	15,07	35,57	30,87	18,92	14,19	11,63	8,92
17,3	13,82	29,46	59,5	54,92	33,23	12,28	26,05	-999	29,77	6,39	10,8
11,72	2,22	0,73	14,69	43,02	35,42	11,75	0,44	13,21	11,61	1,12	2,19
15,13	47,92	22,56	15,48	14,3	10,25	10,71	10,27	17,23	11,83	2,06	0,03
0	-999	0	0	0	8,6	4,96	10,85	12,55	0,07	0,37	0,29
1,65	0	0	0	0	0	0	0	0	0	0	0
0	0	0,02	0	0,03	0	0	0	3,48	-999	0,96	13,24
6,97	1,1	7,88	9,26	11,59	3,52	0	7,45	7,05	0,16	0,97	0
0	0	0	0	0	0	0	0	0	0	3,89	6,69
0	0	0,02	0,03	-999	0	0	0	0,02	0,11	0	0
0	0	0	1,99	5,24	0	0	0	0	0	0	0
0	0	0	0	0	0	0	0	0	0,01	0,16	0,65
-999	0,15	0,06	0,03	0	0,06	2,91	3,05	0	0	0	0
0,31	3,5	1,77	3,73	2,86	0	0	0	0	0	0	0
0	0	0	0	0,02	0	0	-999	0	0	0	0
0	0	0	0	0	0	0	0	0	0	0	0
0	0	0	0	0	0	0	0	0	0	0	0
0	0	0	-999	0	0	0	0	0	0	0	0
0	0	0,03	0	0	0	0	0	0	0	0	0
0	0	0	0	0	0	0	0	0	0	0	-999
0,04	0	0	0	0	0	0	0	0	0	0	0
0	0	0	0	0	0	0	0	0	0	0	0
0	0	0	0	0	0	-999	1,9	0	0	0	0
4,52	6,07	2,04	0	0,02	0,02	1,48	1,75	0,59	3,39	0,74	6,86
4,03	0,2	0	3,43	1,62	5,82	4,83	1,47	6,84	6,82	9,71	10,73
1,27	0	-999	1,47	4,57	16,97	18,95	1,55	0,07	0,06	4,29	18,03
22,82	25,19	5,82	0	0	0	0	0	0,02	0,76	0	0
7,11	7,66	11,39	1,03	0,84	0,13	0	0	0	-999	1,37	23,68
23,25	9,61	5,93	0	3,44	15,21	22,59	5,56	3,86	5,45	9,86	20,18
31,03	28,65	18,96	21,23	20,15	3,79	0,78	44,36	43,07	31,76	20,66	2
0	0	0	4,67	1,08	-999	4,54	3,98	0,8	9,37	4,24	3,35
2,33	0,34	0	0,09	2,37	0,72	6,16	8,56	8,87	3,79	3,21	0
0	6,72	8,46	9,24	16,65	29,04	29,69	13,65	3,58	4,13	1,78	0,03
3,38	-999	4,13	3,76	0,51	4,63	14,86	1,6	0	0,35	9,12	13,37
20,88	0,1	2,16	0	0	0	0	0	0	9,15	14,23	9,85
0,57	2,1	1,41	0,56	1,69	0,33	-999	0	0	0	0	0
0	0	0	0	0	0	0,76	2,67	10,62	1,53	5,41	5,78
10,45	38,32	17,44	26,4	38,23	9,68	14,28	10,84	0	0	0	0
0	0	-999	0	0	6,21	1,74	2,16	0,1	0,12	0,1	1,37
0	0	0,12	2,41	4,95	18,92	1,62	0,79	1,95	0,02	0	0,82
0	0,03	0	0	0	2,52	2,64	4,41	6,55	-999	0	0
0	0	0	0	0	0	0	0	0	0	0	0
0	0	0	0	0	0	0	0	0	0	0	0
0	0	0	0	0	-999	0	0,25	0	0	0	0
0	0,68	0,33	3,55	3,02	0	0	0	0	0	0	0
0	0	0	0	0	0	0	0,06	0	0,02	0,04	0
-999	0	0	0,06	0	0	0	0	0	0	0	0
0	0	0,08	0,24	0,76	0	0,24	0,04	0,43	0	0	0
0	0	0	0	0	0	0	0	-999	0	0	0
0	0	0	0	0	0	0	0	0	0	0	0
0	0	0	0	0	0	0,02	0,04	0	0	0	0
0	0	0	0	-999	0	0	0	0	0	0	0
0	0	0	0	0,06	0,24	2,38	0	0	0	0	0
0	0	0	4,72	4,39	5,56	15,74	0,02	0	0	0	-999
0,09	0,63	3,88	0	0,39	4,24	1,95	0,03	0	0	0	0
0	12,78	22,39	0	1,26	0,13	0	1,47	11,02	5,01	0,12	6,34
6,3	0,27	0	0	0	1,3	9,91	-999	12,45	0,91	1,94	1,34
3,02	2,77	6,54	10,78	5,04	3,46	3,6	0,96	1,06	3,77	1,21	2,6
11,68	44,04	51,65	23,44	18,68	1,94	8,01	2,06	0,1	0,21	4,76	6,67
13,18	12,42	-999	6,59	11,58	0,08	1,42	8,8	3,49	0,32	0,53	0
3,76	1,57	0,1	9,93	32,45	35,04	43,34	30,3	13,56	8,08	31,03	14,65
0	0	0	0	0	0	0	0	0	0	-999	0,01
0,71	3,53	0,18	0	0	12,15	27,25	19,36	20,42	22,54	5,32	2,08
0	0	0	0	2,57	4,54	15,48	12,52	26,3	8,33	28,27	45,37
5,4	0	0	0,71	0	0	-999	0	0	0,23	0	0
0	4,43	13,37	25,74	25,37	19,44	19,22	5,22	2,17	6,23	16,67	12,18
3,2	14,6	14	20,87	2,95	6,85	11,47	8,35	0,5	0,08	0,33	-999
1,24	0	0	1,61	0	2,56	12,87	8,84	13,04	16,76	3,99	17,98
2,15	1,33	2,76	0,1	1,68	3,06	1,25	12,54	1,21	1,8	1,93	0,75
3,91	14,73	20,03	40,75	70,45	5,19	0	-999	0	0	0,04	0,32
6,48	0	0,03	0,02	0,09	0	0	0,33	0,49	3,4	13,68	0
0	1,04	0,19	0	0	0	0	0	0	0,01	0	0
0	0	-999	0	0	0	0	0	0	0	0	0
0	0	0	0	0	0	0	0	0,6	0,18	0,76	0
0	0	0,02	0	0	0	0	0	0,02	0,19	-999	0
0	0	0	0	0	0,03	0	0	0,03	0	0	0,02
0	0	0	0	0	0	0	0,29	0	0	0	0
0	0	0,44	0,44	0	-999	0	0	0	0	0,36	0,56
0	0	0	0	0	0	0	0	0	0	0	0
0,01	0	0	0	0	0	0	0	0	0	0	0,04
0,07	-999	0	0	0	0	0	0	0	0,25	0	0
0	0	0	0	0	0	0	0	0	0	0	0
0	0	0	0	0	0	0	0	0	-999	0	0
0	0	0	0	0	0	0	0	0	0	0	0
0	0	0	0	0,37	1,31	0	0	0	0	0	0
0,06	0	0,01	7,25	-999	10,44	0	0	0	0	17,51	0,19
0	0	0,06	6,66	0,92	0	0	4,17	0,31	0	0	0,06
0,09	0,03	2,74	4,01	2,77	0	0	0	0	0	0	0
-999	0	0	0	0	0	0	0	0	0	0	0
0	0	0	0	0	0	0	0	0,43	3,9	12,1	0
0,04	3,66	14,53	10,09	11,51	2,32	1,44	-999	0,12	4,71	13,03	0
0	0	3,12	3,53	9,73	11,25	13,77	35,29	2,64	0	0	0,63
5,72	0,06	0	0	0	2,89	6,29	8,64	35,18	16,45	12,57	0,88
6,47	7,06	17,64	-999	10,28	7,58	18,29	9,6	4,39	0	0	1,48
5,04	11	4,45	15,75	46,51	33,88	22,55	9,08	25,78	3,47	3,07	12,26
11,79	17,08	6,87	10,55	8,71	25,27	24,3	5,14	3,93	0	0,04	-999
4,56	15,35	22,44	41,67	6,16	8,5	18,76	14,73	27,29	17,27	8,85	6,75
4,2	2,43	9,72	11,48	8,11	13,47	13,38	16,28	5	3,65	0	0
0	2,79	3,3	9,93	14,94	-999	8,5	18,36	28,02	28,1	15,71	0,82
3,86	2,88	4,62	7,57	2,45	10,65	12,29	33,81	9,29	0	0,64	0,13
0	2,91	0,59	1,51	1,47	7,54	20,54	21,29	1,36	5,75	11,3	13,99
0	-999	1,15	0	0,01	1,5	1,37	0	0,17	0,09	0	0
5,99	7,41	13,41	7,73	0	0	0,62	0,48	3,7	3,26	0	0
4,08	5,41	1,32	0	0,01	5,66	5,06	3,41	-999	0	0	0
0	0	0	0,05	0	0	0	0	0	0	0	0
0	0	0	0	0	0	0	0	0,02	0	0	0
0	0	0,02	0	-999	0	0	0	0	0	0	0
0	0,06	0,62	4,3	5,49	0	1,6	5,55	0,07	0,1	0,93	0,1
0	0	0	0	0	0	0	0	0,03	0	0	-999
0	0	0	0	0	0	0	0	0	0	0	0
0	0	0	0	0	0	0	0	0	0	0	0
0	0,06	0,07	0	0	0	0	-999	0	0	0	0
0	0	0	0	0	0	0	0	0	0	0	0
0	0	0,07	0,01	0	0	0	0	0	0	1,19	1,03
1,03	0	0	-999	0	0	0	0	0,03	0,03	0	1,83
3,45	0,22	0	0	0,29	0	0	0	1,2	11,98	3,63	0,43
0,65	0,06	0	0	0	0	0	0	0	0	-999	0
0,2	8,48	2,97	0	0	0	0	1,56	0,98	0,86	0,49	4,72
3,34	0,92	0	0	0	0,16	0,18	3,47	3,63	0,59	38,37	24,5
2,67	1,29	2,2	0,37	0,53	0,05	-999	7,39	9,01	4,91	5,45	3,98
2,94	9,2	9,33	6,08	23,95	32,41	16,14	18,28	3,75	2,87	0	0
0,27	1,18	3,18	6,64	6,53	0	2,1	2,08	2,28	2,65	0,5	1,75
4,02	-999	25,56	18,7	0,61	23,62	15,44	6,78	16,45	0,1	7,79	6,77
18,6	17,62	12,1	7,67	0	1,94	0,63	0,29	3,47	11,55	21,32	39,19
14,83	2,86	3,17	2,57	1,84	0	0,16	0	0	-999	1,12	3,74
0,9	3,31	6,77	0,21	0,15	1,7	0,01	0,33	0,3	0	0	0
0	0	0	0	0	0	0	0	0	0,03	5,39	11,01
4,94	9,49	11,14	2,04	2,86	-999	2,67	0,54	4,19	1,78	2,68	5,06
0	0	0,07	0	0	0	13,68	11,67	20,86	36,61	35,58	9,62
4,26	1,73	0,61	0,95	10,2	9,55	5,83	3,24	5,06	1,2	-999	11,24
2,96	0	0	0	0	0	0	0	3,82	11,34	15,14	7,62
1,23	2,72	0,04	11,07	11,47	3,96	15,59	21,43	1,53	28,3	25,63	4,06
4,07	0,9	2,29	0	0,07	0,34	-999	0,04	0	0	2,34	3,66
1,45	0,15	14,54	16,72	7,25	3,55	1,39	4,12	0	0	0	3,83
3,24	10,26	10,55	0	2,12	2,07	6,88	0	0	0	0	0
0	-999	0	0	0	0,9	2,07	0,95	0	0	0	0
0	0,3	0	0	0	0	0	0	0	0	0	0
0	0,01	0	0	0	0	0	0	0,21	-999	1,12	0,06
0	0	0	0	0	0	0	0,58	0,15	0	0	0
0	0	0	0	0	0	0	0	0	0	0	0
0	0	0	0	-999	0	0	0	0	0	0	0
0	0	0	0,02	0	0	0	0	0	0,02	0	0
0	0	0	0	0	0	0	0	0	0	0	0
-999	0	0	0	0	0	0	0	0	0	0	0
0	0	0	0	0	0	0	0	0	0	0	0
0,32	5,77	0	0	0	0	0	0	-999	2,42	0,05	0
0,07	0	0,04	0,01	0	0	0	12,77	9,57	0,48	1,94	3,19
7,93	7,75	0	0	0	0,1	1,37	1,73	2,41	1,59	1,21	0,46
0	0	0	-999	0	0	0	19,9	14,39	3,57	24,7	24,98
12,11	0,05	0,01	5,59	11,14	15,56	0,09	0	0	0	12,39	12,29
2,61	0	0	0	0	0	0	0	0	0,24	0,68	-999
0,39	4,42	1,97	0,29	0	5,9	8,97	24,59	6,77	0	0	0
0,18	24,25	13,95	9,08	0	0,09	35,55	52,69	15,33	0	20,69	5,93
3,27	3,69	0,88	0	0	0	-999	4,69	14,58	21,71	17	15,03
21,99	19,48	8,22	0,03	0	9,25	31,05	43,24	17,51	8,12	12,38	0,33
0,68	1,15	1,63	6,71	2,5	10,89	10,11	0	0	0	0,67	15,51
34,93	0,81	-999	9,02	3,04	16,86	12,09	6,21	0	0	0	0
0	0	0	0	0	0	0	0,05	0,69	0	2,06	1,89
0,01	0	0	0	0	0	0	0	2,47	10,44	-999	0,79
1,98	0,49	0,09	6,51	14,98	0,25	2,21	0	2,31	6,41	5,32	0,58
5,94	24,36	13,45	29,4	21,83	7,13	0	0	0	0	1,8	0,22
0	0	0	-999	0	0	0	0	0	0	0	0
0	5,87	3,72	0,1	0	0	0	0	0,02	0	3,38	7,24
2,13	3,63	0,02	0,63	0,69	0	0,04	4,48	7,18	31,93	41,35	-999
14,27	0	0,56	0,9	0	0	0	0	0,01	0,05	0	0
0	1,03	1,24	0	0	0	0	0,04	2,18	0	0,14	0
0,01	0	0	0	0	0,35	-999	6,29	3,13	0	0	0,36
7,13	10,05	1,68	2,09	5,73	1,02	0	0,37	0,68	0	0	0
0	0	0	2,94	3,08	0	0,75	2,44	0	0	0	0
0	0	-999	0	0	0,06	0,17	0,09	0	0,03	0,15	0
0	0	0	0	0	0	0	0	0	0	0	0
0	0	0	0	0	0	0	0	0	-999	0	0
0	0	0	0	0	0	0,03	0	0	0	0	0
0	0	0	0	0	0	0	0	0	0	0	0
0	0	0	0	0	-999	0	0	0	0	0	0
0	0	0	0	0	0	0	0	0	0	0	0
0	0	0	0	0	0	0	0	0	0	0	0
0	-999	0	0	0	0	0	0	0	0	0	0
0	0	0	0	0	0	0	0	0	0	0	0
0	0,07	0	0	0	0	0	0	-999	0	0	0
0	0	0	0,1	0	0	0	0	0	4,41	9,78	5,03
0,17	0,04	0,1	0,13	0,25	0,89	0,03	0,91	0	2,93	10,35	3,53
0,03	0,1	0,4	0,95	-999	0,04	2,38	0,99	1,28	2,65	3,45	2,76
0,09	0,47	4,18	20,68	11,41	3,02	7,47	10,75	31,04	23,62	7,12	17,13
3,69	8,92	4,48	7,02	1,25	8,11	2,05	1,45	0,12	0,44	0,03	-999
2,36	0,49	3,25	3,65	0	0	15,5	20,89	5,79	0,77	15,59	25,71
30,19	35,67	23,12	0,18	0	0	19,14	9,26	3,35	0	0	0
0	0	0	2,8	16,34	16,18	0	-999	6,22	8,91	4,27	1,38
0,05	0	0,25	0,06	0	0,24	4,51	0,82	0,06	8,26	10,86	19,84
32,74	22,07	5,31	0,17	25,63	35,17	54,62	46,29	69,98	11,57	0,63	0
0	0,2	1,2	-999	3,67	18,77	6,01	2,23	0,02	2,56	0,15	0,95
0,14	0	0,59	0	0	0	0	0	0	0	0	0,23
0,73	14,46	3	6,86	5,08	17,25	11,26	13,92	-999	0,92	0	0
0	0	0,49	1,21	0,12	0,08	0	3,19	7,78	0	1,54	0,89
1,28	11,23	7,26	0,52	2,19	8,88	4,49	0	0	0	0	0
0	0,19	0,16	0,7	-999	0,55	1,33	8,91	16,78	8,58	0,7	0,88
0,03	0	1,96	0,03	2,97	3,26	7,57	0	1,33	0	0	0
0	0	0	0	0,01	0	0	0	0	2,4	0,38	-999
0	0,05	0	1,28	0,24	0,83	1,12	0	0	0	0	0
0	0	0	0	0	0	0	0,3	0	0	25,5	18,44
2,2	0	0	0	0,51	1,98	12,55	-999	6,52	0	0	0
0,05	0,03	0	0	0	0	0	0	0	0	0	0
0	0	0	0	0	0	0	0	0	0	0	0
0	0	-999	0	0	0	0	0	0	0	0	0
0	0	0	0	0	0	0	0	0	0	0	0
0	0	0	0	0	0	0	0	0	0	-999	0
0	0	0	0	0	0	0	0	0	0	0	0
0	0	0	0	0	0	0	0	0	0	0	0
0	0	0	0	0	0	-999	0	0	0	0	0
0	0	0	0	0	0	0	0	0	0	0	0
0	0	0	0	0	0	0	0	0	0	0	0
0	-999	0	0	0,04	0	0	0	0,09	4,3	14,05	0,11
0,17	0,37	3,19	14,17	20,94	10,04	7,31	6,39	6,09	0,15	0,93	3,01
1,9	2,79	0,71	14,35	10,76	3,1	4,34	2,86	6,31	-999	9,48	28,53
9,57	3,86	0,74	4,74	11,68	6,05	6,25	11,69	10,03	4,25	0,11	0,15
0	0,61	0,47	10,65	16,88	24,37	14,54	10,77	3,65	0,57	0	0,31
0	0	0	0	-999	1,59	7,12	13,38	29,78	16,86	11,3	5,88
6,15	0,53	0,55	0	0	23,79	15,47	6,65	16,29	23,7	37,71	13,36
7	0,21	6,73	16,55	22,2	20,75	6,04	39,24	24,93	27,6	41,93	28,24
-999	8,24	10,53	2,11	0,3	0,16	0	0	0	0,01	0	0
0	0	0	0,11	0	0	0,18	0	0	0	0	0
0	0	1,27	3,74	0	0	0	0	-999	0	0	0
0	0	0	0,03	0,17	0	0	0	2,3	20,2	14,47	11,72
8,17	2,49	45,89	24,14	12,52	4,21	4,89	0,01	0	0,09	0	13,64
12,23	3,99	-999	16,49	35,94	16,66	3,46	4,9	10,59	2,46	3,28	3,85
10,82	6,79	19,28	0	0	0	0	0	1,53	0,09	3,82	0
13,92	19,51	6,4	3,68	0	0	0	0	0	0,13	-999	2,03
0,01	0	0	0	0	0	0	0	0	0,62	0,23	0,04
0	0,16	0,04	4,27	3,23	0,19	0	0	0	0	0	0
0	3,33	2,07	0,1	0	-999	2,83	1,11	0,47	0	0,08	1,86
0,04	10,38	13,61	0,57	0	0	1,61	2,14	0	3,45	2,02	10,46
0,25	0,5	4,19	0	0,03	1,8	0,11	5,19	9,92	0,73	0,03	0,73
1,08	-999	0,9	11,48	10,11	2,97	2,39	0	3,45	1,03	2,31	1,89
8,23	6,68	5,1	6,72	8,22	0,31	0	0	0	0	0	0
0	0	0	0	0	0	0	0	-999	0,23	0,03	0
0	0	0,33	0,22	0,02	0	0	0	0	0	0	0
0	0	0	0	0	0,09	0	0	0,11	0,09	0,18	0
0,29	0,64	3,28	2,11	-999	0	0	0	0,09	0,21	0,01	0
0,15	0,02	0	0	0	0	0	0	0	0	0	0
0	0	0	0	0,6	0,82	1,89	0	0	0	0	0
-999	0	0	0	0	0	0	0	0	0,03	0	0
4,02	1,81	0	0	0	0	0	0	0	0	0	0
0	0	0	0,15	0	0,07	0,04	-999	0	0	0	0
0	0	0	0	0	0	0,1	5,53	9,31	0	0	0
0	1,18	1,72	0,64	0	0	0,79	0,33	0	0	0,06	0,44
0,05	7,85	5,49	-999	0,05	0	0	9,16	12,25	3,29	0	0
0	6,51	11,86	1,57	0,15	0,45	1,06	0,57	0	0	0	2,26
5,78	6,6	9,54	13,95	18,72	35,29	21,43	2,01	0	0	-999	0
0,45	7,98	1,07	0	6,09	15,8	42,01	40,8	4,88	0	0	1,05
16,93	31,89	45,04	22,38	1,37	1,62	9,71	23,47	15,7	5,72	35,5	36,79
46,06	51,57	14,95	1,1	0	7,32	-999	5,71	0,71	0,32	0	0
0	0	0	0	8,45	19,44	49,82	25,15	7,51	8,52	7,94	15,67
26,52	7,92	17,99	7,65	3,61	0	0	0	0	0	2,35	5,04
5,96	0,73	-999	1,17	1,33	3,76	14,98	16,77	15,5	4,36	20,39	12,3
1,69	1,82	1,17	2,09	10,55	16,19	23,39	12,14	6,57	2,22	5,15	4,88
16,21	10,94	6,07	8,71	3,69	1,36	0	-999	0	0	0	0,45
0,58	0,31	3,87	15,58	8,68	15,22	9,37	5,43	8,14	4,19	4,85	1,57
6,67	4,58	2,48	4,68	18,54	6,01	8,66	11,25	2,17	1,06	0,39	0,74
0,03	0,17	0	-999	1,43	9,35	21,8	7,54	11,39	32,45	7,39	0,65
0,51	4,27	7,1	0,65	0	0,01	4,09	4,68	1,42	0	0	0,29
0	0	0	0,01	0	0,58	0,28	0,64	0	0,18	-999	0,01
0,3	0	0	0	0	9,33	12,5	0,58	4,77	11,05	0,77	1,18
1,59	1,33	6,45	37,65	0	0,03	0	0	0,44	0	0	0
0	0	0	0	0	0	-999	0	0	0	0	0
0	0	0	4,02	1,91	0	1,21	0,03	0	0	0	0
0	0	0	0	0	0	0	0	0	0	0	0
0	-999	0	0	0	0	0	0	0	0	0	0
0,03	0,03	0	0	0	0	0	0	0	0	0	0
0	0	0,06	0,03	0	0	0	0	0	-999	0	0
0	0,05	0	0	0	0	0	0	0	0	0	0
0	0	0	0	0	0	0	0	0	0	0	0
0	0	0	0	0,14	-999	0,15	0	0,88	3,91	7,34	0
0	0	0	0	0	0	0	0	0	0,04	0	0
1,64	1,28	0	6,14	16,52	2,98	0,13	4,84	12,07	8,07	0	3,59
-999	5,39	0	0,06	0,21	0	0,2	0,47	0	0	0	0
0	0	0	0	0	1,28	0,97	0	0	0	0	0,17
0,78	0,02	0,6	2,2	0,17	3,32	0	0	-999	0	0,73	0
5,08	24,94	12,66	12,34	20,86	33,91	13,96	0	0,97	8,25	5,06	7,58
3,13	13,27	16,32	1,77	0,29	6,93	6,35	17,76	15,67	15,99	7,33	7,52
19,02	8,52	18,52	-999	14,04	18,9	20,61	14,1	44,75	11,54	13,75	25,76
30,39	28,87	26,58	11,31	10,45	17,94	33,11	8,62	18,6	13,68	21,19	22,27
5,54	10,6	11,08	1,24	2,13	0	0	0	0	0	0	-999
0	0	0	0	0	0	0	0	5,27	10,99	0	0
0	0	10,16	14,84	8,23	23,97	27,52	17,9	16,22	18,05	27,86	11,65
6,65	16,66	6,17	22,48	14,39	0	0	-999	0	0	0,88	11,8
2,13	6,89	10,62	13,73	20,22	4,04	21,43	9,04	0	0	0	0
0	0,53	0	0	0	0	0	0	4,15	14,87	4,29	6,95
-999	2,71	1,4	0	0	0	0	0,14	0,12	0	0	0
0	0	0	0	0	1,06	1,89	7,87	1,75	1,51	3,16	10,42
10,26	6,29	0	0	0	0	0	0	-999	3,94	5,4	0
0	0	0	0	0	0	0,4	0,25	0	4,53	12,52	4,31
0	0,82	9,17	24,33	22,57	0	0	0	0	0	0	0
0	0	0	-999	0	0,11	0,11	0	0	0	0	0
0,11	0,08	0,02	0	2,21	1,17	0	0	0	0	0	0
0,06	0,52	4,18	5,23	11,55	3,01	1,51	1,27	0	0	0	-999
0	0	0	0	0	0	0	0,09	0	0,37	0	0
0	0	0	0	0	0	0	0	0,06	0,01	0	0
0	0	0	0	0	0	-999	0	0	0	0	1,17
0	0	0	0	0,77	3,44	1,1	1,1	2,63	0,12	4,88	9,9
18,64	14,37	2,46	0,03	0,05	0	0	0	0	0	0	0
0	0	-999	0	0	0	0,59	0	0	0	0	0
0	0	0	0	0	0	0	0	0	0	0	0
0	0	0	0	0	0	0	0	3,3	0	-999	0
0	0	0	0	0	0	0	4,31	3,74	0,37	2,9	15,36
24,32	6,68	0	0	0	0	0	0,03	0	0	0	0
0,07	0	0,65	0	0,02	-999	0	0	0	0	0	0
2,75	19,33	11,52	0	12,94	11,88	11,26	0	0	0	4	11,16
2,35	0	0	0	3,2	2,08	1,38	3,51	8,84	22,97	11,66	4,44
4,41	-999	9,55	6,87	5,81	6,57	3,06	1,87	0	0	0	0
0	0	0	0	0	0	0	0	0	0	0	6,18
24,07	31,78	3,82	4,87	0	3,46	12,49	16	-999	0	0	0
0	0	0	7,71	8,76	3,29	3,75	23,43	17,22	23,45	13,91	14,42
0,21	0	0	0	0,43	0,5	9,92	8,98	1,95	0	2,51	0,05
0,64	4,38	8,76	5,47	-999	6,89	4,72	5,56	9,79	9,65	19,75	8,76
15,34	17,4	7,61	2,34	2,43	1,24	4,29	1,74	0,1	0	1,57	6,34
2,79	3,16	12,89	23,28	12,88	2,57	2,24	0,95	0,14	0	0	0,05
-999	0,17	2,18	2,75	0	0	0	0,1	0	0	0,9	7,32
3,03	4,34	0,28	1,43	0,93	0	0	0	0	0	0	0
0	0	10,01	10,53	15,9	-999	6,11	11,32	28,51	27,31	21,5	21,85
10,24	12,1	4,22	4,51	0,93	0	0,19	3,48	11,71	0,06	0	3,61
0,82	0	0	0	0	0	0	0,15	2,88	9,92	3,36	0
0	-999	0	0	0	0	0	0	0	0	0	0
0	0	0	0	0	0	0	0	0	0	0	0
0	0	0	0	0	0	0	0	-999	0	0	0
0	0	0	0	0	0	0	0	0	0	0	0
0	0	0	0	0	0	0	0	0	0	0	0
0	0	0	0	-999	0	0	0	0	0	0	0
0	0	0	0	0	0	0	0	0	0	0	0
0	0	0	0	0	0	0	0	0	0	0	-999
0	0	0	0	0	0	0	0	0	0	0	0
0	0	0	0	0	0	0	0	0	0	0	0
0	0	0	0	0	0	0	-999	0,1	0,02	0	0
0	0	0	0	0	0	0	0	0	0,18	0	0
0	0,29	0,03	0	0	0	0	0	0	0	0	0
0	0	0	-999	0	0	0	0	0	0	0,15	0
0	0	0	0	0	0	0	0	0	0	0	0
0	0	0	0	0	0,12	5,54	4,94	1,03	1,72	-999	0
0	0	0	4,92	13,52	6,15	4,31	0,01	0	0	0	0
0,67	3,53	24,49	22,05	6,55	1,24	0,13	15,11	29,92	17,28	0	0
0	0	0	1,34	12,45	12,9	-999	16,73	5,15	0,14	7,85	7,5
2,68	3,65	0,1	0,13	0	0	5,63	3,66	0,39	13,28	7,29	12,67
34,28	30,61	15,35	11,45	8,63	6,58	0,81	0	0,05	12,98	2,67	0
0	-999	0	0	0	1,31	8,61	5,32	6,21	24,32	40,9	18,19
15,04	7,38	4,82	0,07	0	0,09	1,19	0	0	0,22	8,77	6,03
5,29	3,53	2,64	1,52	0	0	4,67	4,15	21,29	-999	29,47	3,16
0	0,56	3,75	5,36	6,94	10,64	2,32	0,74	14,49	23,92	8,6	0,72
1,07	4,14	21,08	28,85	26,73	12,68	13,51	30,23	20,1	22,18	35,27	2,13
2,11	3,37	1,55	0	0	-999	1,01	21,5	19,73	43,31	18,67	2,3
1,25	2,5	0	0	0	0	0	0	0	0	0	0,26
0	0	0	0,02	1,48	13,23	0,06	0	5,15	13,26	32,51	-999
35,64	5,19	7,48	2,2	6,19	9,74	9,65	2,4	5,29	0,87	11,15	7,5
14,37	15,74	14,48	16,05	3,28	1,6	0,63	13,43	13,06	5,49	3,24	2,11
10,31	6,69	0,35	0	1,03	0,24	1,03	-999	1,79	0	0	0
0	0	0	0	0	5,01	2,57	0,7	0	0	0	0
0	0	0	0	0	0	0	0	0	0	0	0
0,69	0	-999	0,08	0,01	0	0	0	0	0,04	0,15	3
4,12	2,84	0	0,5	0	4,63	13,5	4,32	0,86	0	0	0
0	0	0	0	0	0	0	0	0	1,29	-999	1,12
0,75	0,02	0	0	0	0	0	0	0	0,02	0,21	0
0,21	0,87	0,31	0	0	0	0	0	0	0	1,98	0,44
4,52	1,97	1,02	0	0	-999	0	0	0	0	0	0
0,19	0	0	0,03	0,17	0,13	0	0	0	0	0	0
0	0,18	0	0	0	0	0,32	0	0	0	0	0
0	-999	0	0	0	0	0	0	0	0	0	0
0	0	0	0	0	0	0	0	0	0	0	0
0	0	0	0	0	0	0	0	0	-999	4,91	8,71
1,39	0	0	0	0	0	0	0	0	0	0	0
0	0	0	0	0	0	0	0	0	0	0	6,92
9,46	1,81	1,55	2,35	-999	8,54	0,97	3,48	1,92	0	0	0
0	0	0	0	0	0	0	0	0	0	0	0,05
0,19	0	0	0	0	14,54	7,94	8,78	6,41	3,78	1,41	0
-999	0,18	0,3	0	0	0,09	7,31	6,14	0	0	0	0,09
3,63	16,12	17,64	7,68	16,61	0,26	5,52	13,69	10,17	4,81	8,4	5,92
2,16	8,16	16,2	14,24	12,74	6,86	1,78	-999	19,08	18,57	32	17,18
0	7,63	23,03	20,35	2,67	2,78	3,28	0,16	13,71	9,94	7,22	7,91
20,99	35,63	24,12	17,83	1,64	4,03	7,64	1,09	0,05	0	0,16	0
1,21	5,15	6,77	-999	29,81	28,23	35,91	27,59	21,63	12,59	28,39	9,97
13,09	34,65	39,61	19,56	8,94	14,16	9,33	5,73	6,26	7,87	0,21	25,08
18,82	7,21	8,9	24,32	26,61	68,6	41,58	29,4	14,55	11,72	5,98	-999
7,35	0,03	0	0	0	0	0	0,16	0,11	3,44	8,84	18,34
26,34	43,5	43,17	11,04	1,7	0	3,12	12,47	2,4	0	0,03	2,8
3,62	4,03	0,19	0	-999	6,91	9,68	1,67	0,11	10,65	10,01	24,44
21,91	0,87	5,87	0,63	0,96	13,42	1,63	0,49	4,57	0	0,19	10,14
7,75	0	0	0	0	0	1,19	0,15	0	0	0	0
-999	0	0	0	0,06	1,79	0,13	2,56	0	0	0	0
0	0	0	0	0	0	0	0	0	0,2	2,46	1,97
0	0,14	1,3	3,55	5,04	11,03	1,54	-999	0	0	0	4,99
5,36	0,52	0,09	0	0	0,33	1,37	0	0	0	0	0
0	0	0	0,31	0,02	0,01	0	0	0	0	0	0
0	0	0	-999	0	0	0	0	0	0,46	0,07	0,73
0	0	0	0	0	0	0	0	0,8	0	0	0
0	0	0	0	0	0,03	0	0	0	0,02	-999	0
0	0	0	0	0	0	0	0	0,08	2,74	0	0
0	0	0	0	0	0	0	0	0	0	0	0
0	0	0	0	0	0	-999	0	0	0	0	0
0	0	0	0	0	0	0	0	0	0	0	0
0	0	0	0	0	0,02	0	0	0	0	0	0
0	0	-999	0	0	0	0	0	0	0	0	0
0	0	0	0	0	0	0	0	0	0	0	0
0	0	0	0	0	0	0	0	0	-999	0	0
0	0	0	0	0	0	0	0	4,42	5,41	2,67	0
5,76	2,72	0	0	0,06	0	0	0	0	0	0	3,16
8,15	10,1	1,21	0	0	-999	0	0	0	1,3	2,75	3,78
9,95	4,98	0,84	0	23,26	32,86	19,07	13,67	0,63	17,38	23,87	2,19
0,14	0	0	0	0	1,47	0,51	0	0	2,71	2,23	1,68
-999	0	3,19	0,73	2,78	5,52	7,44	9,96	2,42	1,3	2,54	6,29
9,47	3,92	20,8	1,38	0	0	0	0	0	0,1	0	0,44
0	2,24	0	0	5,82	15,66	24,17	18,98	-999	1,43	4,41	3,39
32,72	24,76	22,56	17,38	1,62	13,74	34,72	58,99	22,99	6,34	10,35	5,14
26,36	9,62	11,51	2,02	13,4	12,91	25,7	28,84	4,49	23,03	32,77	25,69
16,48	4,06	6,42	22,77	-999	0,24	0,93	2,98	18,66	12,94	26,17	32,94
7,23	27,5	23,29	10,69	4,38	4,5	4,49	11,02	7,18	3,19	2,87	10,05
11,94	3,4	3,14	3,11	1,04	11,56	4,83	2,5	0	-999	0	5,33
16,6	9,75	10,15	20,48	13,31	3,3	0	0	0,57	2,78	0,65	0
0	0	0	0	0,09	1,09	3,76	4,52	4,49	0	0	0
0,59	0	0	0	0	-999	0,58	0,67	0,4	1,67	0	0
0	0	0	0,49	0,97	0	0,19	0	0	0	0	0
0	0,29	0,02	0	0,06	0	0	19,19	11,4	0	0,49	1,28
-999	1,35	0,38	5,69	3,35	0	0	0	0	0	0	0
0	0	0,02	0	0	0	0	0	0	0	0	0
0	0	0	0	0	0	0,16	0	-999	0	0	0
0	1,87	3,63	1,73	0,14	0,27	0	0	0	0	0	0
0	0	0	0	0	0	0	0	0	0	0	0
0	0	0	-999	0	0	0	0	0	0	0	0
0	0	0	0	0	0	0	0	0	0	0,4	0,07
0,37	1,54	0	0	0,35	0,11	0	0	0	0	0	-999
0	0	0	0	0	0	0	0	0	0	0	0
0	0	0	0	0	0	0	0	0	0,02	0,23	1,74
0	0	0	0	0	0	0,03	-999	0,88	1,21	1,54	0
0	0	0	0	0	0	1,03	1,17	4,23	3,83	3,81	0
0	0	0	0	0	1,99	14,2	6,25	0	0	0,38	0
0	0,12	-999	0	4,18	3,32	2,18	3,88	0	0	0	6,28
15,16	16,29	16,87	13,72	3,59	3,43	0	0	0	0	0,16	0,02
0	0	0,44	0,74	4,59	4,33	9,23	15,63	10,03	7,34	-999	11,82
4,17	4,98	1,69	0	2,76	14,8	27,19	23,79	23,82	8,45	0,05	0
0	0	0	1,19	4,88	0,01	2,04	10,23	14,13	4,95	1,77	0,92
0,52	0,53	0,61	0,41	0,57	-999	6,64	2,29	0,05	26,7	6,59	12,29
8,14	3,57	8,04	18,61	29,86	31,66	16,14	34,62	41,06	27,43	5,55	26,9
29,31	53,57	8,28	15,16	54,68	56,88	20,56	12,73	18,5	24,11	9,94	7,9
7,08	-999	5,22	4,02	10,54	0,42	0,03	1,88	6,07	1,74	0	0,15
0	0	0	0	0	0,28	0,02	0,01	0	0,01	0	7,35
12,65	9,91	0,07	0	0	0	1,35	0,6	0,3	-999	0	2,86
7,04	13,76	6,09	17,72	20,23	3,43	0,89	0,03	0	14,27	10,28	12,63
2,48	0,13	5,07	0,18	0	0	0	5,12	2,32	0,84	0	0
0	0	-999	0	0,4	2,76	1,87	0,37	0	0	0	0
0	0	0	0	0	0	0,45	0,09	0,13	0	0	0
0	0	0	0	0	0	0,02	0	0	0	-999	0
0	0	0	0	0,03	0,51	0,28	0,96	5,88	4,62	0,6	0
0	0	0	1,92	0,04	0	0	0	0	0	0	1,17
0	0	0	0	0	-999	0	0	0	0	0	0
0	0	0	0	0	0	0	0	0	0	0,09	0
0,47	0	0	0,06	0	0	0	0	0	0	0	0
0	-999	0	0	0	0	0	0	0	0	0	0
0	0	0	0	0	0	0	0	0,47	0	0	0
0	0	0,01	0,06	0	0	0	0	-999	0	0	0
0	0	0	0	0	0	0	0	0	0	0	0
0	0	0	0	0	0	0	0	0	0	0	0
0,01	0	0	0	-999	0	0	0	0	0	0	0
0	0	0	0	0	0	0	0	0	0,03	0	0
0	0	0	0	0	0	0	0	0	0	0	0
-999	0	0	0	0	0	0	0	0	0	0	0
0	0	0	0	0	0	0	0	0	0	0	0
0	0	0	0	0	0	0	-999	0	0	0	0
0	0	0	0	0	0	0	0	0,07	0,4	0	0,07
0,13	0,06	0,04	0	0	0,07	0,61	0	0	6,53	17,4	8,83
0	0	0	-999	2,89	6,44	1,79	4,57	0	1,62	4,22	0
0,51	1,88	3,26	2,06	0,27	0,03	10,01	8,88	9,68	4,25	11,09	1,11
0	0	0	0,34	0,03	1	4,46	1,26	0,04	0	-999	0,73
3,61	14,38	0	0	0	0	0	0	0	1,07	0,01	4,68
12,76	0,85	0	0	0	11,53	18,26	11,89	0,02	0	0	0
0	0,78	2	13,03	8,61	10,03	-999	12,86	26,66	30,9	31,64	16,69
5,69	5,95	14,85	15,58	20,41	12,69	10,69	48,8	41,13	10,94	0,91	4,78
10,6	13,25	6,26	1,14	2,34	11,72	26,77	34,08	25,01	10,08	9,59	4,46
11,22	3,31	-999	14,28	17,25	10,36	10,14	1,88	0	0	0	4,99
3,79	0,09	0,16	3,5	5,64	5,68	10,5	4,51	0,09	3,3	25,31	42,31
57,4	41,79	11,19	6,25	17,48	5,32	0,55	0	-999	0	0,14	0
0	0,47	0	0	0	0,02	0	0	0	0	0	2,55
10,44	7,94	0,12	0,01	0	0,19	0,4	0	0	0	0	0
1,28	14,15	22,2	3,17	-999	0,13	0,67	1,81	0	0	0	0
0	0	0	0	0,52	0	1,18	0	0	0	0,6	0
0	0	0	0	0	0,03	5,19	1,12	0,55	3,29	0,61	-999
4,23	11,77	5,25	0,54	0	1,69	1,17	0	0	0	0	0
0	1,89	2,47	0	0	0	0	0	0	0	0	0
0	0	0	0	0	0	0	-999	0	0	0	0
0	0	0	0	0	0	0	0	0	0	0	0
0	0	0	0	0	0	0	0	0,3	1,55	1,54	3,23
3,6	5,25	-999	0,02	0	3,89	6,17	1	0	0	0	0
0	0	0	0	0	0	0	0	2,37	7,24	21,33	7,4
0,37	0	0	2,19	4,81	8,69	1,63	0	0	0	-999	0
0	0	0	0	0	0	0	0	0	0	0	0,3
0,07	0,15	0	0	0	0	0	0,04	0	0,14	0,06	0
0	0	0	0	0	0	-999	0	0	0	0	0
0	0	0	0	0	0	0	0	0	0	0	0
0	0	0	0	0	0	0	0,03	0,54	0	0	0,58
0	-999	0	0	0,46	1,71	1,34	14,43	30,75	4,85	2,5	4,35
0	3,53	1,42	1,16	2,1	2,9	7,7	9,37	4,04	6,01	16,38	24,77
8,24	11,99	0	0	6,38	5,19	6,09	2,64	14,87	-999	19,66	10,76
1,28	0,74	5,5	26,83	15,91	2,05	14,5	7,41	8,13	1,23	0	5,51
11,21	10,93	10,71	3,04	16,35	28,25	29,65	38,48	13,24	0	0	0
0	0	11,99	9,74	-999	16,64	29,32	22,59	8,17	0,66	0,03	2,07
10,97	14,49	15,82	14,53	6,67	9,81	2,28	0,43	0	0,03	13,96	15,97
15,07	13,42	11,82	10,39	17,26	12,79	8,26	8,97	10,47	16,5	13,46	15,25
-999	11,87	13,19	15,28	16,9	26,46	13,35	0,53	12,64	22,47	26,28	1,74
0	0	0	0	0	0	0,89	22,59	26,43	11,48	2,4	2,28
5,37	7,51	0,51	0,86	1,27	5,1	3,75	1,93	-999	1,88	5,4	8,07
22,4	11,58	11,92	12,72	26,93	24,15	14,72	19,21	8	4,17	4,65	8,55
11,53	26,83	72,39	42,93	12,9	4,81	7,4	17,46	5,16	8,26	13,52	14,14
0,3	-999	0	0	1,08	4,6	4,76	6,41	14,45	9,72	17,83	28,19
17,32	9,58	14,43	2,57	0,59	2,62	7,43	17,04	15,3	6,32	1,31	0
0	0,01	0,33	12,05	10,54	8,5	7,05	0	0	-999	0	0
0	0,06	0	0,03	0	0	3,11	0,51	0,03	0,96	0	0
0	0	1,15	0	0	0	0,11	1,69	0	0	0	0
0	4,92	7,21	1,33	-999	0,73	0,15	2,79	0	0	0	0
0	0	0	0	0	0	0	0	0,5	2	13,02	10,72
0	0	0,4	0,43	0	0	0	0	0	0	0	0
-999	0	0	0	0	0,03	0	0	0	0	0	0
0	0	0,09	0	0	0	0	0	0,1	0	0	0
0	0	0,15	0	0	0	0	-999	0	0	0	0
0	0	0,55	0,11	0,32	4,02	2,5	0	0	0	0	0
0,42	0,18	0	0	0	0	0	0	0	0	0	0
0	0	0	-999	0	0	0	0,17	1,31	0	0	0
0	0	0	0	0	0	0	0	0	0,11	4,47	0,79
16,92	15,69	0	0	0	0	0	0	0	0	0	-999
0	0	0	0	0	0	0	0	0	0	0	0
0	0	0	0	0	0	0	0	0,74	0	0	0,88
1,52	7,32	16,5	12,7	1,07	3,45	-999	21,64	16,54	1,04	0	0
0	0	0	0,11	0,46	1,51	2,42	1,11	5,81	8,53	0,46	3,12
15,07	14,05	6	12,94	3,01	9,02	9,04	36,82	22,05	3,07	5,21	33,19
49,19	46,55	-999	7,1	0	0	4,47	0	0	0	0	2,25
5,87	1,15	11,48	20,42	13,68	24,66	9,92	6,02	1,72	0	0,73	15,83
14,49	0,69	1,52	2,57	8,31	32,42	23,98	1,65	0,74	-999	5,34	15,86
26,05	11,33	6,04	12,94	17,99	9,27	8,33	6,06	2,29	2,01	1,2	2,44
0,54	2,06	1,96	0	0	0,45	6,73	5,06	4,07	5,06	2,95	3,59
1,21	0	2,19	2,49	27,41	-999	30,8	23,27	17,31	20,59	28,29	27,13
11,75	19,91	22,85	26,08	33,26	32,67	42,08	30,48	9,61	2,72	0,72	0
0	0	0	0	0	0	0	0	1,05	4,89	8,22	5,43
10,25	-999	42,62	46,48	5,97	3,38	11,84	17,68	2,15	0,11	0,8	1,96
2,26	0	0	0	0	0	0	0	0	0	0,12	0,24
0,08	0	0,66	6,89	2,85	0	-999	0	0	0	3,24	7,91
7,38	24,63	12,55	11,75	43,77	33,01	0,08	0	0	0	0	0
0	0	0	0	0	0	0	0	0,07	0	1,56	3,65
0,35	0	-999	1,54	7,18	9,33	0,58	0,16	0,08	2,45	1,14	0,36
0	0,02	0	0	0	0	0	0	0	0	0	0
0	0	0	0	0,05	0,08	0,05	0	0,04	-999	0	0,67
0	0	0	0	0	0	15,97	15,15	0,04	1,12	0,24	0,42
0,29	0	0,06	0,04	0	1,1	0	2,16	2,47	1	0	0
0	0	0	0	0	-999	0	0	0	0	0	0
0	0	0,03	0,03	0,03	0,08	0	0	0	0	0	0
0	0	0	0	0	0	0	0	0	0	0	0
-999	0	0	0	0	0	0,73	0,63	0	0	0	0
0	0	0	0	0	0	0	0	0	0	0	0
0	0	0	0	0	0	0	0	-999	0	0	0
0	0	0	0	0	0	0	0	0	0	0	0
0	0	0	0	0	0	0	0	0	0	0,11	0
0	0	0	0	-999	0	0	0	0	0,09	0	0
0	0	0	0	0	0	0	0	0	0	0	0
0,61	6,61	5,45	0	0	0	0	0	6,43	9,38	6,53	-999
0,7	4,48	2	0,1	0,4	7,86	16,47	10,1	0,52	0	4,13	8,08
4,14	1,35	0,08	0,63	5,31	5,62	0,95	0	0	0,31	8,05	9,35
0	0	2,91	16,74	16,57	0	0	-999	6,44	14,14	6,52	7,47
3,81	7,45	0,54	0,67	0,11	4,53	12,26	17,46	31,35	3,99	3,72	2,36
2	4,31	1,2	0	8,59	9,32	1,49	0,15	0,76	0,33	3,37	8,82
0,63	0,02	-999	2,5	0	0	0	8	14,38	0,76	20,95	6,32
2,84	0,76	0,03	0	0	0,24	17,6	22,32	30,67	39,56	21,37	12,3
23,81	25,87	41,64	23,74	6,16	33,5	26,94	1,63	4,96	2,45	-999	0,39
2,81	0,09	0	19,09	16,92	7,22	2,91	0,07	13,03	12,44	24,45	12,3
5,18	11,8	14,21	24,9	11,78	4,11	0,02	0,75	0	0,74	1,2	11,94
19,72	12,7	9,49	1,61	10,95	2,64	-999	3,2	2,1	3,5	0	1,43
5	0	17,84	14,9	11,18	18,97	24,67	4,64	6,49	4,98	7,74	13,34
6,02	15,31	0,89	0	0	0	0	0	0	0	0	-999
0,15	2,4	0	0	0	0,15	24,24	8,99	5,99	21,72	0	0
0	0	13,64	10,24	0,13	0	2,2	17,77	3,83	8,33	4,88	8,54
13,76	6,84	0,09	0	0	0,08	0,49	-999	0,43	0,02	0	0
0,48	0	0	0	0	0	0	0	0	0,12	4,13	6,18
3,44	0,21	0	0,11	0,03	1,88	0	0	1,02	9,78	0	0
0	0	-999	0	0	0	0	0	0	0	0	0
0	0	0	0	0	0	0	0	0	0	0	0
0	0	0	0	0	0	0	0	0	0	-999	0
0	0	0	0	0	0	0	0,29	0	0,44	5,49	0
0	0	0	0	0	0	0	0	0	0	0	0
0	0	0	0	0	-999	0	0	0,4	0	0	0
0	0	0	0	0	0	0	0	0	0,27	0	0
0	0	0	0	0	0	0	0	0	0	0	0
0	-999	0	0	0	0	0	0	0	0	0	0
0	0	0	0	0	0	0	0	0	0	0	0
0	0	0	0	0	0	0	0	0	-999	0	0
0	0	0	0	0	0	0,63	0,13	0	0	0,7	0,13
0	0	0	0	0	0	0	0	0	3,29	0	0,17
0,11	0,16	0	0	-999	0	0	0	0	0	0	0
0	0	0	0	0	1,94	5,81	5,61	0	0	0	0
0	0	0,65	1,74	0,83	0	1,39	8,05	6,38	3,04	10,99	10,07
-999	0	0	7,65	2,45	8,45	0	1,04	2,89	4,9	3,16	10,43
4,91	0	24,06	13,45	6,41	12,69	17,48	23,69	7,63	2,89	12,06	2,51
2,73	6,29	19,94	21,1	19,57	16,08	0,11	-999	0	0	2,06	1,01
13,85	0,28	2,43	7,19	6,65	13,64	11,69	5,62	2,68	0	2,19	4,74
7,24	15,46	17,19	17,11	13,29	18,68	32,2	22,78	9,79	6,79	3,5	5,65
5,59	3,88	3,95	-999	2,33	0,01	8,39	30,27	39,77	15,67	6,37	6,87
2,68	11,64	16,22	3,35	4,69	0	0	0	0	14,47	21,81	8,99
1,62	0	0	0	0	0,22	0,35	0,08	0,29	1,11	0	-999
7,36	10,16	1,57	0,74	0,5	0	4,39	4,7	9,19	8,6	0,01	0
0	0,24	2,44	18,21	11,95	9,41	1,03	0,96	0,19	12,93	23,29	18,5
14,01	15,17	13,07	17,26	25,32	-999	2,83	0,21	1,93	19,26	5,84	0
0,66	0	0	0	1,61	1,52	3,44	0	0	1,27	5,5	7,68
0	0	0	0	0	0	0	0	6,1	1,8	0	0
0	-999	1,1	14,6	10,54	0,8	24,96	29,02	1,4	0	0,01	0,02
1,05	0	0	0	0	0	0	0	0	0,29	1,27	0
0	0	0	0	0	0	0	0,01	-999	0	0	0
0	0	0	0	0	0	0,06	5,64	5	0,36	0	0
0,39	6,73	1,17	0	0	0	0	0	0	0	0	0
0	0	0	0	-999	0	0	0	0	0	0	0
0	0	0	0	0	0	0	0	0	0	0	0
0	0	0	0	0	0	0	0,87	0	0	0	-999
0	0	0	0	0	0,36	0	0	0	0	0	0
0	0	0	0	0	0	0	0	0	0,02	0,69	0
0	0	0	0	0	0	0	-999	0	0	0	0
3,49	10,62	0	0	0	3,14	2	0	0	0	0	0
0	0	0	0	0	0	0	0	0,24	1,88	0	0
0	0	0	-999	1,42	0,66	0	19,53	15,34	2,21	0	0
0	0	0	0	0	0	0	0	0	0,49	0	0
0	2,49	2,32	0	0	0	0	0	1,64	0	-999	22,55
2,43	1,03	0	0	0	0	0,77	1,38	5,15	4,76	24,99	0,89
8,4	2,36	9,01	18,34	3,14	11,53	0,68	0,1	0,11	3,14	3,03	6
0,03	0	0	0	0	0,62	-999	2,22	0	0	0,97	0
0	0	0	14,68	20,64	18,96	0,76	0	1,08	0	0,21	55,01
60,12	32,36	0	0	0	0	0	1,04	0,64	0	0	3,58
11,04	-999	5,95	20,46	56,21	29,61	16,29	14,19	17,12	11,86	9,4	36,86
0,11	0	0	0	0	0	2,21	3	9,4	5,63	2,43	1,15
0	0	4,67	6,64	0,77	0	0,03	5,14	0,43	-999	0	0,48
1,22	0,52	0	0	0	3,25	0	0	0	0	8,59	8,54
0	0	20,89	6	25,31	4,26	17,23	54,96	53,34	24,5	26,05	12,13
13,32	14,81	0	0	0,2	-999	0	0	0	12,61	2,95	1,36
18,04	0,4	3,51	0,33	0	0	0	0	0	0	0	0,01
0,6	7,93	27,48	6,89	3,7	4,71	0	0	0	0	-999	0
0	0,41	21,02	25,72	2,62	22,47	5,56	4,8	6,82	11,37	4,88	0
0	0	0	0	0	0	0	0	0	0,45	27,48	0
0	0	0	0	0	24,92	-999	0	0	0	0,19	0
0	0	0,06	10,86	0	0	0,25	0	0	0	0	0
0	0	0	0	0	2,87	2,13	9,51	0,2	0	0,06	2,28
0	-999	0	10,21	0,25	20,31	1,01	0	0	0	0	0
0	0	0	0	0	0	0	0	0	0	0	0
0	0	0	0	0	0	0	0	0	-999	0	0
1,58	11,71	0	0	0	0	0	0	0	0	0	0
0	0	0	0	0	0	3,16	15,66	2,13	0,62	0	0
0	0	0	0	-999	0	0	0	0	0	0	0
0	0	0	0	0	2,28	2,01	0	0	0	0	0
0	0	0	0	0	0	0	0	0	0	0	0
-999	0	0	0	10,65	0,03	0	0	0,4	0	0	0
0	0	0	0	0	0	0	0	0	0	0	0
0	0	0	0	0	0,73	0	0,98	-999	0	0	0
0	0	0	0	0	0	0	0	0	0	0	0,08
0,29	17,35	0	0	0,25	24	0	0	0	0	0	0
0	0	0	-999	0	0	0	0	0	1,45	0	4,77
0	0	1,91	0	2,22	0	0	0	0,01	0	1,82	17,63
0,88	0	0,16	29,88	18,66	35,07	77	0,59	2,97	1,34	14,99	-999
3,13	2,69	17,84	16,32	2,37	3,67	8,04	23,77	19,3	18,74	4,27	0
0,44	9,02	14,18	38,12	26,96	14,74	2,5	0	0	0,22	14,34	9,05
0	1,76	31,94	1,59	1,28	6,13	-999	14,45	6,63	4,15	0,57	0
0,32	3,53	7,61	18,21	4,98	0,2	0,48	11,11	16,3	14,72	0	0
0	0	0	0	0	0,09	2,17	92,45	70,55	0	1	0,02
0,04	2,45	-999	0	0,43	0	0	0,6	6,59	0	0	6,94
6,98	38,05	13,6	2,46	4,81	22,51	5,23	2,7	0,74	14,6	14,7	4,78
12,08	20,03	4,3	9,08	8,36	11,93	13,62	12,21	7,5	1,58	-999	1,55
0	0	0	5,64	4,35	0	0	0	0	0	0	0
0	0	0	0	2,05	1,7	20,26	27,52	20,87	3,76	0	0,18
2,84	1,08	0,11	-999	0	0,29	0	0	0	0,27	0	0,99
0	0	2,64	0	0	0	0	0	0	2,33	0	0
0	0	0	0	0	0	0,6	8,41	0	0	0,03	-999
11,45	5,93	0,05	0,16	0,56	0,19	18,8	1,1	0,18	0	0,45	1,96
3,64	0	0	0,69	10,3	0,03	0	0,6	0	0,6	1,43	0
0	0	0	0	0,16	0,96	-999	0	0	0	0	0
0	0	0	0	0	0	0	0	0	0	0	0
0	0	0	0	0,05	1,31	0	0	0	0	0	0
0	0	-999	0	0	0	0	0	0	0	0	0
0,58	0,3	0	0	0	0	0	0	0	0	0	0
0	0	0,04	0,94	0,95	1,32	0	0	0	-999	0	0
0	0	0	0	0	0	0	0	0,06	0	0,58	0,89
1,56	0	0	0	0,02	0,06	0,9	0	0,36	0	0,03	3,99
1,16	0	0	0	0	-999	0	0	0,04	0	0	0
0	0	0,43	1,54	0	0	0	0	0	0	0	0
0	0	0	0	0	0	0	0	0	0,02	0,01	1,44
16,51	-999	1,3	2,47	0,31	11,59	0	0	0	0,26	12,19	0
2,21	0	0	1,38	7,9	0,76	0,32	0	0	0	0	0
2,92	0	0	1,21	6,6	0	0,24	5,03	-999	0	0,13	7,97
19,1	59,72	0	0	0	0	0	3,32	2,13	7,18	2,83	3,43
0	0	0,04	10,57	5,01	11,55	19,34	14,18	13,49	1,75	1,48	1,1
3,1	3,48	27,46	2,18	-999	0	0	0,47	34,65	5,9	1,83	0
1,62	53,24	4,46	0,75	14,29	0,64	7,94	12,42	0	0,29	0	2,31
16,36	4	24,5	14,68	0,58	1,1	1,16	5,6	17,8	8,57	3,82	-999
6,89	5,76	0	0	0	0	0,18	23,09	0	0,69	10,7	0
0	0,5	3,21	4,45	33,41	25,27	0,03	17,44	11,57	0	0	0
0	4,78	0	0	0	0	0	-999	0	0	0	0
0	0	0	0,29	1,46	5,02	0	2,36	2,13	1,82	2,72	27,6
5,69	13,54	12,46	7	0	0	0	0	0	0	0	0
0	0	0	-999	0	0	0	0	0,93	0,15	5,5	2,41
0	1,75	0,69	6,29	6,55	0,11	0	1,82	0	0	0	0,38
11,79	3,55	0	0	0,05	7,32	0,06	0	-999	2,14	0,25	0,32
0	2,28	3,6	11,33	11,76	9,41	25,47	2,14	0,19	0	0	0
0,29	0,58	0	0,52	0	0	1,04	0	0	0	0	0
0	0,58	0,87	1,75	-999	0	0,68	0,04	6,09	1,41	0	0,1
0	1,79	13,3	0	0,03	0	0	0,04	1,21	3,88	2,02	3,71
23,01	0	7,03	0,79	2,28	0	0	0	0	0	0	-999
0	0	0	0	0	0	0	0	0	1,6	0	0,23
0	0	0	0	0,11	0,05	0	0	0	0	0	0
0	0,08	6,34	5,79	2,61	0	0	-999	0	0	0	0
0	0	0	0	0,52	0	0,01	0,08	9,52	0,04	0,4	16,98
8,54	8,86	18,04	0	0	0	0	0	0	0	0	0
0	0	-999	0	0	0	0	0	0	0	0	0
0	0	0	0	1,04	0	0	0	0	0	0	0
0	0	0	0	0	0	0	0	0	0,04	-999	0,04
0,59	0	0	0	0	0	0	0	0	0	0	0
0	0	0	0	0	0	0	0	0	0	0	0
0	0	0	0	0,84	0	-999	0	0,77	0	0	0
0,58	0	5,75	23,86	0	0,6	3,43	0,37	0,87	0	0	0
0	0	0	0	0	0	0	0,6	0	5,34	16,76	0,87
0,18	-999	0	0,48	6,32	1,14	5,52	4,27	6,17	19,45	0	1
16,52	8,89	16,09	2,85	0,97	1,42	0,23	3,74	0,03	0	0	0
0	0	4,2	16,92	2,91	4,75	11,03	0,78	0	-999	15,49	66,23
32,58	6,59	0	10,7	12,69	0,12	0	6,42	10,02	0,03	12,34	27,06
1,89	0,15	14,71	18,66	15,22	7,71	5,13	45,8	30,75	24,12	24,76	2,39
3,96	19,04	0,38	0,68	-999	7,18	41,69	26,6	31,07	2,5	1,54	0
0	9,13	15,76	17,79	0	1,06	4,57	0,64	12,51	4,54	14,08	6,19
0	3,62	0,16	5,11	46,14	54,77	3,88	13,44	0	0	0	0
-999	0	0	0	0	0	0	1	0,36	0	0,59	0
0,01	0	0	0	0	0,17	0,01	0	1,17	0,59	3,16	2,63
11,58	19,21	9,49	4,15	1,97	0	0	2,43	-999	0	1,98	0,8
9,33	2,77	0	0,87	0,24	2,07	0,04	2,06	0,6	0	0	0
0	0	0	0	0,36	5,72	1,5	29,06	18,37	8,48	11,59	14,6
37,84	38,03	-999	2,77	13,1	22,9	17,99	1,86	0	0	0,61	1,5
0,15	0,01	22,3	1,76	2,12	8,75	11,7	16,05	2,78	0,19	0,4	1,06
0	13,88	24,27	0,55	0,26	0	0	0	0	0	-999	0
0,4	0,01	14,59	0,97	0,63	3,78	1,02	1,21	1,45	0	0	0
3,63	0	15,75	5,25	0	0	0	0	0	0	0	0
0	0	0,49	0,7	0	-999	0	0	0	0	0	0
0	0	0	0	0	0	0	0	0	0	0	0
0	0	0	0	0	2,62	5,79	0	0	0	0	0
0	-999	0	0	0	0	0	0	0	0	0	0
0	0	0	0	0	0	0	0	0	0	0	0
0	0	0	0	0	0	0	0	-999	0	0,01	0
0,01	0	0	0	0,02	0,02	0,84	2,87	5,53	20,7	9,95	1,21
0	0,06	0	0	0,01	0	0	0,16	1,51	0	0	0
0	0	0	0	-999	0	0	0	0	4,02	0,15	10,13
0,29	0	0	0	0	0,4	1,21	0	0	0	0	0
0	0	0	0	0	0	0	0	0	0	0	3,4
-999	7,99	10,16	0,01	1,05	0,35	0	0	0	0	0	1,14
6,41	0	0	1,53	0	0	0	0	0	0	0	0
0	0	0	0	0,04	0,63	3,45	-999	11,41	0	3,76	37,25
20,15	0,68	1,78	0,15	0,24	23,86	52,15	3,34	3,18	0,36	0,98	1,73
0	0	0	0	0	0	0	0	0,32	8,76	0,31	0,88
7,34	0	0,02	-999	1,4	13,51	10,22	1,43	4,19	8,93	0	9,48
3,04	11,7	8,54	3,75	10,07	15,34	21,27	23,76	0,65	2,41	10,51	26,04
23,15	11,53	5,65	10,54	24,04	26,16	27,56	0	0	0	-999	2,14
0	0	0	2,2	12,47	1,61	2,08	3,6	0	9,28	63,77	11,25
6,68	0	0	0,01	0,55	2,89	1,69	0	13,52	44,22	39,17	10,88
17,07	13,47	14,04	5,76	31,28	17,79	-999	8,3	7,78	0	0,2	0,59
0	0	0,11	0,76	0,18	1,84	1,33	0,68	2,21	2,44	6,86	9,57
15,27	21,28	0,41	1,58	3,2	0	0,08	0	2,27	7,32	0	0
11,25	23,51	-999	13,94	4,17	10,28	6,59	11,52	0,28	10,88	5,11	5,15
0	0	2,54	10,55	4,64	8,1	0	1,17	0	0	0	0
0	0,59	0	0	0	2,32	7,46	-999	0	0,77	3,73	0,29
5,19	18,49	0,07	3,51	25,69	33,42	67,31	57,22	15,26	0	0	0
0	5,18	12,08	1,08	0,09	4,46	19,11	26,62	21,13	12,11	2,08	2,73
1,61	0,89	0,69	-999	0,01	2,43	0	0	0	0,04	0	0,06
0	0	0	0	0	1,15	0,19	0	0	0	0	0
3,37	0,17	0	0	0	0	0,48	4,06	5,08	0	-999	0
0	0	0	0	0	0,21	0	0	1,47	5,4	13,84	0,01
0	0	0	0	0	0	0	0,27	0,22	0,48	0	0
0	0	0,01	0	0	0	-999	0	0	0	0	0
0	0	0	0	0	0	0	0	0	0	0	0
0	0	0	0	0	0	0	0	0,79	0,3	4,08	9,94
0	-999	0	0	0	0	0	0	1,45	0	0	0
0	0	0	0	0	0	0	0	0	0,12	0	0
0	0	0	0	0	0	0	0	0	-999	0	0
0	0	0,41	0,8	0	0	0	0	0	0	0	0
0	1,26	1,89	0	0	0	0	0	0	0	0	0
0	0	0	0	0	-999	0	2,02	3,88	0	0	0
0	0	0	0	0	0	0	0	0	0	0	0
0	0	0	0	0	0	2,74	17,36	0	0,7	7,42	0,19
-999	0,52	0,03	0	0	0	0	0	0,02	0,2	3,83	0,4
0,24	8,22	8,07	0,48	1,5	0	8,66	35,73	14,77	0	0	0
0,19	10,11	3,15	13,36	3,88	2,08	1,64	27,09	-999	39,92	26,89	25,65
6,41	2,03	5,59	0	0	0,06	2,46	7,28	35,16	6,85	13,38	16,68
5,83	7,34	12,67	36,11	13,37	3,46	1,35	0	3,48	16,42	7,12	2,99
18,4	2,32	0	-999	0	0,15	0	51	2,99	3,5	5,12	6,64
10,42	32,88	0	0	0	0,86	0,19	7,71	12,24	37,26	5,59	4,7
10,31	2,66	5,52	32,69	13,12	24,3	19,15	5,47	24,39	6,22	12,99	-999
13,52	14,85	21,85	8,15	10,37	18,12	4,42	10,22	11,14	0,25	2,41	2,76
2,71	5,12	0	0	0	0,09	0	0	0,17	0,37	1,6	0,32
17,76	2,68	1,55	4,95	21,8	2,82	14,62	-999	28,52	0,07	0	0,77
0	0	0	0	0	0,1	2,44	0,12	1,26	0,91	0	0
0	0	0	0	0	0	0	0,41	9,08	2,86	2,06	0,91
-999	3,78	12,53	7,53	0	0	0	0	0	8,93	3,08	2,59
4,56	13,5	18,41	14,41	9	16,36	2,29	0	0,69	12,79	13,2	18,97
2,5	18,62	23,57	22,92	0,07	0,23	0	0	-999	0	0,02	0
0	0,61	0	0,3	4,36	0,28	0	8,12	17,77	16,5	3,57	1,04
7,52	10,96	1,42	0,27	0	0	0	0	0	0	4,35	3,53
0,65	0	0	-999	0	0,39	0	0	0	0	0	7,73
1,21	0	0	0	0	6,99	0	0	0	0	0	0
0,51	0	0	0	0	0	0	0	1,09	0	0	-999
0	0	0	0	0,9	0,2	0	0	0	0	0	0
0	0,8	0	0	0,02	0	0	0	0	0,43	0,18	0
0	3,72	3,98	0	0	0	-999	0	0	0	0	0
0	0	0	0	0	0	0	0	0	0	0	0
0	0	0	0	0	0	0	0	0	0	0	0
0	0	-999	0	0	0	0	0	0	0	0	0
0	1,16	1,24	1,41	4,37	1,13	0	0	0	0	0	0
0	0	0	0	0	0	0	0	0	0	-999	0
0	0	0	0	0	0	0	0	0	0	0	0
0	0	0	0	0	0	0	0	0	0	1,03	0,03
0	0	0	0	0	-999	0	0	0	0	0,98	0
2,29	3,42	3,99	14,41	3,29	0	0	0	0	0	10,99	1,62
0,29	5,22	13,63	24,11	3,81	6,56	2,32	0,58	38,94	0	14,88	24,66
2,82	-999	0,01	0,13	0	0	0	0	17,11	0	0	0
0	0,03	0	11,74	4,3	1,97	0,3	9,71	2,01	5,32	0	1,04
0,36	0	0	0	0,58	1,02	15,48	0	-999	0	0	0
4	7,17	37,38	47,65	11,34	0,02	0	2,39	0,02	2,02	1,73	3,17
10,34	1,96	15,25	0,86	12,04	5,2	33,14	13,98	27,8	24,46	31,45	29,1
13,14	25,91	8,38	6,85	-999	21,37	13,73	29,13	13,96	10,38	22,86	2,04
2,71	10,83	15,25	10,7	2,41	3,91	0	0	0	0	0	0,16
6,9	12,32	3,8	8,12	4,42	0,31	0	0	0	0	0,03	0,17
-999	0,04	19,84	13,68	25,3	7,59	36,03	23,13	10,35	0,42	9,39	8,56
3,68	0,04	0	11,21	8,84	0	0	0,68	0	0	0	7,93
9,71	4,94	5,86	1,49	0	-999	0	0	0	0,02	0	0
0,98	0,35	0	0,26	0	0	0	0	0,19	5,03	2,79	0,27
0	0	0	0	2,78	0,1	2,7	7,08	0,55	0	0	0
0	-999	21,24	4,13	7,39	9,16	0	0	0	3,47	2,1	5,26
8,78	6,88	0	0	2,31	20,94	0	0	0	0	0	0
0	0	0	0	0	0	0	0	-999	0	0	0
0	3,63	19,14	31,73	1,79	0	0	0	0	0	0	0
0	0	0,43	0	0	0	0	0	0	0	0	0
0	0	0	0	-999	0	0	0	0	0	0	0
0	0	3,1	0	0	0	0	0	0	0	0	0,01
0	0	0	0	0	0	0	0	3,23	0	0,1	-999
19,97	8,54	3,68	16,14	2,39	0,19	0	0	0	0	0	0
0	0	0	0	0	0	0	0,21	0	0	0	0
0	0	0	0	0	0	0	-999	0	0	0	0
0	0	0	0	0	0	0	0	0	0	0	0
0	0	0	0	0	0	0	0	0	0	0	0
0	0	0	-999	0	0	1,21	0	0	0	0	0
0	0	0	0	0	0	0	0	0	0	0	0
0	0	0	0	0,25	1,41	3,14	4,4	0	0	-999	2,95
0,04	0	0	0	0,84	6,89	1,2	3,22	3,06	8,31	11,46	26,35
0,75	21,94	0	0	4,71	3,71	2,1	5,75	0	1,85	0	1,84
10,37	11,22	0	0	0	0,59	-999	27,81	21,66	4,39	11,57	0,05
0,05	12,04	15,41	5,49	12,81	22,38	26,05	2,74	0,32	0	0,32	0,01
7,17	1,56	1,36	0	0,79	4,55	23,11	38,1	17,77	20,31	17,6	9,28
3,5	-999	0	0	0	0	14,05	0	0	0	0	13,86
1,67	0,04	0	13,57	25,05	0,99	1,08	0	0	0	0,18	3,44
4,44	2,07	1,09	17,73	43,94	3,02	0	0	0	-999	0	0,02
0	0,5	2,32	0,07	1,82	4,8	6,88	4,07	11,52	1,35	0	1,22
4,8	0	0	0	0	0	0	0	0	0	0,3	8,94
6,44	1,35	1,79	3,24	0	-999	4,05	4,94	9,79	24,01	4,36	4,82
12,37	9,32	20,52	8,63	0	0	0,34	0	0	0	13,11	1,62
0	0	0	0	1,25	35,29	6,68	6,86	0,1	0	0	-999
0	0	0	0	0	0	0,01	0	0	0	0	0
0	0,06	0,17	0,23	1,98	7,64	0,16	0,44	3,03	3,26	4,54	1,56
3,19	0,87	21,63	6,42	8,67	0,14	1,78	-999	0	0	0	0
0	0	0	0,92	0,02	0	0	0	0	0	0	0
0	0	0	0	0	0,51	0	6,02	0,06	0	0	0
0,03	0,73	-999	0	0	0	0	0	1,89	0	0	0
0	0	3,97	1,72	1,59	0	0	0	0	0	0	1,79
2,93	0	0	0	1,48	0	1,63	0	2,06	0,58	-999	0
0	0	0	0	0,07	0,01	0	0,54	0	0	0	0
0	0	0	0	0	0	0	0	0	0	0	0
0	0	0	0	0	-999	5,16	5,66	0,77	16,87	6,46	4,62
0	0	0	0	0,62	0	0	0	0	0	0	0
0	0,04	3,35	5,75	3,47	0	0	0	0	0	0	0
0	-999	0	0	0	0	0	0	0	0	0	0,87
2,6	6,56	5,44	1,3	1,19	0	0	0	0	0	0	0
0	0	0	0	0	0	0	0	0	-999	0	0
0,09	0	0	1,18	1,01	0,24	0	0	7,68	0,87	4,84	30,95
11	23,87	4,52	2,87	3,44	2,47	5,24	1,78	0,24	5,41	0	0
0,46	9,98	1,76	0	-999	0	7,22	0	0	0	1,95	4,22
0,07	0	35,24	23,93	0,02	0,95	0	0	0	0	0	0
6,27	17,48	5,77	6,31	0	8,79	3,07	45,86	3,06	0,84	0	0
-999	13,98	1,98	0,01	0	3,88	20,83	1,15	0	0,79	0,17	0,09
0,04	6,26	25,93	0	0	16,1	55,83	19,29	18,34	19,84	45,61	56,2
9,53	0,02	0	0	0,03	0	1,1	-999	0,62	12,14	21,95	23,52
2,46	22,4	6,94	1,22	25,02	20,05	4,43	6,1	16,74	6,43	2,24	2,23
2,22	6,6	7,6	10,21	9,01	6,39	12,33	23,72	12,88	6,8	5,51	6,64
9,37	7,18	1,6	-999	1,72	0,86	2,08	1,29	4,23	0,75	0	0
0	0	0	0	0	0	2,15	7,71	25,75	15,34	27,88	38,63
9,46	10,91	55,01	24,37	26,99	21,92	42,69	22,34	44,59	36,66	31,35	-999
5,21	8,65	0,16	0,22	0	0	0	0	0	0	0	0
0	0	0	0	0	0,24	0	0	0,51	0,61	0	0,01
0,09	1,09	0,03	0	-999	0	0	0,07	1,59	0,62	0	0,34
0	0,28	0	0	2,71	3,94	0	0	0	0	17,86	20,85
14,05	2,46	0,02	0,52	0	0	0,08	0,55	2,45	16,85	8,59	33,07
-999	4,44	30,7	1,56	0	0	0	4,52	0,04	0	0	0
0	0	0	0	0	0	0	0	1,5	11,96	17,3	0,31
0,35	0	0	0	0	0	0	-999	0	0	0	0,34
0	0	0	0	0	0	0	0,71	0,07	0	0	0
4,07	6,73	0	0	0	0	0	0	0	0	0	0
0	0	0	-999	0	0	0	0	0,08	1,11	0	0
0	0	0,01	0,81	0,86	0	0	0	0,23	0	0	0
0	0	0	0	0	0	0,07	0	1,1	0	-999	0
0	0	0	0	0	0	0	0	0	0	0	0
0	0	0	0	0	0	7,6	0	0	0	0	0
0	0	0	0	0	0	-999	0	0	0	0	0
0	0	0	0	0	0	0	0	0	0	0	0
0	0,89	1,13	0	0,41	0	0	0	0	2,77	0	0
0	0	-999	0	21,53	1,94	10,2	0	0	0	0	0
0	0	0	0	0	0	0	0	0	0	5,79	3,02
0	0	1,34	21,37	0	0	0	0	0,16	-999	1,43	0,86
1,28	7,07	0,77	9,68	0,36	0,31	0	0	0,26	0	0,07	0
0	0	0	0	0	8,6	0	0	0,93	2,18	0	0
3,33	7,76	0,42	3,22	0,52	-999	0	0	6,68	8,84	2,69	2,3
7,31	0	0,09	0	0	1,27	1,52	1,44	2,53	5,03	9,16	31,77
21,2	15,16	10,04	20,46	5,93	6,03	10,8	24,74	21,42	0,85	1,25	10,11
-999	4,94	0	0,07	0	0,09	3,44	3,59	17,98	2,3	13,12	7,04
15,64	8,54	3,65	0,04	0	0	3,28	25,48	1,05	2,48	10,4	13,39
24,19	18,13	4,84	0,18	0	0	0	0	-999	0	5,22	24,23
14,52	6	0,23	2,76	8,14	3,3	2,17	5,78	19,9	69,36	54,24	19,79
11,32	16,01	2,35	0	0	0,02	0	0	0	0	0	0
0	0	0	0	-999	0	0	0	0	0	11,31	20,04
24,59	0	0,15	0,06	3,27	8,65	107,23	76,24	12,65	4,34	11,84	1,72
17,33	1,24	26,28	14,68	5,53	1,17	6,91	0,01	0,07	-999	0,34	0
2,91	3,91	10,04	33,21	12,52	3,93	0	0	0	0	0,03	0
0	0	0	0	0	0	0	0	0	0	0	3,09
0,01	13,5	4,12	6,03	8,44	-999	9,57	0,37	4,22	4,29	0	0,18
0	0	0	0,26	1,9	2,36	1,73	0	0	0,12	0,07	0
0	7,61	19,33	14,03	18,29	0	0	0	0	0	1,72	3,5
-999	7,78	0,28	0	0	0	0	0	0	1,07	0	0
0	0	0	0	0	0	2,19	3,7	0	2,33	0,97	4,24
0,29	0	2,85	0,86	8,58	4,81	12,48	17,52	-999	0,03	0	0
0	0	0,3	0	0	0	0	0,01	0	0	0	0
0	0	0	0	0	0	0	0	0	0	0	0,12
0	0	0	-999	0	0,04	0	0	0	0	0	0
0	0	0	0	0	0	0	2,74	10,55	0,57	12,85	0
9,66	8,08	0	0	0,55	0	0	0	0	0	0	-999
0,02	0,01	0	0	0	0	0	0	0	0	0	0
0	0	1,72	0,64	0	0	0	0	0	0	0	0
0	0	0	0	0	0	0	-999	1,69	5,08	7,9	0,03
0	0	0,92	0,06	4,11	0,01	0	0,24	0	0	0	0
0	0	0	0	0	0	0	0,21	0	0	0	0
0	0	-999	0	0	0	0	0	0	0	0	0
0,11	10,86	20,23	0,01	0	11,24	3,86	8,2	23,36	11,14	17,08	0,2
0	0	0	0	0	0	4,88	6,57	6,5	14,53	-999	17,97
11,84	0,09	0	0	12	0	0	0	0	7,56	23,45	9,62
0,03	0	0	0	0,62	0,04	0	2,36	4,49	5,67	28,65	80,45
1,04	5,08	24,14	32,95	0	-999	0,56	8,14	14,35	0	0	0
0	1,92	6,84	4,38	29,09	1,41	4,88	0	1,08	21,84	11,55	14,53
0,43	0,09	4,4	17,4	1,69	6,8	0,04	0	0	6,94	31,24	5,35
0	-999	0	2,81	0,03	11,25	8,88	15,07	26,93	5,4	5,42	0
0	10,76	13,72	7,18	0,06	0,62	0,48	8,94	9,47	13,91	15,84	41,24
17,04	7,68	6,71	30,28	38,01	52,04	34,34	23,5	19	-999	92,59	48,72
11,52	16,39	75,7	70,17	15,88	20,22	53,41	0	0	0,28	0,08	29,43
29,03	21,39	7,64	10,44	34,44	9,78	19,46	16,65	0	0	0	13,17
0	0	-999	0	0	0,59	1,04	0,52	4,88	11,37	2,2	0,96
0	0,07	0,08	4,73	32,92	37,5	21,59	0	13,44	3,04	29,87	4,32
0	0	0	1,6	5,01	0	0	0	0	11,24	-999	0,27
5,53	0	14,39	1,1	4,3	0,24	4,25	0	0	1,72	0	4,27
0	0	0	0	0	0	0	6,25	5,36	0	0	0
0	0	0	7,26	0,04	-999	4,31	0,63	0	0,28	0,02	0
0	0	0	0	0	0	0	0	0	0	0	0
0	0	0	0	0	3,45	0	0	0	0	0	64,64
12,79	-999	0	0	0	0	0	0	0	0	0	0
0	0	0	0	0	0	0	0	0	0	0	0
0	0	0	0	0	0	0	0	-999	0	0	0
0	0	0	0	0	0	0	1,21	0	0	0,03	0
0	0,07	0	0	0,03	17,86	0	0	0	0	0	0
0	0	0	0	-999	0	0	0	0	0	0	0
0	0	0	0	0	0	4,11	0	18,69	0,44	0	1,27
5,75	0,37	0	0	0	1,21	0	0,69	6,14	0	0	0
-999	0	0	0	0	0,04	0,02	0	0	0	0	0,07
0,14	0,04	0	3,65	4,78	0	56,74	1,92	0	0,02	0	0
0	0	8,57	0	0	0	0	-999	0	0,1	0,09	0
0	0	0	0	8,88	8,08	0,01	0,09	0,61	1,72	4,36	19,7
0	0	0	0	0	0	0	0	0	0	0	0,64
0,83	8,52	10,68	-999	26,47	12,05	8,75	12,14	7,7	1,72	5,17	3,48
8,9	14,89	27,5	0	1,21	0,7	1,72	0	0	2,87	3,44	26,62
13,73	9,27	4,31	22,41	13,99	32,13	22,44	0	0	0	-999	1,73
3,46	3,69	3,15	17,98	0,06	1,3	1,73	3,66	4,88	1,11	16,61	8,81
0,14	0,75	4,32	12,36	7,99	21,54	9,67	12,34	23,33	30,32	32,73	43,33
9,19	23,28	36,47	6,34	5,18	4,63	-999	25,55	34,07	0,79	0	0,12
0,05	0	0,31	2,72	0,25	25,39	42,2	42,19	21,07	1,88	10,99	29,12
31,93	3,99	5,63	4,74	12,96	0,98	6,91	4,52	6,99	13,99	10,52	17,43
5,92	0,02	-999	0,11	16,66	12,23	0	0	0	0	0,15	0
0,29	0	0	0	7,48	5,05	1,08	5,25	9,63	7,06	3,89	0
1,61	13,26	0,27	0	0	0	0	0,57	-999	0	0	0
0	0	0	0	0	0	0	0	0,14	0	0	10,28
29,28	0	0	0	0	0	0	0	0	0	0	0
0	0	0	2,36	-999	3,79	0	13,55	17,57	34,44	21,52	7,9
31,22	2,18	9,34	0,21	4,86	13,57	39,47	3,17	10,84	1,67	3,51	0,01
0	0	0	0	0	0	0	0	0,36	0	0	-999
0	0,1	0,47	1,75	0	0	0	0	0	0	0	0
0	0	0	0	0	0	0,02	0	0	0	0	0
0	0	0	0	0	0	0	-999	0	0	0	1,59
0	0	0	0	0	0	0	0	0	2,52	0	0
0	0	0	0	0	0,38	0,18	0	0	11,6	15,41	0
0	0	-999	0	0	0	0	0	0	0	0	0
0	0	0	0	0	0	0	0	0	0	0	0
0	0	0,87	0	0	0	0	0	0	0	-999	0
0	0	0	0	0	0	0	0	0	0	0	0
0	0	0	0	0	0,11	0,07	0	0	0	0	0
0	0,01	0,72	0	0	0	-999	0	0	0	0	0
0	0	0	0	0	0	0,03	0,04	0	0	0	0
0	9,21	0	0,26	1,81	0	0	4,77	1,75	0	0	0,31
0	-999	0	0	0	0	0	0	0	0	0,05	0
0,35	21,81	10,61	0,57	0	0,24	0,45	0	0	0	0	0
0,03	0	0	0	0	0	0	0	0	-999	16,06	0,23
0	0	0,16	0,38	0,01	2,69	25,7	7,89	3,84	29,94	47,31	1,77
0	0	0	6,3	0	10,3	6,63	10,75	5,12	11,56	30,9	13,15
0	0	0	0	-999	39,71	45,47	40,62	25,69	11,95	45,85	24,68
21,77	9,7	14,54	14,75	15,16	35,7	40,59	5,15	1,51	0,05	1,74	0,6
0	0	0,15	0	0	3,06	0,02	0	0,57	3,04	27,09	22,81
-999	1,89	11,99	7,78	5,54	0,77	0	0	4,37	7,07	35,26	16,07
38,1	63,98	15,38	10,59	10,58	11,39	0	0	0	0	7,44	12
1,5	0,45	8,09	7,22	3,34	0,25	0	0,17	-999	1,85	0	0
0,63	3,3	2,25	13,07	0	0	14,55	10,25	0	0,86	0	0
0,03	0,04	0	0	0,07	0	0	0	1,16	0	0	0
0,1	-999	0,26	1,38	0,58	0,02	0	1,19	16,05	17,07	20,37	1,42
0	2,54	0	0	0	0	0,62	0,02	8,15	18,1	14,17	13,62
0	0	1,83	0,25	6,2	3,5	14,02	10,26	17,26	-999	0,16	5,44
0,01	0	0	0,12	0	0	1,41	0,6	0	0	0	0
0	0	0,47	1,68	0	0	0	0	0	0	0	0
0	0,31	13,36	2,76	-999	0	0	0	0	0	0	0
0	0,12	0	0	0	0	0	0	0	0	0	0,09
0,16	0	0	0,12	0,15	0,78	0,15	1,72	0,02	6,53	0,01	0
-999	0	0	0	1,53	3,35	0	15,71	0,57	0	0	0
0	0	0	0	2,35	6,14	4,97	0	0	3,17	1,69	0
0	0	0	0	0	0	0	-999	0	0	0	0
0	0	0	0	0	0	0	0	0	0	0	0
0	0	0	0	0	0	0	0	0	0	0	0
0	0	0	-999	0	0	0	0	0,12	0	0	0
0	0	0	0	0	0	1,45	0	0	18,71	2,31	0
0	0	0	0	0	0	3,73	2,93	0	0	0	-999
0	0	0	0	0,01	0	0	0	0	0	0	0
0	0	0	0	0,24	0	0	0	0	0,57	0,86	0
0	0	0	1,26	0	0,59	-999	1,19	0,03	7,66	0,29	0
4,89	1,64	0,71	1,01	0,6	5,76	12,07	11,33	8,61	8,09	29,58	18,45
0	0,02	19,23	9,13	0	0	0,57	0	4,19	0,81	10,62	4,57
6,76	4,3	-999	1,12	6,86	5,22	0,27	11,92	6,31	5,85	28,62	2,3
26,53	83,37	30,6	27,81	39,15	7,25	3,21	12,28	20,64	8,64	20,55	42,21
10,48	2,8	3,64	3,39	32,77	7,21	0	0	15,77	-999	1,84	2,79
9,75	0,89	0	0	0	5,48	19,27	24,35	8,28	7,75	8,69	13,52
1,89	24,55	18,36	23,81	11,22	3,44	0	1,89	0	0	6,31	4,94
12,06	74,64	18,6	0,57	0,33	-999	18,28	6,44	63,78	18,44	13,46	2,59
3,88	0,75	0,62	0	0	8,56	20,35	3,44	0	1,16	5,22	0,05
1,75	1,31	11,68	19,21	5,12	36,85	64,96	18	6,73	1,03	0,43	0,48
0,41	-999	0,1	0,89	0	0,86	3,7	3,07	1,67	0,57	0	0
0	0	0	0	0	0	0	0	0,03	0	0	0
0	0,15	14,75	7,74	4,38	9,47	-999	6,97	18,13	9,77	1,14	0,13
0,86	0,08	11,91	22,33	20,78	14,8	18,78	11,74	8,78	15,79	0,92	12,01
7,57	6,17	3,32	11,17	0,55	12,44	12,78	45,87	7,73	8,5	4,81	3,17
0,86	0	-999	1,41	0,69	0,48	0	0,12	0,88	0,51	0	0
0,02	0,51	0	0	6,53	3,18	11,77	1,92	0,57	0	0	0
0	0	0	0	0	0	0	0,05	0	-999	0	1,63
0	0	0	0	0	0	0	0	0	0	0	0
0	0	0	0	0	2,09	0,05	5,77	3,44	2,4	2,87	9,36
0,57	0	1,98	0	0	-999	0	0	0	0	0	0
0	2,41	0	0	0	0,01	0,01	0	0	0,01	0,2	0
0	0,01	0	0	0	0	0	0	0,38	0	0	0
-999	0	0	0	0	0	0	0	0	0	0	0
0	1,46	1,53	0	0	0	0	0	0,53	0	0	0
0	0	0	0	0	0	0	0,84	-999	0	0	0
0	0	0	0	0	0	0	0	0,13	0	0,17	0,09
0,58	0	0,66	0	0	0	0	0	0	0	0	0
0	0	0	0	-999	0,13	0,98	0	0	0	0	0
0	0	0	0	0	0	0	0	0	0,25	0	0
0	0	0,03	0,62	0,01	1,15	0,29	0	6,05	0	0	-999
0	0,58	10,08	3,78	0	0	0,62	0	3,96	8,05	10,28	7,03
11,31	7,19	0,8	0	0	1,08	1,62	1,31	0	4,03	1,27	0,07
0,06	2,16	0,34	0,02	9,97	1,86	0,55	-999	0,05	0	0	0
0	0	0	0,09	14,38	0,96	0,69	12,65	11,11	0,89	0,05	0,05
16,54	25,66	7,08	0	0,01	3,45	0	0	0	0,01	0,07	0
0,83	0	-999	6,89	2,04	2,93	7,55	14,18	14,29	11,42	21,39	10,27
2,44	1,72	0	0	1,73	1,39	10,14	4,61	7,34	4,13	16,52	5,6
30,45	3,74	13,26	36,28	8,48	8,11	9,09	17,53	20,52	13,46	-999	32,47
14,78	59,9	8,01	14,97	12,82	10,37	17,45	10,16	13,92	9,36	3,03	11,56
22,04	25,22	7,12	4,88	10,49	39,55	41,65	46,77	30,61	6,73	18,59	11,44
30,24	8,16	3,18	3,36	0	9,29	-999	0,06	1,86	10,82	2,09	3,17
3,21	2,56	2,12	11,02	31,63	42,33	38,72	16,14	9,47	0	0	0
1,34	0,58	0,05	6,31	3,32	2,94	0	0,58	4,09	7,87	35,22	-999
20,87	24,12	8,13	26,31	16,33	32,92	2,85	2,48	3,5	1,96	3,45	0
4,31	3,43	0,46	12,89	0,01	0,02	4,25	23,19	10,56	2,59	3,33	0,98
0,01	1,72	1,36	39,45	5,86	0,52	0	-999	0,02	2,72	4,42	0,71
0	0	18,91	10,17	0	0	2,56	2,52	14,75	0,01	0	0,17
0,39	2,88	0,84	0,42	0	1,69	2,39	0	19,44	0,14	6,95	0,04
0	0	-999	0	0	0	0	0,01	0	1,47	0,18	0
0	0	0	0	0,48	0,16	0,01	0	0	0,29	0,2	0
0	0	0	0,9	27,98	2,46	1,99	19,02	7,47	12,69	-999	7,87
0	0,09	0	0,01	0	0	0	0	0	0	0	0
0	0	0	0	0	0	0	0	0	0	0	0
0	0	0	0	1,32	-999	0	0	0	0	0	0
0	0	0	0	0	0	0	0	0	0	0	0
8,35	7,19	12,95	0,01	0	0	0	0	0	0,16	0,11	0
0	-999	0,01	0	0	0	0,01	0	0	0	0	0
0	0	0	0	0	0	0	0	0	0,01	0,96	1,16
0	0	0	0	0	0	0	0	0	-999	0	0
0	0,02	5,09	0	0,08	0,92	0,02	1,09	3,05	2,6	18,73	7,01
4,65	0,53	4,16	0,75	0,45	0,26	0,38	0,01	0,81	16,11	19,61	0,35
0,17	1,46	3,16	1,58	-999	0,1	0	0,07	0	0	0	0
0,04	1,74	0	24,73	3,74	3,94	16,49	18,47	1,48	1,35	2,2	7,22
14,68	7	0,57	2,74	12,59	12,68	0,37	0	0	0,28	0,06	0,03
-999	1,21	9,84	43,54	15,5	0,4	2,5	3,33	0	5,91	3,17	0,73
18,09	12,75	17,7	11,21	22,22	10,69	3,63	3,7	7,43	10,29	16,02	8,81
1	8,59	1,72	6	20,04	0,11	1,72	-999	1,79	7,33	21,25	22,29
2,97	5,77	23,67	30,57	23,4	35,68	32,21	28,44	18,89	17,4	0,72	2,43
0,81	1,73	3,7	2,18	3,73	8,68	15,17	15,23	6,04	13,94	19,96	2,35
0	0	0	-999	0,01	1,15	0,42	0	0,08	6,06	11,93	4,77
8,63	0	0	0	0	0	0	0	0	0	0	0
10,2	5,9	5,55	15,31	0,11	5,07	12,57	3,98	0,93	0,31	0	-999
0	0	0	0	0	0	0,09	0	1,68	0	1,17	1,71
0	0,06	1,14	0,01	0	0,35	0	0,02	2,56	0,47	0,09	0
0	0,5	0	0	0	-999	0	0	0	0	0,29	5,07
12,82	15,28	8,99	6,89	7,24	3,61	12,91	10,16	0,82	0	0,05	0
0	0	0	7,84	6,48	6,32	2,26	1,78	0,34	1,61	0,34	0,84
11,64	-999	0,87	0,52	1,44	5,46	35,6	5,34	1,11	0	0	0
0	0	0	0,01	0	0	0	0	0	0	0,01	0
0	0	0	0,01	0	0	0	0	-999	0	0	0
0	0,01	2,24	0	0	0	0	0	0	0	0	0
0	0,03	0,03	0	0	0	0	0	0	0	0	0
0	0	0	0	-999	0	0	0	0	0	0	0
0	0	0	0	0	0	0	0	0	0	0	0
0	0	0	0	0	0	0	0	0	0	0,03	-999
0,01	1,94	0,01	0	0	0	0	0	0	0	0	0
0	0	0	0	0	0	0	0	0	0	0	0
0	0	0	0	0	1,13	1,21	-999	0	0	0	0
0	0	0	0	0	0	0	0	0	0	0	0,56
5,83	0,01	0,02	0,01	0	0	1	1,39	0,01	36,7	2,37	0,77
7,06	0,01	1,43	-999	2	0	0	0	0	3,45	13,48	4,04
29,18	2,47	0	0	0	0	0	0	2,3	1,54	0,94	0,06
13,54	0	1,23	0	0	0	13,84	0,87	0	0	-999	0
0	0	0	0	0	0	0	0	3,64	11,04	14,12	0
0	0	0	0	0	5,53	29,07	0,39	7,27	0,81	0,25	33,26
0	0	0	0	0	0	-999	0	0	0	0	0
0	0	0	0	0	0,68	10,88	0,41	0,37	0	0,01	0,57
1,75	13,1	8,2	50,15	49,55	10,09	1,47	0	0,01	5,72	13,01	0,7
0,05	-999	4,59	2,53	10,78	43,01	2,64	2,52	7,1	10,48	32,12	14,03
5,06	4,11	27,53	19,06	11,63	63,51	62,37	2,13	3,75	1,22	1,87	0,02
0	0	0	0,38	1,94	11,64	2,11	18,81	27,29	-999	3,25	4,62
15,04	4,76	8,28	10,57	13,02	18,84	65,85	48,68	0,03	0,02	21,16	15,17
2,86	3,45	19,05	30,53	12,59	18,56	18,63	12,8	16,41	27,31	26,95	84,32
57,28	32,6	37,65	52,25	10,18	-999	1,85	1,76	0,26	0	0	0,62
4,86	6,97	1,29	1,12	6,13	0,09	0	0	0	0	0,38	0
0	0	0	5,1	40,61	32,75	24,89	39,54	6,97	23,05	-999	23,17
2,14	0	6,49	0,1	0	0,43	4,53	31,41	26,51	3,76	23,17	48,56
0,02	8,12	1,78	1,98	67,38	17,01	4,6	1,76	0	0,03	0	0
0	5,19	2,4	1,37	22,44	33,82	-999	5,25	0	0,14	1,09	8,57
0	0,18	2,07	7,52	6,91	0	0	0,75	3,19	0	0	2,64
10,02	6,48	1,02	0	0	0	0	0	0	0	0	0
0	-999	1,14	11,6	3,96	5,14	0,01	0,01	0,02	0	0	0
0,57	6,93	1,42	5,19	0	0	0	0	0	0	0,11	1,1
0	0	0	0	0	0	0	0	0	-999	0	0
2,3	3,22	0,06	0	0	0	0	0	0	0	0	0
0	0	0	0	0	0	0	0	0	0	0	0
0	0	0	0	-999	0	0	0	0	0	0	0
0,01	0	0	0	0	0	0	0	0,01	0,17	0	0,01
0	0	0	0	0	0	0	0	0	0	0	0
-999	0	0	0,03	0,02	0	0	0	0	0	0	0
0	0	0	0	0	0	0	0	0	0	3,29	4,15
0	0	0	0	0	0	0	0	-999	0	0	0
0	0,69	5,91	1,95	0	0	0,05	0	0	0	0	0
0	0	0	0	0	0	0	6,43	10,22	9,02	4,36	0,19
1,06	3,47	2,19	-999	1,58	1,18	3,03	0	0	1,68	6,65	4,05
0	0,38	0	0	0	0	0	0	0,01	4,66	0	0,52
3,89	14,28	1,65	8,12	11,45	2,17	0,1	0,4	1,16	12,82	14,32	-999
6,9	5,29	26,14	49,49	17,45	0,62	0,64	0	0	0	0	0
0	0	0	0	1,21	2,22	0	1,6	5,2	6,36	14,89	6,72
19,74	9,87	5,33	23,13	5	14,5	-999	7,05	0	14,31	8,24	6,77
0,08	2,73	2,24	0	0,57	0	8,63	0,75	6,09	15	12,02	3,63
15,14	0	4,62	13,29	25,89	20,55	9,71	8,5	22,34	12,28	10,86	26,75
7,74	13,73	-999	7,32	15,5	13,71	0,12	5,23	18,21	10,56	11,01	18,57
17,94	17,35	3,1	15,38	18,51	22,74	0,6	0	0	0	0	0,33
0	0	0	0	0,42	8,44	17,09	14,7	2,64	0,1	-999	0
0	3,72	10,05	30,92	12,16	11,76	1,24	0	0	0	13,49	5,62
4,03	8,7	4,96	11,28	24,1	7,02	0,73	0,89	0	0	0,03	0
0	0	0	-999	0	10,44	32,42	8,03	0,19	0	3,05	23,85
1,42	0	0	0	0,08	0,06	0,05	0,14	0	0,11	0	0
2,57	0,12	0	0,86	4,85	0	0	4,68	0,23	0	0,48	-999
0,84	0,07	0	0	0	0	0	0	0,18	0	9,01	18,77
0	0	0,63	1,33	0	0	0	0	0	1,26	10,56	4,7
0	0,92	10,37	1,86	0,02	0	-999	0	0	0	0	0
0	0	0	0	0,21	0	20,61	33,93	1,61	0	0	0,01
0	0	0,53	8,24	0,02	0,07	0	0,05	0	0	0	0
0	0,72	-999	3,83	0,02	0	0	0,01	0	0	0	0
0	0,35	0,85	0	0	0	0	0	0	0	0	0,01
0	0	0	0,01	0	0	0	0	0	-999	0	0
0	0,05	0	0,13	0	0	0	0	0	0	0	0
0	0	0	0	0	0,17	0,31	0,16	6,87	17,15	10,2	0
0	0	0	0	0,06	-999	0,93	0,19	0	0	0	0
0	0	0	0	0	0	0	0	0,01	0	0,46	0
0	1,26	16,87	18,67	0,06	0	2,05	6,24	0	0	0	0
0	-999	0	0	0	0	0	0	0	0	0	0
0	0	0	0	0	0	0	0	0	0	0	0
0	0	0	0	0	0,89	3,58	1,47	-999	0	0	0
0	0	0	0	0	0	0	0,11	0,15	0,01	0,32	0
0	0	0	0	0	0	0	0,7	0	0	0	0
0	0	0	0,01	-999	0	0,73	1,02	0,16	0,31	2,31	9,05
7,04	0,22	0	0,06	25,46	31,16	5,54	0,06	0,01	0,5	0	0
0	0	0	0	0,15	0,28	5,18	5,63	23,8	30,66	3,8	-999
27,76	15,39	0,27	0,07	0	3,3	3,17	2,79	1,22	12,55	16,25	13,44
39,43	27,13	24,6	22,27	1,87	0	0	0	1,27	9,07	37,07	27,96
22,32	24,23	12,26	10,48	14,2	6,95	17,67	-999	12,07	0,53	0,56	0,56
0	0	0	0	3,57	2,73	0,47	0,07	0	2,15	0	6,68
31,07	12,36	4,1	34,55	9,49	12,37	6,72	6,66	16,37	17,76	10,63	1,19
2,17	1,94	0	-999	0	0	0,34	0,28	0,28	0,09	0	0
2,41	12,28	5,48	1,47	0,01	0	0,03	1,29	16,97	0,24	1,39	0
0	0	0	0	0	0	1,72	0	-999	0	0,51	0,55
0	6,68	0,05	0,14	32,16	40,19	42,45	26,21	10,41	13,24	0,3	0,01
0,01	3,44	0,23	0,01	0,14	1,07	8,84	0	0,16	0	0	0
0	0	0,03	0,64	-999	0	0	9,1	26,6	7,64	13,53	17,6
5,45	0,52	4	10,92	0	0	0	0	0,46	0,65	0,03	0
0	0	0	0	0,68	9,76	0	0	0	0,17	0,2	-999
0	0,03	1,29	0	0,06	0,15	0,05	0	4,48	2,02	0,21	0
0	0	0	2,14	0	0	0,88	0,65	0,07	0,67	1,74	9,23
8,83	0	0	0,15	6,05	3,18	0	-999	0	0	0	0
0	0	0	7,73	20,21	0	0	0	0	0	0	0
0	0,64	0	0	0	0	0,43	3,01	0,11	0,02	0,01	0
0	0	-999	0	0	0	0	0	0	0	0	0,17
3,04	0	0	0	0	0	0	0	0	0	0	0
0	0	0	0	0	0	0	0	1,65	3,27	-999	0
0	0	0	0	0,29	2,42	0,17	0	0	0	0	0
0	0	0	0	0	0,72	1,95	0,05	0	0	0	0
0	0	0	0	0	0	-999	0	0	0	0	0,01
0	0	1,83	4,54	0	0	0	0	0	0	0	0
7,89	20,26	7,33	0,12	0,78	1,8	8,95	4,57	0	0	0	0
0	-999	0	0	0	0	0	0	0,74	0	0	0,03
0	0	0	0	0	0	0	0,52	0	3,71	17,49	16,31
1,55	0,6	0	0,92	0	4,65	3,09	2,34	4,9	-999	0,16	0
0	0	0	0	0,23	0,08	1,09	5,76	0,45	0,01	0,31	2,43
0,42	18,64	39,64	0,48	2,98	0	0	0	0,92	0,06	0	28,33
7,59	3,72	14,56	0,07	-999	5,75	0,04	0,7	29,69	18,61	22,97	30,25
33,72	42,07	48,99	27,45	31,74	15,31	47,07	6,63	0	0	11,17	36,15
35,88	10,1	10,24	1,56	0	0	15,07	0	0,2	0	0,2	0,27
-999	41,09	21,62	7,39	0,36	7,07	0,85	16,54	8,96	22,96	10,7	19,92
22,28	12,81	0,7	0	0,09	0,06	0	0	0	0	0	0
0,02	0	1,07	0	0	0	0	16,54	-999	16,57	20,46	16,19
34,02	29,46	10,3	4,37	50,03	6,32	28,25	46,25	27,48	2,15	0,08	0
1,29	0,27	5,06	0,03	0,31	0	0	0,03	2,74	2,14	0	0,74
0,02	0	-999	0	0	25,27	7,48	33,09	21,98	0,8	0	0
1,1	0,01	0,51	0	0	0	0	21,87	24,37	9,9	6,31	0
0	0	0	0	0	0	0	0,18	1,54	0,86	-999	7,27
5,64	12,47	5,49	6,6	0,07	0	0	0	0	0	0	0
21,51	0,76	3,02	6,56	7,69	0,03	0,08	0	0	0	0	0,04
0,56	0	0	0,67	0	-999	0,01	0	0	0	0	0
0,84	0	0,05	0	0	0	0	0	0	0	0	2,46
0	0	0	0	4,14	0	0,27	5,37	8,18	0,01	0	3,04
6,27	-999	0,36	0	0	0	1,09	0	0	0	0	0
0	0	0	1,06	0,8	0	0	0	0	0	0	0
0	0	0	0	0	0	0,01	0	-999	0	0	0
0	0	0,01	0	0	0	0	0	0	0	0	0
0	0	0	0	0	0	0	0	0	0	0	0
0	0	0	0	-999	0	0	0	0	0	0	0,02
0	0	0	0	0	0	0	0	0	0	0	0
0	0	0	0	0	0	0	0	0	0	0	0
-999	0	0	0	0	0	0	0	0	0	0	0
0	0	0	0	0	0	0	0	0	0	0	0
0	0	0	0	0	27,27	39,63	-999	3,37	0	0	0
0,89	1,75	0,44	0	0	0	0,69	6,24	12,62	0	0	0
1,62	6,39	0,29	1,7	1,8	3,36	8,14	7,09	1,54	3,31	7,62	0,34
0,01	0	0	-999	0,18	0	7,18	30,58	8,03	1,33	2,44	1,36
3,28	6,48	0	0	0	7,35	5,11	0	0	0	0	6,14
18,65	6,42	27,95	9,5	0	5,74	15,54	11,98	0	0	-999	3,61
16,9	11,81	5,5	0,01	0	0	0,82	12,46	20,27	23,81	3,65	4,99
11,72	20,9	11,05	17,25	8	1,59	14,01	21,82	22,97	17,2	4,14	20,89
6,31	0,22	0	0	2,39	0	-999	10,3	27,11	34,09	7,55	3,15
0	27,53	10,33	9,89	0,21	0,23	0	0,29	10,35	12,57	6,45	2,54
3,43	3,89	0	0	0	0	0	0	0	0,14	0,7	0
0,01	0	-999	0,08	1,29	13,39	12,08	18,81	20,27	29,84	23,01	9,13
10,3	4,91	6,23	1,83	12,62	13,31	0,01	0,61	1,76	0,06	0	0,01
0,67	6,65	0,59	0	0	0,01	0	-999	0	0,85	0,4	20,5
36,99	12,4	6,84	8,63	2,87	8,77	2,3	3,49	29,48	19,7	22,53	10,63
1,04	0,88	1,46	0,35	0,05	0,03	0	0	0,01	0	0	0,08
0	0	0	-999	0	0	0	0,3	0	0	0	0
0	0	0	0	0	0	0	0,7	0	0	0	0,51
0	0	0	0	0	0,02	0	0	0	0	-999	0
0,74	0,13	0	0	0	0	0	0	0	0	0	0,34
0	0	0	0	0	0,42	0	0	0	0	0	0
0,11	0	0	0	0	0	-999	0	0	0	0	0
0	0	1,58	2,19	5,76	16,76	9,46	0	0	0	0	0
0	0	0	0	0	0,02	1,64	23,23	15,6	0	0	0
0	-999	0	0	0	0	0	3,5	4,19	5,27	0	0
0	0	0	0	0	0	0	0	0	0	0	0
0	0	0	0	0	1,23	4,97	17,62	22,38	-999	0,03	0
0	0	0	0	0,02	0	0	0	0	0	0	0
0	0	0	0	0	0	0	0	0	0	0	2,87
9,53	12,82	1,98	0	0,01	-999	0	0,09	2,19	0	0	0,4
0	0	0	0	0,89	0	0	0	3,47	0,75	2,72	0
0	0	0,45	0	0	0	0	1,87	8,39	2,39	25,28	1,96
-999	2,82	0,01	0	0,57	1,25	5,96	7,93	7,22	4,6	10,55	13,65
19,38	11,81	0	0,98	5,06	26,36	2,1	8,79	0,01	1,92	1,73	8,7
3,43	0	0	1,32	5,54	6,15	0	0,15	-999	0,16	0,01	12,25
14,84	8,84	20,36	0,14	0,04	1,06	8,89	16,42	22,21	35,77	28,64	1,73
0,38	17,3	10,4	2,73	6,1	2,54	5,35	0,02	1,03	5,65	0,19	3,24
13,1	12,02	6,81	-999	0,03	3,48	0	0	0	0	0,28	0
0	9,79	20,79	39,38	63,08	50,76	48,31	39,77	7,38	1,76	22,28	48,08
51,78	0,1	0	0,26	1,23	1,26	0,91	0,64	0,26	7,32	10,57	-999
27,76	10,68	15,27	3,87	3,37	0,84	0	0	0	4,53	3,07	0,03
0,01	0	0	0	0	0	0	0	0	0	0	0
5,82	9,92	3,85	0	0	0	0	-999	0	0	0	0
0	0	0	10,99	3,64	5,16	2,12	3,38	13,69	12,99	43,27	35,29
1,89	7,19	2,49	0,55	0	27,86	10,71	21,3	4,07	4,42	1,23	0,31
-999	0	0,01	0	0	0,01	1,66	0,94	4,13	0	0	0
0	0,09	14,31	1,03	4,06	17,38	13,22	3,17	0,01	7,39	4,86	11,36
11,35	0,82	2,8	2,62	7,73	0	0,01	0	-999	0	0	0
0,37	12,82	0,76	0,07	0	0,57	0,1	22,56	0,26	0	0	0,14
0,63	0	0,1	0,31	3,93	0,28	0	0	0	0	0	0
0	0	0	-999	2,5	11,16	12	0	0	0	0,04	0
0	0	3,04	11,23	0	0	0	0,58	4,23	1,57	0	0
0	0	0	0	0,01	0	0	0	0	0,05	0	-999
0	0	0,02	0	0	0,01	0	0	0	0	0	0
0	0	0	0	0	0	0	0	0	0	0	0
0	0	0	0	0	0,54	-999	0,18	0,63	0,25	0	0
1,28	4,81	0	0	0,66	5,6	1,96	1,25	0,02	0	0	0
0	0	0	0	0	0,15	0	0	0	0	0	0
5,13	0	-999	0	0	0	0	0	0	0	0,14	2,23
3,19	0	0	0	0	0	0	3,21	13,7	2,58	0	0,43
13,09	0	0	0,02	0	0,92	1,64	5,49	9,15	0,01	-999	0
13,25	0,28	0,03	0	0	0	0	0,01	0	0	0	0
0	25,97	0,01	0	0	0	0	0	0	0	0,05	0,79
0	0	0	0	0	-999	0	0	0	0	0	0
0	0,13	0	0	0,01	1,8	2,63	4,3	0	0,36	0	0
8,19	18,8	7,15	12,77	0,02	4,26	30,53	10,42	0,45	0	0	0
0	-999	0	0,04	12,4	4,33	31,89	0,49	0,43	0	0	0
0,44	14,47	1,15	0	0	0	0	0,3	1,6	11,73	7,99	0
5,15	6,34	4,64	9,67	4,26	30,96	23,88	0,2	-999	2,68	0	0
0	0,33	0,01	0	0,52	4,4	0,28	5,02	18,16	17,27	29,34	6,88
16,16	8,21	0,17	6,71	5,31	1,57	4,65	0	0	1,64	13,17	2,14
0,04	6,34	16,16	0	-999	0	0,09	7,81	11,16	19,98	12,58	1,95
0,21	0,64	12	38,35	79,24	30,26	18,74	55,75	51,54	41,25	46	20,4
1,92	0	3,35	15,98	2,41	11,2	11,49	31,19	42,03	16,41	4,22	2,47
-999	2	0	0	0	0,31	0,58	0,04	13,46	8,58	17,36	24,35
4,99	3,19	14,03	15,57	14,86	9,99	7,67	24,91	0	4,44	0,3	3,91
8,39	2,95	3,22	1,03	0,75	-999	1,23	3,65	6,02	16,77	1,48	2,25
2,52	0	0,02	0	0	0,82	11,25	2,78	0,09	0	0	0
0,92	1,01	16,97	28,18	25,26	23,66	28,03	5,36	7,14	0,12	0,02	0,03
3,04	-999	0,13	4,92	7,28	0	0,01	0	0	0	0	0
0	0	0	0	0,16	0	0	0	0	0,02	2,91	0
0	0	3,94	14,75	17,66	10,71	0	0	-999	0	0	0
0	0	0	0	0	0,01	0	0	0	0	0	0,45
0,12	0,12	0	0	4,62	20,1	0	0	0,02	0	0	0
0,02	0	0	0	-999	0	0	0	0	0	0	0
0	0	0	0	0	0	0	0	0	0,02	0	0
0	0	0	0	0	0	0,01	0	0	0	0	-999
0	0	0	0	0	0	0	0	0	0	0	0
0	0	0,15	0,01	0,06	0	0	0	0	0,01	0	0
0	0	0	0	0	0,08	0	-999	0	0	0	0
0	0	0	0	0	0	0	0	0	0	0,05	0
0	0	0	0	0	0	0,13	0	0	0	0	0
0	0	0,05	-999	0	0,28	0	0	0	0	0	0
0	0	0	0	0	0	0,55	2,78	0	1,95	4,11	6,87
3,85	0	0	1,61	14,87	7,58	0,6	0,61	5,53	0,12	-999	8,52
0,11	9,44	0,69	5,5	0	8,23	5,31	0,03	0	0	0	0
0	0	0	8,4	8,84	0,04	0	0	32,31	0	0	0
0	0	0	0	0	4,09	-999	14,39	8,48	20,56	4,56	0
0	3,34	13,31	3,53	6,03	2,62	12,56	11,04	20,28	33,42	13,05	6,56
6,43	1,86	2,71	10,97	2,08	2,6	0,87	1,81	0	0,83	3,33	5,81
5,03	-999	12,51	11,14	1,81	0,42	1,48	7,39	16,86	10,62	1,62	14,77
18,67	0,61	4,31	1,65	7,21	3,07	10,51	3,21	16,89	5,85	3,65	2,46
6,58	0,22	7,5	0,02	11,22	15,87	26,8	20,07	24,14	-999	3,69	3,82
0,85	7,43	16,41	36,15	0,09	13,64	7,05	15,85	2,28	1,31	28,1	63,01
47,31	16,44	34,72	19,05	14,58	26,48	30,79	40,64	34,65	46,31	7,51	0
0,41	3,98	1,73	7,12	9,92	-999	3,55	16,52	50,69	28,62	26,43	15,48
0,98	2,09	1,3	4,78	0	0,02	0,03	0	0	0	0,01	0
0	0	0	0	0,07	1,78	1,45	4,35	8,5	7,25	1	-999
10,57	6,52	8,23	1	0	0	0	0	0,11	0,41	0	1,08
2,91	0,13	0	0,02	0	0,75	1,02	0	0	0,08	0	0
0,29	0,5	0	0	0	0	0	-999	0,11	0	0,01	0,6
0	0	0	0,9	0,76	7,03	0	0	0,49	1,48	9,93	12,75
18,28	0,01	0	0	0,69	4,22	1,65	1,88	1	0,49	2,98	0,8
3,02	1,05	-999	0	0	4,07	1,19	1,35	9,73	4,53	0	0
0	0	0	0	0	0,61	0	0	0	0	1,38	9,05
1,79	2,4	1,72	0	0	0	0	0	0	0	-999	0,23
0	0	0	0	0	0	0	0	0	0	0	0,37
0,02	0	0	0	0	0	0	0,02	0,06	0	0	0
0	0	0	0	0	-999	0	0	0	0,02	0	0
0	0	0,02	0,84	0	0,15	0	0	0	0	0	0
0	0	0	0	0	0	0	0	0	0	0	0
0	-999	0	0	0	0	0	0	0	0	0	0
0	0	0,92	7,57	0	0	0	0	0	0,28	0,5	0
0,02	0,12	0	0	0	0	0	0	0	-999	0	0
0	4,59	8,74	8,38	5,5	0,94	0	0	0	0,48	6,36	0,48
0	13,23	17,13	1,61	0	1,38	0,16	0,04	0	0,94	5,28	16,24
7,35	13,95	0,13	0,02	-999	0	1,44	9,76	2,14	0,02	0,79	0
8,15	11,84	7	6,23	0	0	1,05	2,52	0,59	0	0	0
0	0,77	8,06	7,12	0,23	0,4	0	0,75	8,48	8,23	11,03	5,48
-999	35,09	10,25	15,16	24,08	32,69	19,03	7,37	13,98	39,19	17,79	7,68
3,55	1,01	0,07	0,19	4,7	0	7,81	20,25	2,28	0,86	2,56	2,35
0,97	1,59	3,27	1,59	0,63	0,04	0	-999	1,89	22,35	25,02	16,29
0,53	1,78	4,77	1,9	13,53	11,52	33,35	85,83	18,43	0,22	0,4	0
2,22	22,42	22,4	12,8	14,15	0,08	0,2	12,5	14,98	0,81	20,74	13,12
13,24	7,68	6,46	-999	0	0,51	10,74	12,44	25,38	9,04	16,46	5,21
0,03	0,96	2,21	10,99	0	0	0	1,27	3,88	1,28	3,95	7,89
11,89	10,53	8,95	2,94	0	0	0	0	0	0	0	-999
0	0,06	13,88	18,67	30,09	18,83	0	4,43	0	6,04	13,81	0,56
4,8	17,6	8,75	3,16	11,93	1,82	11,31	7,73	2,28	2,39	3,33	0
4,48	14,32	9,02	0,66	-999	8,84	1,81	2,88	0,38	0	0,06	0,06
0,04	0	1,57	0,13	2,68	0,94	0	13,15	8,85	0	1,88	2,32
0,38	2,98	0	3,36	0	1,39	2,09	3,55	0,17	0	3,55	1,95
-999	2,71	21,57	20,55	2,27	10,61	1,11	26,78	0,82	3,57	5,44	1,51
2,95	1,64	1,45	13,35	12,75	2,1	0,46	0,65	0	0	0	3,79
0,27	0,05	0,62	0,05	0	0	0,09	-999	0	0	0	0,49
1,81	0,74	0	0	0	0	0	0,67	1,6	0,53	0,24	0
0,03	0	0	0	0	0	0	0	0	0	0	0
0	2,07	0,69	-999	3,01	0,06	0,74	0	0	1,42	1,48	0
0	0	0	0	0	0	1,72	0	0	1,72	7,38	0
0	0	0	0	0	0	0	0	0	0	-999	0
0	0	0	0	0	0	0	0	0	0	0	0
0	0	0	0	0	0	0	0	0	0	0	0
0	0	0,07	0	0	0	-999	0	0	0	0	0
0	0	0	0	0	0	0	0	0	0	0	0
1,03	1,14	2,52	0,04	0,07	0,09	0	0,36	0	0	0	0
0	0	-999	0	0	0	0	0,19	0	0	0	0
0	0,63	0,82	2,55	2,16	0,52	0	1,71	3,85	0	0	9,81
1,18	16,07	20,84	2,6	3,05	0	5,64	18,15	4,39	-999	0,69	2,21
8,44	11,3	19,56	3,76	0,15	0	0	0	0	0,04	0	0
0	0	0	0	0	0	0	2,1	4,97	0,09	27,37	9,78
8,67	0,1	0	0	0	-999	0	1,55	3,71	16,44	0,17	7,81
10,74	18,25	0,01	0	0	0	0	0	4,88	0	0	28,01
8	0,38	0,7	0,53	0	0	6,49	7,57	5,08	4,85	0,43	0
-999	2,56	0,88	6,59	6,4	0,01	3,75	1,2	1,3	7,33	18,52	31,51
17,1	0,84	0,05	0,03	0,72	4,24	24,02	12,36	33,86	41,64	6,96	5,88
10,12	0,65	0	0,36	12,75	0,95	10,67	11,23	-999	8,38	9,29	10,51
27,92	13,85	5,81	0	0,18	19,82	18,99	23,98	25,41	16,32	9,74	19,87
4,35	5,28	0	1,3	0,46	9,27	11,17	40,63	1,21	27,03	0,85	8,09
1,3	0	0	0	-999	0	0	0	0	0	0	0
0,01	0,32	1,45	0,14	0	0	1,96	4,01	2,87	0	0	0
0,33	1,77	0	0,95	0	9,62	0,87	23,08	12,75	-999	4,23	6,1
24,12	11,62	7,24	33,65	75,1	6,39	0,03	0,95	0	1,42	36,27	4,7
2,74	0,85	0,09	4,17	6,19	19,4	7,86	5,67	6,26	3,3	24,65	0
7,84	7,75	0	0	0,13	-999	6,42	7,04	0,33	0	0	0
3,7	8,2	0,01	0,36	0	0,01	0	0	1,77	5,02	0	1,02
4,75	2,15	4,6	0	0,03	0,13	0,02	0	0	0,02	0	0,1
-999	0,01	0,01	0	0,05	0	0	0	0	0	0	0
0	0	0	0,07	1,3	3,7	7,42	0,04	2,94	0	8,89	0
0	0,98	0	5,92	6,08	0,42	0	0	-999	0	0	0
0	0	0	0	0	0	0	0	0	0	0	0
0	0,01	0	0	0	0	0	1,66	0	0	8,95	0
0	0	0	-999	0	0	0	0	0	0	0	0
0	0,01	0	0	0	0	0	0	0	0	0	0
0	0	2,15	0,38	0	0	0	0	0	0	0	-999
0	0	0	0	0	0	0	0	0	0	0	0
0	0	0	0	0	0	0	0	0	0	0	0
0	0	0	0	0	0	0	-999	0	0	0	0
0	0	0	0	0	0	0	0	0	0	0	0
0	0	0	0	0	0	0	0	0	0	0	5,81
0	0	-999	0	0	0	0	1,98	0,05	12,71	0,97	0
0	0	0,01	0	0	0,05	0	0	0,09	12,92	4,83	0,21
3,67	0	0	0	0	11,36	5,49	0	8,95	0,03	-999	0
0	6,5	9,07	0	0	0,13	0,09	0	0	1,3	3,23	16,95
7,9	23,95	8,26	0,54	0,07	22,32	18,35	1,64	0,57	0,04	3	0,02
0,03	0,26	1,54	37,94	22,9	-999	0,39	0	0	0	0,4	18,39
14,7	11,35	7,11	0,04	0	0	0	0,96	6,58	16,27	5,44	1,58
25,91	2,24	0	6,4	50,19	50,25	13,65	13,64	6,94	11,98	0,05	0
0	-999	0,02	2,89	9,95	8,61	1,3	13,33	2,09	0	0,43	0
0,29	4,89	0,6	0	0	0	0	0	0	1,19	2,12	3,99
3,82	2,04	1,03	3,07	11,64	1,04	1,24	8,89	20,3	-999	2,54	28,86
26,2	2	0	0	7,43	14,77	39,36	5,37	13,72	12,39	4,88	4,77
11,42	27,18	1,26	0	3,97	11,52	0	0	0	0	0	0
0	0	-999	0	0	0	0	8,1	13,06	5,22	22,27	0
0	0	0	0	37,11	60,27	20,95	0	0	0	0	0,02
6,3	14,83	6,51	37,53	4,53	1,87	0	0	2,01	0,03	-999	13,7
2,64	0,22	0,12	0,01	0	0	0	0	0	0	0,28	4,39
0	0	0	0	0	0	0	0	1,96	29,9	24,19	4,68
0,42	0	0	0	0	-999	0	0	0	0	0	0
1,43	7,59	0	0,04	4,34	0	0	0	0	0	0	0
0,41	0	0	0,02	2,35	0,24	0,02	0,67	0	0	0	0
0	-999	0	0	0	0	0	0	0	0	0	0
0	0	0	0	0,01	0	0	0	0	0	0	0,01
0	0	0	2,53	0,01	0,01	0	0,01	-999	0	0	0
0	0	0	0	0	0	0	0	0	0	0	0
0	0	0,01	0,04	0	0	0	0	0	0,12	0	0
0	0	0	0	-999	0	0	0	0	0	0	0
0	0	0	0	0	0	0	0	0	0	0	0
0	0	0	0	0	0	0	0	0	0	0	0
-999	0	0	0	0	0	0	0	0	0	0	0
0	0	0	0	0	0,03	13,15	4,78	0	28,32	0	0
0	0	0	0	0	0,06	9,43	-999	0	0	3,13	0,92
0	0	39,35	0	30,24	1,85	8,16	0	0	2,73	0,81	8,67
0,4	0	0	0,33	27,65	2,28	0,05	0	0	0	0	0
0	12,71	22,86	-999	3,4	15,88	17,43	14,59	0	0	0	0
0	0	0	0,01	7,05	6,26	2,2	2,52	3,63	5,49	31,85	0
0	0	0	29,61	15,92	0,56	0	2,65	0	0,9	-999	0,5
1,86	0,52	13,92	27,51	1,82	0,02	3,33	1,57	0	0,42	0,12	73,65
122,73	43,04	0,12	5,56	1,38	1,16	0,76	0,34	11,65	3,72	10,48	23,99
45,71	102,55	16,66	38,69	17,9	17,71	-999	18,11	21,2	3,09	5,3	0,1
0	2,59	0,09	19,65	4,69	20,52	36,32	25,81	0,21	0	0	0
0	0	1,69	1,74	0	0	0	0	0,08	0,3	0	0
0	0	-999	0,01	11,71	12,04	1,38	6,66	0,76	7,86	5,52	7,54
0,08	34,27	0,12	5,76	2,61	0,46	0	0,02	0	0	0	19,73
2,67	9,63	0	12,56	6,85	5,1	0	0	-999	0	0	6,93
9,63	29,02	9,32	0	0	0	4,42	36,57	36,05	20,3	0,01	3,49
0,43	0,86	0,04	0	0,01	3,13	18,3	2,33	12,26	0,77	0,09	0
0	0	0	0,01	-999	0	0	0	0	0	0	0
0	0	0,44	0	0	11,18	1,44	0,3	0,27	0,74	8,24	0,04
0	0	0	0	0	0	0	0	0	0	0	-999
0	0	1,71	0	0	0	0,01	0	0	0,12	0,2	0
0,01	0	0	0,38	4,34	0,34	4,9	0,01	0	2,82	11,41	0
0	0	0	0,01	0	0	0	-999	0	0	0	0
0	0,01	0,01	0	0	0	0	0	0	0	0,01	0,01
0,01	0,01	0	0	0	0	0	0	0	0	0	0,2
0,18	0,43	-999	0	0	0	0	0	0	0	0	0
0,01	0	0	0	0	0	0	0	0	0	0	0
0	0	0	0	0	0	0	0	3,66	0	-999	0
0	0	0	0	0	0	0	0	0	3,46	0,06	0,53
1,19	10,53	0	0	0	0	0	0	0	0	0	0
0	0	0	0	0	0	-999	0	0,55	0	25,16	3,51
4,27	7,6	0	0	0	0	0	1,64	0,04	0	0	0,01
2,98	0,03	0	0	0	0	0	0	16,69	3,57	0	0,09
2,95	-999	0	0	0	17,21	12,76	0,12	0,29	0,64	0,05	0
0,01	0,02	0	0	0,24	9,34	0,1	0	0	0	0,64	10,23
0,03	0,4	0,01	0,63	0,44	25,26	0,71	7,23	0,01	-999	12,93	67,15
45,49	15,04	25,68	0	0,02	0,03	0,01	0,02	0,04	1,75	0,02	0
7,96	1,02	28,06	14,46	5,13	1,83	48,42	67,83	53,25	6,71	0	0
0,06	0	0	0	-999	0,21	0,61	1,46	9,12	3,92	2,32	0,4
2,95	6,28	10,66	0,07	41,39	8,27	11,4	21,44	2,05	17,92	7,01	4,86
28,06	38,36	32,7	15,67	26	13,39	10,93	3,48	7,22	11,15	12,01	11,69
-999	13,06	16,16	92,99	121,09	60,95	50,16	2,71	29	0,74	0,47	1,28
0,03	12,98	17,85	1,97	3,19	5,1	11,02	4,59	0,43	3,11	0,47	0,52
0	0	0,04	0,98	1,55	0	0,04	7,55	-999	8,4	3,55	0,76
1,12	0,35	0	1,37	1,54	0,04	0	0	0,12	0,33	0,01	0
0	0,03	0	0	0	0	0	6,02	15,33	12,53	15,84	30
24,56	-999	24	12,09	15,2	10,09	12,35	11,49	3,11	0,06	0	0,02
0	0	2,03	6,01	6,74	6,25	12,74	0	0,12	0,92	0,15	0
0,44	0,2	0	0,35	0	0,15	3,23	10,07	2,08	-999	11,35	14,95
8,89	0	4,76	0,02	0,86	0	0	0	0	0	0	0
0	0	0	0	0	0,44	14,62	9,7	0,02	17,19	0,01	0
0,55	31,59	0,03	0	-999	0	0	0,01	0,01	0	0	0
0	0	0	0,01	0	0	0	0	2,2	6,38	0	0
0,01	0,01	0,08	6,31	0,5	3,1	9,66	0	0,02	15,62	0,4	0
-999	0	0	0	0	2,35	11,66	0	4,48	0,01	0	0
0,68	6,49	0	7,49	1,74	0,69	0	0	0	0,01	0	0
0,01	0,01	0	0	0	0	0	-999	0	0	0	0
0	0	0	0	0	0	0,01	0	0	0	0	0
0	0	0	0	0	0,26	0,74	0	0	0	0	0
0	0	0	-999	0,01	0	0	0	0	0	0	0
1,15	0	0	0	0	0,01	0	0	0	0	0	0
0	0	0	0	0	0	0	0	0	0	0	-999
0	0	0	0	0	0,02	2,36	0	0	0	0	0,03
0,01	0	0	0,39	0,3	0	0,02	0,25	37,31	6,28	0	0,01
0	2,05	15,07	0,02	0	7,21	-999	0,02	3,48	0	0	0
0	0	0	0	0	0	0	0	0,42	0	0	5,41
25,87	0,4	0	2	21,03	5,76	0	0	6,3	11,13	0	0,01
0	0	-999	0	0	0	0	0	0	0,26	2,86	0,18
0,4	0	0,46	2,56	2,57	5,74	5,69	0	0,06	0	4,95	0,59
0,27	10,29	4,08	22,03	9,6	15,88	17,57	22,91	31,63	-999	15,96	5,42
15,69	0,25	4,9	0	0,02	12,8	42,05	20,49	1,23	0,9	3,52	44,25
3,09	16,39	19,76	40,11	5,23	11,17	3,56	0,76	0	0,13	10,88	22,62
0,36	0,14	11,85	0,06	0	-999	0,63	0	1,62	17,17	7,97	3,77
16,92	9,97	25,6	48,64	35,69	6,85	5,96	24,39	0,28	3,73	27,03	1,02
9,91	23,19	0,08	0,01	0	0	8,29	4,62	0	0,05	0,24	0
0	-999	0	0	0,08	0	0	0,82	1,96	5,13	13,06	5,46
5,98	9,16	0,03	0,13	4,95	12,78	57,87	32,17	4,79	2,32	15,64	14,34
12,97	30,01	0,23	0	0	0	-999	0	2,89	0	0	0
0	0	0,04	0	0	0,37	0,23	2,25	0,25	8,04	2,9	0,07
0,08	0	0,01	0	0,06	36,81	0,01	3,62	3,19	0,1	0	0
0,03	2,38	-999	0,28	7,17	0	0	0	0,4	0,02	0	4,01
12,91	0,04	0,04	0	0	0	0,05	0	0,02	1,01	0	0
0	0	0	0	0	4,13	0	14,64	0,57	-999	1,16	0
0	0	14,27	7,31	0,22	0,02	0	0	0	0	0	0
0	0	0	0	0	0	0	0	0	0	0	0
0	4,9	0,36	35,7	7,23	-999	0	0	0	0,01	0	0
0	0,01	0	0	0	0	0,02	0	0	0	0	0
0	0	0,01	0,01	0	0	0	0,06	0,52	0	0	0
-999	0	0,01	0	0	0	0	0	0	0	0	0
0	0	0,01	0	0	0	0	0	0	0	0	0
0	0,01	0	0,01	0,01	0	0	0	-999	0	0	0,31
0,16	0	0,86	27,24	2,49	7,62	1,16	0,02	0	0	0	0
0	0	0	0	0	0	0	0	0	0	0	0
0	0	0	0,2	-999	0	0	0	0	0	0	0
0	0	0	0	0	0	0	0	0	2,68	0	0
0	0	0	0	0	0	0	0	0	10,37	5,62	-999
0	7,1	1,06	0,1	0	0	0,71	35,08	2,51	0,82	0	14,87
1,4	0,04	0	0	10,03	9,22	0,23	0	0,01	0	0,02	0,3
0	0	6,34	3,14	2,14	23,39	13,1	-999	43,6	0,6	4,35	35,76
2,75	5,63	0	0,01	5,02	11,77	27,09	25,03	0,03	5,97	0,75	0
0	0,06	1,58	9,06	0,02	11,41	15,55	0,15	0	0	7,01	10,95
5,27	33,22	-999	8,09	2,58	1,79	0	0,37	13,09	13,81	7,28	0,17
2,57	0	0	0	7,13	7,98	32,03	19,6	26,28	21,65	4,65	6,27
4,4	0	0,24	1,66	0,95	0,1	3,86	7,39	3,47	21,55	-999	11,08
32,91	27,33	11,83	13,69	11,83	5,17	4,57	0	0	0	0	0
0,06	6,01	4,67	0,08	0,2	0,02	0	0,03	2,77	0	0,03	0,38
8,74	19,08	41,75	16,66	3,23	4,17	-999	0,05	0	0	0	0,01
0,2	0	0	0	1,15	4,09	2,78	0	0	0	0	0,04
1,95	0	0	0	7,81	1,38	3,21	11,88	14,08	9,72	16,96	-999
9,15	29,27	29,79	12,54	0,1	4,82	9,32	30,68	3,6	7,34	4,43	6,99
40,15	0,04	1,21	0	0,44	0,7	0	0	0,04	0	0,15	8,05
20,29	0,01	0	0	0	0,28	0,23	-999	0	0	0	0
0,58	0,86	3,36	0	1,54	0	0	0	0	0	13,91	4,73
8,01	0,3	0	0,32	0,94	0,17	0,36	2,72	0,2	0,02	0	0
0	0	-999	0	0,03	0	0	0	0	0,95	2,25	0,03
0	0	0,01	0	0	0	0	0	0	0	0	0
0	0	0	0	0	0,01	0	0	0	0	-999	0
0,01	0	0	0	0	0,21	0,28	0	0	0	0	0
0	0,57	0,08	0	0	0	0	0,17	0	0	0	0
0	0	0	0	0	-999	0	0	0	0	0	2,31
0	0	0,12	0,09	0	0	0	0	0,01	0,12	0,03	0
0,09	0	0	0	0	0	0	0,11	0	0	0	0
0	-999	0	0	0	0	0	0	0	0	0	0
0	0	0	0	0	0	0,2	0	0	0	0	0
0	0	0	0	0	0	0	0	0	-999	0	0
0	0	0	0	0	0	0	0	0,27	0,02	8,16	1,22
0,12	0,19	7,48	0	0	0	0	0	8,63	0	0	0
0	0	0	0	-999	0,05	0	0,01	5,97	0,22	0,04	0
0	0	0,03	0	0	0	0	0	0	0	0	13,12
3,88	11,18	3,05	2,14	0,01	0	2,74	28,42	0,03	0	0,03	0,03
-999	0,02	0	0	0	0	13,77	50,01	41,88	5,54	8,98	0,91
1,66	21,42	2,26	14,3	0,17	0	0	0	62,44	16,55	7,26	0
0,54	2,67	0,02	44,7	3,49	12,38	0,64	-999	1,56	0,59	0,46	0
26,79	34,79	17,97	15,89	28,19	0,01	0,02	16,07	4,11	14,51	22,09	4,94
0,86	0	0,96	4,69	3,37	0,17	0,85	60,64	9,58	0,06	0,4	5
3,5	0,56	21,71	-999	10,06	39,16	15,13	12,38	4,71	0,2	0	0
0,01	0	0	0	0	0	0	6,03	12	8,94	12,2	5,56
18,11	7,79	0,17	2,84	12,12	6,43	30,29	66,55	29,94	19,74	33,14	-999
9,94	16,04	8,9	1,44	2,84	11,01	43,6	23,14	11,54	5,71	0	0
0	0	0	0	6,55	28,73	1,14	0,18	0,04	0	0,02	0
4,18	2,3	0,01	0,31	0,05	-999	0	0	0	1	0,05	0
0	33,93	2,15	10,17	15,76	34,84	56,08	0,94	0,02	4,65	7,9	4,84
10,68	2,44	0	0	0,19	0	0,01	0,45	0	0	0,06	0,09
0,9	-999	0,05	0,02	0	0	0	0	0	0	0,63	0,34
1,08	0,72	2,13	1,93	0,11	0	2,44	1,65	2,09	6,77	2,9	0
0	0	0	0	0	0	0	0	-999	0	0	0
0	0	0	0,24	1,12	3,8	0,02	0	0	0	0	0
0	0	0	0	0	0	0	0	0	0	0	0
0,47	3,56	0,8	0	-999	0	0,22	0	0	0	0	0
0	0	0	0	0	0	0	0	0	0	0	0
0	0	0	0	0	0	0	0	0	0	0	-999
0	0	0	0	0	0	0	0	0	0	0	0
0	0	0	1,41	2,35	0	0	0	0	0	0	0
0,02	4,45	0	0	0	0	0	-999	0	0	0	0,19
0,69	0,28	0	0	0	0	0	0	0	0	0	0
0	0	0,13	0	0	0	0	0	0	0	0	0,38
18,58	4,94	0	-999	0	0,04	25,44	13,53	0,02	0	7,57	3,47
0,67	3,94	0	0	0	0,37	0	0	1,76	0,32	0	0
0	0	0	0	0	0,03	7,08	1,21	0,12	1,64	-999	0,04
10,53	0	0	0	1,39	5,24	0	0,17	0	0	0	0
0	0	0	0	0	0	0	0	0,12	8,25	0,02	0
0	0	0	8,85	3,9	2,55	-999	0	0	0	10,9	16,45
18,79	15,55	31,47	0,04	0	0,01	6,4	3,84	45,38	29,9	4,69	9,35
18,55	5,04	8,02	0	0,42	15,54	0	0,01	2,7	5,91	4,49	5,89
7,02	-999	4,95	7,33	9,99	1,25	12,47	16,14	7,94	0	0	0
4,17	0,01	0	0	0	0,02	0,4	122,58	1,95	0,33	4,3	5,05
0	0,2	1,84	0	1,26	18,68	7,61	23,01	12,24	-999	31,34	42,74
28,68	5,59	0,05	0	0	0	1,09	6,49	0	0	0,01	0,07
0	0,02	0,02	0	0	0	10,25	14,07	1,21	9,1	4,8	0
0	4,85	4,87	0,32	2,18	-999	0	0,11	4,78	0,02	0	2,81
10,63	19,14	0,11	1,16	0,01	0	3,02	3,57	0,02	0	0	0
0	0	0	0,07	0,07	0,23	1,46	0	0,02	0,56	-999	0,04
0	1,37	2,87	7,2	6,35	0,2	1,73	33,67	13,48	30,36	8,85	1,78
0,16	1,37	0,03	0	0	0	1,76	0	0	0	0	0
0	0	1,91	0,7	6,87	0	-999	0	0	0	0,25	0,03
0	0	0	6,03	0	0,4	2,53	0	0	0	9,68	0,88
0,38	0	0	0,75	0	0	0	0	0	0	0	0
0	-999	0	0	0	0	0,06	0,17	0	0	0	0
0	0	0,01	0,65	0,01	0	23,63	0	0	0	0	0
0	0,31	0,51	0,16	0	5,13	0	3,18	0,16	-999	0,15	0
0	0	0	0,02	0	0	0	0	0	0	0	0
0	0	0	0	0	0	0	0	0	0	0	0
0	0	0	0	-999	0	0	0	0	0	0	0
0	0	0	0	0	0	0	0	0	0	1,01	9,9
0,01	0	0	0	0,01	0	0	0	0	0	0	0
-999	0	0	0	0	0	0	0	0	0	0,03	0
0,01	0	0	0	0	0	0	0,4	0	0	0	0
33,09	8,66	0	0	2,12	0	0	0	-999	0	0	0
0	0	0	0	0	0	0	0	0	0	0	27,09
28,92	0,57	0	0	0	0	0	0	1,32	0	2,68	0,02
0	0,02	0	-999	0	0,21	34,91	0	0	0	0	14,87
3,5	6,21	0,06	0	0	0	0	0	0	0	0	25,01
22,11	1,72	9,4	0	0,31	0	0	0	0	0	3,14	-999
5,91	9,48	28,45	17,18	12,06	1,67	0,16	0	7,9	0,83	0	4,53
28,95	15,1	4,15	6,1	24,81	20,42	2,17	23,35	10,04	0,02	0,37	27,93
4,4	3,05	0	0	34,02	20,85	-999	53,73	34,85	0	0	0
0	0,03	0	0	0	0	0	0	0,23	19,76	16,78	53,83
61,65	12,36	28,79	0,72	1,48	1,14	4,75	6,79	5,68	11,38	20,36	32,49
53,94	42,34	-999	8,15	21,24	12,78	0,23	4,09	1,12	0	0,3	0,31
0	0,48	0,03	0	14,69	30,55	17,43	13,82	9,28	47,22	2,46	0
0	0	0	29,44	63,85	12,78	0,31	3,69	4,01	8,92	-999	4
6,5	9,76	0	0	0,09	7,01	29,59	50,26	35,64	10,68	0	0
0,98	2,13	7,1	22,13	27,16	22,89	5,02	11,59	7,64	18,06	11,48	2,65
0	0	0,04	-999	0	0	0,01	0	0,12	0,09	0	0
1,16	3,69	0,11	0	0,03	0	6,78	5,37	4,81	2,55	0,03	0
1,07	0,87	0,47	0,71	42,77	12,16	1,58	0,2	0	0	0	-999
0	0	0	0	0	0,04	0,01	4,12	6,88	1,43	0	0
0,11	2,85	0	0	0	0	0	0	0	0	0	0
0	0	0	0	0	0	-999	0	0	0	0	0,82
0	11,81	0	0	0,03	0	0,29	0	0	0	0	0
0,04	0	4,1	0,06	1,95	0,92	0	0	0	0	0	0
0	0	-999	0	0	0	0	0	0	0	0	0
0	0	0	0	0	0	0	0	0	0	0	0
0	0	0	0	0	0	0	0	0	-999	0	0
0,04	0,03	0	0	0	0	0	1,67	0,26	0	4,45	0
0,02	0	1,17	0	0	0	0	0	0,31	0,08	0	0
0	2,92	0	0	0	-999	0	0	0	0,46	0	0,02
0	0	0	0	0	0	0	0	0	0	0	0,01
0	0,23	0,05	0	0	0	0	0	0	0	0	0
0	-999	11,36	3,31	1,73	0,12	0	0	0,02	7,97	0	0
0,04	0,01	0	0	0	0	0	0	0	0	0	5,76
15,47	22,54	9,67	4,06	0	0	0	0	-999	2,98	1,52	0
0	0	0	0	0	0	0	0	0	0	0	0
0	0	0	0	0	0	0	13,59	0	0	0	3,87
0	0,11	0,76	20,81	-999	20,67	7,13	11,3	0	2,05	30,54	24,47
2,35	0	0	0	15,41	0,49	0	0,03	4,39	6,54	41,76	5,91
0,22	3,7	2,05	6,68	1,46	2,23	1,33	0,39	1,89	0	0	-999
0	0	0,05	0,07	0,05	2,64	7,82	21,07	20,38	5,96	19,12	41,54
69,31	28,74	20,72	14,12	25,2	1,86	0,41	0	0,03	18,19	11,43	25,81
5,66	22,85	10,91	0,02	0,38	5,02	11,69	-999				
