1.025
1.091666667
1.175
1.275
1.391666667
1.541666667
1.741666667
2.025
2.466666667
4.85
8.533333333
15.18333333
8.533333333
4.85
2.466666667
2.025
1.741666667
1.541666667
1.391666667
1.275
1.175
1.091666667
1.025
0.983333333
0.958333333
0.933333333
0.908333333
0.883333333
0.883333333
0.841666667
0.825
0.808333333
0.791666667
0.775
0.758333333
0.741666667
0.733333333
0.716666667
0.708333333
0.691666667
0.683333333
0.666666667
0.658333333
0.65
0.641666667
0.633333333
0.625
0.616666667
0.6
0.6
0.591666667
0.583333333
0.575
0.566666667
0.558333333
0.55
0.541666667
0.541666667
0.533333333
0.525
0.525
0.516666667
0.508333333
0.508333333
0.5
0.491666667
0.491666667
0.483333333
0.483333333
0.475
0.466666667
0.466666667
