  72.4 119.9 264.3 166.6  34.2   9.7   4.2    .0   4.4    .0    .0  27.9
 124.7 155.2 329.5 245.4  49.9   1.4   7.6    .0    .0    .0  28.1  63.1
 160.2 317.2 159.8 423.3 147.1  49.8  22.5   8.0   7.5   5.9    .0   5.1
  62.8  45.2 229.6 305.6 163.0 118.4   8.4    .0    .5   5.9    .0    .0
   6.3 136.1 103.8  80.5 128.0  34.0  37.3    .0   2.9    .0   7.9   4.2
  26.0 173.4 195.8 227.6 189.7  18.8   8.5    .0   3.4    .0    .0  21.0
  31.4  67.1 324.5 254.2 240.2   8.0  24.5    .0   2.0   2.2   3.1  55.4
  70.5 106.3 162.9 240.8  90.9  57.4  68.3  11.4   3.0    .0    .3   1.1
  79.2  19.8 222.0 225.5  29.6  28.5   1.3   2.5    .7    .0   3.4   2.6
  42.7  85.7 200.1 266.8 141.8  82.4  74.0   3.2    .0   7.1    .0  10.0
  22.9  83.7 134.8 139.3  68.3  40.4  47.3  20.3    .0    .0    .0  39.2
 113.5 174.0 289.9 345.1 125.1  63.7  63.0   9.3   7.5   2.5    .7  87.8
 265.8 158.7 341.8 303.0 293.5  78.6   1.8    .0   5.9  12.6   6.9  34.1
  32.3 131.3 247.7 147.4 208.2  39.2  42.4    .0  17.8   2.5   8.6  50.0
  24.1 207.4 181.3 126.8  25.7  11.3  14.9  78.6   4.8   9.0   8.7   5.1
 118.7 165.8 193.6 279.6 116.0  86.7  75.6   2.3    .0   2.8    .0   2.2
  10.3  90.8 213.0 159.7 120.4  14.1  33.4   1.3   2.0   1.3   1.0   9.4
  42.4  72.7 131.7  86.8 142.7  29.1    .4   1.8   1.0   1.0   1.3  18.3
  64.5 200.2 126.5  49.4  24.3  25.4   2.0   1.0    .0   5.3    .0   2.7
  30.4  30.3 300.5  77.6  25.1   9.7    .0   3.8    .0    .0    .0  33.1
  51.4  84.9 230.7 119.1  61.1  19.1   8.9    .0    .4   2.6   5.9   5.7
   6.3  47.2 110.7  95.3  28.5   3.2    .4    .4    .0    .3    .0   1.1
  35.9 121.4 310.7 280.5 139.3  78.1  25.3   2.0   2.3    .7    .3  11.8
 203.5 333.3 237.3 305.6 143.6  85.7  30.5   2.1   7.2    .0    .0  91.4
 104.3 220.5 322.7 255.6 179.9 113.1  11.1   3.3   1.0   1.3  22.7  26.0
  21.5  65.7 303.5  90.2  26.0  88.1   7.1    .0    .0    .0    .0    .0
  89.4 105.1 182.2 247.5 143.1  46.0   5.9    .0    .0    .0   2.6  26.1

