125.6 207.2 303.9 378.6  49.2  10.7  12.7    .0  13.6    .0    .0  23.7
 177.2 155.9 468.8 335.5  92.9    .0  20.8    .0    .0    .0  88.6 121.5
 308.8 433.0 241.7 575.4 210.8  94.4  50.9   8.2   9.8  18.5    .0  15.8
 130.9  64.6 410.4 342.8 271.9 134.8  15.0    .0   1.5   8.9    .0    .0
  15.5 280.3 152.1 149.4 213.0  36.2  43.4    .2   1.2    .0  18.8   6.3
  69.8 273.8 340.2 311.5 218.1  15.6  11.4    .1  10.7    .0    .0  35.7
  78.0 143.3 424.0 395.3 299.0  16.5  36.5    .0   4.5   6.9    .0  93.4
  97.3 213.7 357.8 310.0 168.0  52.9  55.2  12.9   9.5    .1   1.0   3.6
 116.8  34.5 444.0 359.7  27.2  40.6   1.0    .4    .0    .0   1.0   8.1
  94.2 121.0 354.3 394.9 220.9 127.1  94.4   4.4    .0  22.6    .0  25.1
  42.8 142.3 205.5 266.8  96.6  47.3  75.3  45.6    .0    .0    .0  78.7
 215.5 299.0 493.4 631.3 141.8  80.7 134.8  23.0  14.1    .0    .0  13.1
 216.9 234.6 454.6 461.6 440.3 103.7   3.3    .1  15.5  38.3  21.5  61.0
  62.8 163.8 343.8 310.5 319.4  47.5  70.1    .1  35.1   8.1   3.3  79.5
  53.7 313.9 328.9 221.0  47.5  19.7  39.2   5.5  14.9  18.8  27.1   6.2
 194.1 276.7 363.8 332.6 120.2 114.8 122.5   7.3    .0   8.8    .0   3.1
  22.4 142.5 265.6 197.6 184.4  20.9  70.3   4.3   6.3   4.3   3.0  24.2
  64.1 131.7 215.3  85.6 134.1  57.7   1.2   2.3   3.3   3.0   4.2  51.7
 115.0 253.0 159.1  81.1  41.6  58.6   6.6   3.0    .0  16.6    .0   8.4
  39.4  57.2 442.6 131.9  63.0   9.5    .0   3.2    .0    .0    .1  60.8
  99.8 171.7 413.8 181.7 111.4  53.4  28.3    .0   1.3   8.2   9.7  17.8
  12.2  64.1 202.6 158.9  69.7   2.4   1.2   1.3    .0   1.1    .0   3.6
  29.9 190.3 489.5 395.5 198.7  88.8  77.4   6.5   2.1   2.2   1.2  32.4
 375.1 448.5 393.0 364.0 255.4 131.5  51.6   6.7   8.1    .0    .0 193.8
 115.1 386.0 566.5 410.5 159.1 149.0  20.4  10.4   3.1   4.2  71.0  79.5
  40.6 156.2 436.9 120.7  18.3  85.2   9.5    .0    .0    .0    .0    .0
 144.3 182.9 291.6 364.7 123.9  40.3   4.3    .0    .0    .0   8.4  71.8

