68.6  84.7 199.6 116.6  68.5    .5    .5    .0    .0    .0    .9  10.4
 135.3  83.2 224.8 108.6  26.5    .1    .2    .2    .0    .0  39.3 141.8
 260.7 228.5 144.8 326.5  83.0  30.2  67.6    .7    .2    .1    .0   1.1
  77.9   4.3 125.2  89.8 103.3  24.9    .3    .0    .1    .6    .0    .2
    .2  68.6  39.8 136.0  55.3   3.6  27.3    .0    .2    .0    .2    .5
  16.5 203.3 212.0 202.6  85.0   1.3    .6    .9    .0    .0    .1    .8
  28.4  70.8 359.8 272.1 258.0    .2    .9    .2    .0    .4    .2   1.4
  63.0  50.3 109.4 205.1  31.7  44.8 102.2  43.7    .0    .0    .0    .1
   3.4  46.6 227.8  76.3  61.3  39.2    .3    .1    .2   5.3   2.9    .5
 101.9 111.3 165.3 153.2 104.2  46.7  81.3  11.4    .1  89.8   1.0   4.4
  24.4  50.5  76.8  77.8  55.5  27.7  18.6   8.6    .0    .2   1.2  15.4
  54.7 131.3 193.9  99.7  97.1  58.9  24.4   2.2    .1    .0    .1  19.3
 206.2 133.5 291.6 362.8 245.6  36.7  14.0    .0   1.9  21.1   2.9  24.1
  47.2 114.2 168.8 181.0 167.2  41.4  59.6    .3  11.7    .1   1.5  44.7
  35.7  96.3 158.7  73.7  22.5   7.6   6.0   4.3    .0    .3    .1   3.8
 128.1 104.8  76.7 187.9  70.2  49.8  50.6    .0    .1    .0    .1   1.1
   7.8 129.9 208.8 184.8  65.2  27.6   9.5    .0    .1    .1  32.1  10.2
  29.7  56.1  93.5  97.9  77.5   1.0    .3    .1    .0    .0    .4  17.1
  66.7 244.8  83.2  43.1  33.4  25.3    .2    .0    .0    .1    .0    .1
  25.7  24.3 327.3  44.5  40.5    .4    .2    .0    .0    .0    .0  44.5
  12.4  63.4 247.5 134.3  73.9   7.1    .1   5.0    .1   6.0   3.9    .1
    .0  81.5 122.9  83.8  18.6    .0    .1    .0    .0    .0    .1  18.7
  15.6  98.1 201.3 173.7 191.3  32.0  26.0   2.9    .1    .2    .0    .1
 197.0 326.2 361.4 417.2 123.2  97.9  36.1    .4    .1    .0   1.0  43.5
 162.4 146.8 241.6 288.0 126.5  33.3    .3  16.8  11.9   2.0   2.2    .4
  38.6  29.9 326.7  76.3  27.7 131.2    .3    .0    .0    .0    .1    .2
  26.5 129.6 157.4 261.6 121.8  98.0  18.6    .0    .2    .0    .1 259.3

