'PC   1'
  ,3400       ,5000       2,860       2,220       1,180       ,5800      1,0000E-02   ,0000       ,0000       ,0000       ,0000       ,1800    
  ,3100       ,7800       57,13       104,2       12,74       ,7700      3,0000E-02   ,0000       ,0000       ,0000       ,0000       ,7200    
  2,870       54,14       76,50       123,4       19,38       1,340       ,6000      1,0000E-02   ,0000       ,0000       ,0000       ,0000    
  ,0000       ,0000       2,830       104,2       21,53       11,59       1,190       ,1200       ,0000       ,0000       ,0000       ,0000    
  ,0000       1,050       ,8500       1,540       ,6200       ,2100       ,0000       ,0000       ,0000       ,0000       ,0000       ,0000    
  ,0000       4,420       70,93       73,93       32,07       1,480       ,6400       ,0000       ,0000       ,0000       ,0000       ,0000    
  ,0000       ,0000       14,09       50,01       71,82       1,360       ,3800       ,0000       ,0000       ,0000       ,0000       ,0000    
  ,0000       ,0000       1,440       4,600       1,650       1,390       1,200       ,3700       ,0000       ,0000       ,0000       ,0000    
  ,9800      8,0000E-02   1,000       1,910       ,6300       ,1200       ,0000       ,0000       ,0000       ,0000       ,0000       ,0000    
  ,0000       ,0000       1,110       28,90       13,79       1,750       1,960       ,4100       ,0000       ,0000       ,0000       ,0000    
  ,0000       ,2200       ,3700       ,8400       ,3200      1,0000E-02   ,0000       ,0000       ,0000       ,0000       ,0000       ,0000    
  ,0000       2,170       2,830       40,24       59,17       1,720       1,170       ,1500       ,0000       ,0000       ,0000       ,0000    
  3,320       37,02       147,8       189,4       94,18       16,80       1,060      9,0000E-02   ,0000       ,0000       ,0000       ,0000    
  ,0000       ,3000       1,870       2,060       34,49       2,580       1,430       ,4100       ,0000       ,0000       ,0000       ,0000    
  ,0000       4,450       47,93       23,01       1,420       ,6600      2,0000E-02   ,0000       ,0000       ,0000       ,0000       ,0000    
  ,8400       1,510       1,950       75,51       43,29       1,670       1,330       ,4200       ,0000       ,0000       ,0000       ,0000    
  ,0000       2,720       1,010       2,070       1,130       ,5500      2,0000E-02   ,0000       ,0000       ,0000       ,0000       ,0000    
  ,0000       ,0000       ,4800       ,2900       2,310       ,4900       ,0000       ,0000       ,0000       ,0000       ,0000       ,0000    
  ,0000       2,470       79,90       1,450       ,8000       ,1200       ,0000       ,0000       ,0000       ,0000       ,0000       ,0000    
  ,0000       ,0000       111,2       58,71       ,9100       ,1100       ,0000       ,0000       ,0000       ,0000       ,0000       ,0000    
  ,0000       ,0000       2,310       1,120       ,8300       ,2800       ,0000       ,0000       ,0000       ,0000       ,0000       ,0000    
  ,0000       1,460      6,0000E-02   ,0000       ,0000       ,0000       ,0000       ,0000       ,0000       ,0000       ,0000       ,0000    
  ,0000       ,5700       3,540       94,77       81,35       2,280       1,020       ,1200       ,0000       ,0000       ,0000       ,0000    
  1,000       3,880       233,5       171,9       48,67       21,19       1,330       ,2500       ,0000       ,0000       ,0000       ,0000    
  ,0000       3,960       104,7       135,5       31,92       19,04       ,9100      4,0000E-02   ,0000       ,0000       ,0000       ,0000    
  ,0000       ,0000       6,110       1,730       1,460       1,850       ,7500      2,0000E-02   ,0000       ,0000       ,0000       ,0000    
 6,0000E-02   1,040       3,900       160,8       80,77       1,540       ,8500      4,0000E-02   ,0000       ,0000       ,0000       ,0000    
'PC   2'
 1,0000E-02  7,0000E-02   ,3200       1,020      3,0000E-02  1,0000E-02   ,0000       ,0000       ,0000       ,0000       ,0000       ,0000    
 1,0000E-02  2,0000E-02   1,330       2,140      5,0000E-02  2,0000E-02   ,0000       ,0000       ,0000       ,0000       ,0000       ,0000    
 1,0000E-02  5,0000E-02   ,1100       3,460       ,1100      4,0000E-02  1,0000E-02   ,0000       ,0000       ,0000       ,0000       ,0000    
  ,0000       ,0000      7,0000E-02   1,770       ,7500       ,8900      4,0000E-02   ,0000       ,0000       ,0000       ,0000       ,0000    
  ,0000      3,0000E-02   ,0000       ,0000       ,0000      2,0000E-02   ,0000       ,0000       ,0000       ,0000       ,0000       ,0000    
  ,0000       ,0000      2,0000E-02  2,0000E-02  4,0000E-02  1,0000E-02   ,0000       ,0000       ,0000       ,0000       ,0000       ,0000    
  ,0000       ,0000       ,1400       2,830       3,080      4,0000E-02  1,0000E-02   ,0000       ,0000       ,0000       ,0000      1,0000E-02
  ,0000       ,0000      1,0000E-02   ,1700       ,2200      5,0000E-02  4,0000E-02  1,0000E-02   ,0000       ,0000       ,0000       ,0000    
 1,0000E-02   ,0000      6,0000E-02   ,1200      7,0000E-02  3,0000E-02  1,0000E-02   ,0000       ,0000       ,0000       ,0000       ,0000    
  ,0000       ,0000      4,0000E-02   ,1600       ,2800      8,0000E-02  3,0000E-02  1,0000E-02   ,0000       ,0000       ,0000       ,0000    
  ,0000      1,0000E-02  6,0000E-02  2,0000E-02  1,0000E-02   ,0000       ,0000       ,0000       ,0000       ,0000       ,0000       ,0000    
  ,0000      2,0000E-02  4,0000E-02   ,4600       1,210      5,0000E-02  2,0000E-02   ,0000       ,0000       ,0000       ,0000       ,0000    
 7,0000E-02   ,5000       6,760       1,620       2,820      6,0000E-02  4,0000E-02   ,0000       ,0000       ,0000       ,0000       ,0000    
  ,0000       ,0000      7,0000E-02  2,0000E-02  5,0000E-02  3,0000E-02  2,0000E-02   ,0000       ,0000       ,0000       ,0000       ,0000    
  ,0000       ,1600       ,3300       ,8800      5,0000E-02  2,0000E-02   ,0000       ,0000       ,0000       ,0000       ,0000       ,0000    
 3,0000E-02   ,1000      5,0000E-02   1,000       1,090      5,0000E-02  4,0000E-02  1,0000E-02   ,0000       ,0000       ,0000       ,0000    
  ,0000      6,0000E-02  8,0000E-02   ,1500      6,0000E-02  3,0000E-02   ,0000       ,0000       ,0000       ,0000       ,0000       ,0000    
 2,0000E-02   ,0000       ,0000       ,0000      9,0000E-02  1,0000E-02   ,0000       ,0000       ,0000       ,0000       ,0000       ,0000    
 1,0000E-02  9,0000E-02   1,170      4,0000E-02  1,0000E-02   ,0000       ,0000       ,0000       ,0000       ,0000       ,0000       ,0000    
  ,0000       ,0000       ,2100      5,0000E-02  2,0000E-02   ,0000       ,0000       ,0000       ,0000       ,0000       ,0000       ,0000    
  ,0000       ,0000      9,0000E-02  6,0000E-02  4,0000E-02  1,0000E-02   ,0000       ,0000       ,0000       ,0000       ,0000       ,0000    
  ,0000       ,0000       ,0000       ,0000       ,0000       ,0000       ,0000       ,0000       ,0000       ,0000       ,0000       ,0000    
  ,0000      3,0000E-02  9,0000E-02   1,270       1,160       1,000      2,0000E-02   ,0000       ,0000       ,0000       ,0000       ,0000    
  ,0000      6,0000E-02   1,240       2,970       1,080       ,6300      5,0000E-02  1,0000E-02   ,0000       ,0000       ,0000       ,0000    
  ,0000      3,0000E-02   ,6500       2,950       ,6900       1,090      3,0000E-02   ,0000       ,0000       ,0000       ,0000       ,0000    
  ,0000       ,0000      8,0000E-02  3,0000E-02  3,0000E-02  6,0000E-02  1,0000E-02   ,0000       ,0000       ,0000       ,0000       ,0000    
 1,0000E-02  4,0000E-02  2,0000E-02   2,440       2,200      5,0000E-02  2,0000E-02   ,0000       ,0000       ,0000       ,0000       ,0000    
'PC   3'
 1,0000E-02  9,0000E-02   ,4200       1,340      4,0000E-02  2,0000E-02   ,0000       ,0000       ,0000       ,0000       ,0000       ,0000    
 1,0000E-02  3,0000E-02   1,750       2,800      6,0000E-02  3,0000E-02   ,0000       ,0000       ,0000       ,0000       ,0000       ,0000    
 2,0000E-02  7,0000E-02   ,1400       4,540       ,1400      5,0000E-02  1,0000E-02   ,0000       ,0000       ,0000       ,0000       ,0000    
  ,0000       ,0000       ,1000       2,320       ,9800       1,160      5,0000E-02   ,0000       ,0000       ,0000       ,0000       ,0000    
  ,0000      4,0000E-02   ,0000       ,0000       ,0000      2,0000E-02   ,0000       ,0000       ,0000       ,0000       ,0000       ,0000    
  ,0000       ,0000      3,0000E-02  3,0000E-02  5,0000E-02  1,0000E-02   ,0000       ,0000       ,0000       ,0000       ,0000       ,0000    
  ,0000       ,0000       ,1900       3,720       4,040      6,0000E-02  1,0000E-02   ,0000       ,0000       ,0000       ,0000      2,0000E-02
  ,0000       ,0000      2,0000E-02   ,2300       ,2900      7,0000E-02  5,0000E-02  1,0000E-02   ,0000       ,0000       ,0000       ,0000    
 1,0000E-02   ,0000      8,0000E-02   ,1500       ,1000      4,0000E-02  1,0000E-02   ,0000       ,0000       ,0000       ,0000       ,0000    
  ,0000       ,0000      5,0000E-02   ,2100       ,3700       ,1000      4,0000E-02  1,0000E-02   ,0000       ,0000       ,0000       ,0000    
  ,0000      2,0000E-02  7,0000E-02  3,0000E-02  1,0000E-02   ,0000       ,0000       ,0000       ,0000       ,0000       ,0000       ,0000    
  ,0000      3,0000E-02  6,0000E-02   ,6100       1,590      7,0000E-02  3,0000E-02   ,0000       ,0000       ,0000       ,0000       ,0000    
 9,0000E-02   ,6600       8,860       2,130       3,700      8,0000E-02  5,0000E-02  1,0000E-02   ,0000       ,0000       ,0000       ,0000    
  ,0000       ,0000      9,0000E-02  3,0000E-02  7,0000E-02  4,0000E-02  2,0000E-02   ,0000       ,0000       ,0000       ,0000       ,0000    
  ,0000       ,2200       ,4300       1,150      6,0000E-02  3,0000E-02   ,0000       ,0000       ,0000       ,0000       ,0000       ,0000    
 4,0000E-02   ,1300      7,0000E-02   1,320       1,430      7,0000E-02  5,0000E-02  1,0000E-02   ,0000       ,0000       ,0000       ,0000    
  ,0000      8,0000E-02   ,1100       ,2000      8,0000E-02  4,0000E-02   ,0000       ,0000       ,0000       ,0000       ,0000       ,0000    
 3,0000E-02   ,0000       ,0000       ,0000       ,1200      2,0000E-02   ,0000       ,0000       ,0000       ,0000       ,0000       ,0000    
 1,0000E-02   ,1200       1,530      5,0000E-02  2,0000E-02   ,0000       ,0000       ,0000       ,0000       ,0000       ,0000       ,0000    
  ,0000       ,0000       ,2700      7,0000E-02  3,0000E-02   ,0000       ,0000       ,0000       ,0000       ,0000       ,0000       ,0000    
  ,0000       ,0000       ,1200      8,0000E-02  5,0000E-02  1,0000E-02   ,0000       ,0000       ,0000       ,0000       ,0000       ,0000    
  ,0000       ,0000       ,0000       ,0000       ,0000       ,0000       ,0000       ,0000       ,0000       ,0000       ,0000       ,0000    
  ,0000      4,0000E-02   ,1100       1,670       1,520       1,320      3,0000E-02   ,0000       ,0000       ,0000       ,0000       ,0000    
  ,0000      8,0000E-02   1,630       3,900       1,420       ,8300      7,0000E-02  1,0000E-02   ,0000       ,0000       ,0000       ,0000    
  ,0000      4,0000E-02   ,8500       3,870       ,9100       1,430      4,0000E-02   ,0000       ,0000       ,0000       ,0000       ,0000    
  ,0000       ,0000       ,1100      4,0000E-02  4,0000E-02  8,0000E-02  1,0000E-02   ,0000       ,0000       ,0000       ,0000       ,0000    
 2,0000E-02  5,0000E-02  3,0000E-02   3,210       2,890      7,0000E-02  3,0000E-02   ,0000       ,0000       ,0000       ,0000       ,0000    
'PC   4'
 7,0000E-02   ,4700       2,170       6,930       ,2200      8,0000E-02   ,0000       ,0000       ,0000       ,0000       ,0000       ,0000    
 4,0000E-02   ,1500       9,060       14,51       ,3300       ,1400       ,0000       ,0000       ,0000       ,0000       ,0000       ,0000    
 8,0000E-02   ,3700       ,7400       23,46       ,7200       ,2700      6,0000E-02   ,0000       ,0000       ,0000       ,0000       ,0000    
  ,0000       ,0000       ,5100       12,02       5,060       6,020       ,2400      2,0000E-02   ,0000       ,0000       ,0000       ,0000    
  ,0000       ,1800       ,0000       ,0000      2,0000E-02   ,1100       ,0000       ,0000       ,0000       ,0000       ,0000       ,0000    
  ,0000       ,0000       ,1600       ,1600       ,2500      4,0000E-02   ,0000       ,0000       ,0000       ,0000       ,0000       ,0000    
  ,0000       ,0000       ,9600       19,22       20,89       ,2900      6,0000E-02   ,0000       ,0000       ,0000       ,0000      9,0000E-02
 1,0000E-02   ,0000      8,0000E-02   1,190       1,480       ,3500       ,2400      5,0000E-02   ,0000       ,0000       ,0000       ,0000    
 4,0000E-02   ,0000       ,4100       ,7900       ,5000       ,2300      4,0000E-02   ,0000       ,0000       ,0000       ,0000       ,0000    
  ,0000       ,0000       ,2400       1,080       1,910       ,5200       ,2200      4,0000E-02   ,0000       ,0000       ,0000       ,0000    
  ,0000      8,0000E-02   ,3800       ,1500      6,0000E-02   ,0000       ,0000       ,0000       ,0000       ,0000       ,0000       ,0000    
 1,0000E-02   ,1400       ,3000       3,140       8,230       ,3600       ,1600       ,0000       ,0000       ,0000       ,0000       ,0000    
  ,4900       3,430       45,85       11,02       19,12       ,4100       ,2600      3,0000E-02   ,0000       ,0000       ,0000       ,0000    
  ,0000       ,0000       ,4800       ,1600       ,3700       ,1800       ,1200       ,0000       ,0000       ,0000       ,0000       ,0000    
  ,0000       1,110       2,210       5,970       ,3100       ,1400       ,0000       ,0000       ,0000       ,0000       ,0000       ,0000    
  ,2300       ,6700       ,3700       6,800       7,400       ,3600       ,2600      5,0000E-02   ,0000       ,0000       ,0000       ,0000    
  ,0000       ,3900       ,5500       1,010       ,4000       ,2100      3,0000E-02   ,0000       ,0000       ,0000       ,0000       ,0000    
  ,1500       ,0000       ,0000       ,0000       ,6400       ,1000       ,0000       ,0000       ,0000       ,0000       ,0000       ,0000    
 4,0000E-02   ,6000       7,920       ,2700      9,0000E-02   ,0000       ,0000       ,0000       ,0000       ,0000       ,0000       ,0000    
  ,0000       ,0000       1,410       ,3700       ,1700      1,0000E-02   ,0000       ,0000       ,0000       ,0000       ,0000       ,0000    
  ,0000       ,0000       ,6100       ,4100       ,2500      6,0000E-02   ,0000       ,0000       ,0000       ,0000       ,0000       ,0000    
  ,0000       ,0000       ,0000       ,0000       ,0000       ,0000       ,0000       ,0000       ,0000       ,0000       ,0000       ,0000    
  ,0000       ,2300       ,5900       8,640       7,880       6,810       ,1500       ,0000       ,0000       ,0000       ,0000       ,0000    
  ,0000       ,3900       8,430       20,17       7,350       4,280       ,3400      7,0000E-02   ,0000       ,0000       ,0000       ,0000    
  ,0000       ,1900       4,400       20,02       4,700       7,420       ,2100      1,0000E-02   ,0000       ,0000       ,0000       ,0000    
  ,0000       ,0000       ,5700       ,2100       ,2100       ,4400      7,0000E-02   ,0000       ,0000       ,0000       ,0000       ,0000    
 8,0000E-02   ,2500       ,1300       16,58       14,95       ,3500       ,1500       ,0000       ,0000       ,0000       ,0000       ,0000    
'PC   5'
  ,0000      3,0000E-02   ,1400       ,4500      1,0000E-02  1,0000E-02   ,0000       ,0000       ,0000       ,0000       ,0000       ,0000    
  ,0000      1,0000E-02   ,5900       ,9400      2,0000E-02  1,0000E-02   ,0000       ,0000       ,0000       ,0000       ,0000       ,0000    
 1,0000E-02  2,0000E-02  5,0000E-02   1,530      5,0000E-02  2,0000E-02   ,0000       ,0000       ,0000       ,0000       ,0000       ,0000    
  ,0000       ,0000      3,0000E-02   ,7800       ,3300       ,3900      2,0000E-02   ,0000       ,0000       ,0000       ,0000       ,0000    
  ,0000      1,0000E-02   ,0000       ,0000       ,0000      1,0000E-02   ,0000       ,0000       ,0000       ,0000       ,0000       ,0000    
  ,0000       ,0000      1,0000E-02  1,0000E-02  2,0000E-02   ,0000       ,0000       ,0000       ,0000       ,0000       ,0000       ,0000    
  ,0000       ,0000      6,0000E-02   1,250       1,360      2,0000E-02   ,0000       ,0000       ,0000       ,0000       ,0000      1,0000E-02
  ,0000       ,0000      1,0000E-02  8,0000E-02   ,1000      2,0000E-02  2,0000E-02   ,0000       ,0000       ,0000       ,0000       ,0000    
  ,0000       ,0000      3,0000E-02  5,0000E-02  3,0000E-02  1,0000E-02   ,0000       ,0000       ,0000       ,0000       ,0000       ,0000    
  ,0000       ,0000      2,0000E-02  7,0000E-02   ,1200      3,0000E-02  1,0000E-02   ,0000       ,0000       ,0000       ,0000       ,0000    
  ,0000      1,0000E-02  2,0000E-02  1,0000E-02   ,0000       ,0000       ,0000       ,0000       ,0000       ,0000       ,0000       ,0000    
  ,0000      1,0000E-02  2,0000E-02   ,2000       ,5400      2,0000E-02  1,0000E-02   ,0000       ,0000       ,0000       ,0000       ,0000    
 3,0000E-02   ,2200       2,980       ,7200       1,240      3,0000E-02  2,0000E-02   ,0000       ,0000       ,0000       ,0000       ,0000    
  ,0000       ,0000      3,0000E-02  1,0000E-02  2,0000E-02  1,0000E-02  1,0000E-02   ,0000       ,0000       ,0000       ,0000       ,0000    
  ,0000      7,0000E-02   ,1400       ,3900      2,0000E-02  1,0000E-02   ,0000       ,0000       ,0000       ,0000       ,0000       ,0000    
 1,0000E-02  4,0000E-02  2,0000E-02   ,4400       ,4800      2,0000E-02  2,0000E-02   ,0000       ,0000       ,0000       ,0000       ,0000    
  ,0000      3,0000E-02  4,0000E-02  7,0000E-02  3,0000E-02  1,0000E-02   ,0000       ,0000       ,0000       ,0000       ,0000       ,0000    
 1,0000E-02   ,0000       ,0000       ,0000      4,0000E-02  1,0000E-02   ,0000       ,0000       ,0000       ,0000       ,0000       ,0000    
  ,0000      4,0000E-02   ,5200      2,0000E-02  1,0000E-02   ,0000       ,0000       ,0000       ,0000       ,0000       ,0000       ,0000    
  ,0000       ,0000      9,0000E-02  2,0000E-02  1,0000E-02   ,0000       ,0000       ,0000       ,0000       ,0000       ,0000       ,0000    
  ,0000       ,0000      4,0000E-02  3,0000E-02  2,0000E-02   ,0000       ,0000       ,0000       ,0000       ,0000       ,0000       ,0000    
  ,0000       ,0000       ,0000       ,0000       ,0000       ,0000       ,0000       ,0000       ,0000       ,0000       ,0000       ,0000    
  ,0000      1,0000E-02  4,0000E-02   ,5600       ,5100       ,4400      1,0000E-02   ,0000       ,0000       ,0000       ,0000       ,0000    
  ,0000      3,0000E-02   ,5500       1,310       ,4800       ,2800      2,0000E-02   ,0000       ,0000       ,0000       ,0000       ,0000    
  ,0000      1,0000E-02   ,2900       1,300       ,3100       ,4800      1,0000E-02   ,0000       ,0000       ,0000       ,0000       ,0000    
  ,0000       ,0000      4,0000E-02  1,0000E-02  1,0000E-02  3,0000E-02   ,0000       ,0000       ,0000       ,0000       ,0000       ,0000    
 1,0000E-02  2,0000E-02  1,0000E-02   1,080       ,9700      2,0000E-02  1,0000E-02   ,0000       ,0000       ,0000       ,0000       ,0000    
'PC   6'
 6,0000E-02   ,1700       4,320       5,790       ,2300       ,1100       ,0000       ,0000       ,0000       ,0000       ,0000       ,0000    
  ,0000      7,0000E-02   3,390       13,50       ,3000       ,1400       ,0000       ,0000       ,0000       ,0000       ,0000       ,0000    
 8,0000E-02   ,3000       ,6900       27,34       2,780       ,2600      9,0000E-02   ,0000       ,0000       ,0000       ,0000       ,0000    
  ,0000       ,0000       ,2900       9,060       3,140       2,240       ,2300      2,0000E-02   ,0000       ,0000       ,0000       ,0000    
  ,0000      5,0000E-02   ,0000       ,0000      8,0000E-02  3,0000E-02   ,0000       ,0000       ,0000       ,0000       ,0000       ,0000    
  ,0000      2,0000E-02   ,1200       ,1700       ,4000       ,1000       ,0000       ,0000       ,0000       ,0000       ,0000       ,0000    
  ,0000       ,0000       ,5500       7,650       17,16       ,2400      5,0000E-02   ,0000       ,0000       ,0000       ,0000       ,0000    
  ,0000       ,0000       ,0000       ,6600       ,2600       ,1700      5,0000E-02   ,0000       ,0000       ,0000       ,0000       ,0000    
  ,1000       ,0000       ,2300       ,5700       ,2800       ,1200       ,0000       ,0000       ,0000       ,0000       ,0000       ,0000    
  ,0000       ,0000      2,0000E-02   ,6900       ,4500       ,4200       ,1700      2,0000E-02   ,0000       ,0000       ,0000       ,0000    
  ,0000       ,1400       ,1200      5,0000E-02   ,1000       ,0000       ,0000       ,0000       ,0000       ,0000       ,0000       ,0000    
  ,0000      7,0000E-02   ,2500       1,820       6,420       ,3100       ,1700      1,0000E-02   ,0000       ,0000       ,0000       ,0000    
  ,2500       ,7000       27,36       20,14       22,71       ,3000       ,1900      1,0000E-02   ,0000       ,0000       ,0000       ,0000    
  ,0000       ,0000       ,2700       ,1100       ,2400       ,1500      8,0000E-02   ,0000       ,0000       ,0000       ,0000       ,0000    
  ,0000       ,6200       ,3100       ,4100       ,2300      9,0000E-02   ,0000       ,0000       ,0000       ,0000       ,0000       ,0000    
  ,1500       ,4600       ,2600       7,180       5,600       ,3100       ,2300      4,0000E-02   ,0000       ,0000       ,0000       ,0000    
  ,0000       ,2300       ,4000       ,7200       ,3800       ,1800      2,0000E-02   ,0000       ,0000       ,0000       ,0000       ,0000    
  ,0000       ,0000       ,0000       ,0000       ,3100      3,0000E-02   ,0000       ,0000       ,0000       ,0000       ,0000       ,0000    
  ,0000       ,4000       4,060       ,2200      7,0000E-02   ,0000       ,0000       ,0000       ,0000       ,0000       ,0000       ,0000    
  ,0000       ,0000       ,9000       ,3600       ,1500      1,0000E-02   ,0000       ,0000       ,0000       ,0000       ,0000       ,0000    
  ,0000       ,0000       ,2800       ,3200       ,1900      6,0000E-02   ,0000       ,0000       ,0000       ,0000       ,0000       ,0000    
  ,0000       ,0000       ,0000       ,0000       ,0000       ,0000       ,0000       ,0000       ,0000       ,0000       ,0000       ,0000    
  ,0000      6,0000E-02   ,2600       ,7100       2,900       3,750       ,1500      1,0000E-02   ,0000       ,0000       ,0000       ,0000    
  ,0000       ,5500       10,10       16,68       4,620       ,9800       ,2900      7,0000E-02   ,0000       ,0000       ,0000       ,0000    
  ,0000       ,1100       10,93       13,98       2,940       5,710       ,2000      2,0000E-02   ,0000       ,0000       ,0000       ,0000    
  ,0000       ,0000       ,5000       ,1900       ,1600       ,2700      4,0000E-02   ,0000       ,0000       ,0000       ,0000       ,0000    
  ,0000       ,1000       ,2500       14,88       9,910       ,3000       ,1300       ,0000       ,0000       ,0000       ,0000       ,0000    
'PC   7'
 4,0000E-02   ,1900       2,290       4,710       ,1700      8,0000E-02   ,0000       ,0000       ,0000       ,0000       ,0000       ,0000    
  ,0000      7,0000E-02   4,340       9,570       ,2100       ,1100      1,0000E-02   ,0000       ,0000       ,0000       ,0000       ,0000    
 7,0000E-02   ,2700       ,4800       19,58       1,420       ,1900      7,0000E-02   ,0000       ,0000       ,0000       ,0000       ,0000    
  ,0000       ,0000       ,2800       7,780       3,350       2,600       ,1600      1,0000E-02   ,0000       ,0000       ,0000       ,0000    
  ,0000       ,1100       ,0000       ,0000      7,0000E-02  4,0000E-02   ,0000       ,0000       ,0000       ,0000       ,0000       ,0000    
  ,0000       ,0000       ,1300       ,1600       ,2900      8,0000E-02  1,0000E-02   ,0000       ,0000       ,0000       ,0000       ,0000    
  ,0000       ,0000       ,5300       10,00       11,95       ,1800      4,0000E-02   ,0000       ,0000       ,0000       ,0000      1,0000E-02
  ,0000       ,0000      1,0000E-02   ,6300       ,2600       ,1800       ,1100      2,0000E-02   ,0000       ,0000       ,0000       ,0000    
 5,0000E-02   ,0000       ,2300       ,4800       ,2800       ,1400      3,0000E-02   ,0000       ,0000       ,0000       ,0000       ,0000    
  ,0000       ,0000       ,1000       ,5900       2,270       ,8100       ,1300      3,0000E-02   ,0000       ,0000       ,0000       ,0000    
  ,0000      6,0000E-02   ,1600      6,0000E-02  6,0000E-02   ,0000       ,0000       ,0000       ,0000       ,0000       ,0000       ,0000    
  ,0000      9,0000E-02   ,2500       6,020       4,790       ,2200       ,1200      1,0000E-02   ,0000       ,0000       ,0000       ,0000    
  ,2300       ,5900       23,82       11,49       14,94       ,2200       ,1500      1,0000E-02   ,0000       ,0000       ,0000       ,0000    
  ,0000       ,0000       ,2500       ,1200       ,2500       ,1500       ,1100      1,0000E-02   ,0000       ,0000       ,0000       ,0000    
  ,0000       ,5100       ,3400       2,700       ,1900      9,0000E-02   ,0000       ,0000       ,0000       ,0000       ,0000       ,0000    
  ,1000       ,3500       ,2100       6,320       4,220       ,2200       ,1700      4,0000E-02   ,0000       ,0000       ,0000       ,0000    
  ,0000       ,1800       ,3100       ,5300       ,2600       ,1400      2,0000E-02   ,0000       ,0000       ,0000       ,0000       ,0000    
 3,0000E-02   ,0000       ,0000       ,0000       ,2900      4,0000E-02   ,0000       ,0000       ,0000       ,0000       ,0000       ,0000    
  ,0000       ,3000       3,550       ,1600      6,0000E-02   ,0000       ,0000       ,0000       ,0000       ,0000       ,0000       ,0000    
  ,0000       ,0000       1,370       ,7600       ,1100      1,0000E-02   ,0000       ,0000       ,0000       ,0000       ,0000       ,0000    
  ,0000       ,0000       ,3100       ,2600       ,1600      6,0000E-02   ,0000       ,0000       ,0000       ,0000       ,0000       ,0000    
  ,0000       ,0000       ,0000       ,0000       ,0000       ,0000       ,0000       ,0000       ,0000       ,0000       ,0000       ,0000    
  ,0000      6,0000E-02   ,3300       4,810       4,010       3,490       ,1000       ,0000       ,0000       ,0000       ,0000       ,0000    
  ,0000       ,3900       8,450       12,95       4,430       1,360       ,2000      5,0000E-02   ,0000       ,0000       ,0000       ,0000    
  ,0000       ,1200       7,860       11,51       2,600       4,440       ,1400      1,0000E-02   ,0000       ,0000       ,0000       ,0000    
  ,0000       ,0000       ,3900       ,1400       ,1300       ,2000      4,0000E-02   ,0000       ,0000       ,0000       ,0000       ,0000    
 1,0000E-02   ,1000       ,1400       11,10       7,460       ,2100      9,0000E-02   ,0000       ,0000       ,0000       ,0000       ,0000    
'PC   8'
 5,0000E-02   ,0000       ,3200       ,2600       ,1300      4,0000E-02   ,0000       ,0000       ,0000       ,0000       ,0000       ,0000    
 5,0000E-02  1,0000E-02   ,4600       ,2100       ,1100      1,0000E-02   ,0000       ,0000       ,0000       ,0000       ,0000       ,1900    
  ,4900       4,070       5,380       17,54       ,2500       ,1900       ,1700      1,0000E-02   ,0000       ,0000       ,0000       ,0000    
 7,0000E-02  1,0000E-02   ,1400       ,1100       ,1700      2,0000E-02   ,0000       ,0000       ,0000       ,0000       ,0000       ,0000    
  ,0000      2,0000E-02   ,0000       ,1700      4,0000E-02   ,0000       ,0000       ,0000       ,0000       ,0000       ,0000       ,0000    
  ,0000       ,1400       ,4900       4,380       3,040       ,1400      1,0000E-02   ,0000       ,0000       ,0000       ,0000       ,0000    
  ,0000       ,0000       6,770       15,17       14,01       ,2100      5,0000E-02   ,0000       ,0000       ,0000       ,0000       ,0000    
  ,0000       ,0000      6,0000E-02   ,3700       ,1300      3,0000E-02   ,2000       ,0000       ,0000       ,0000       ,0000       ,0000    
  ,0000       ,0000       ,6200       ,2000       ,1300      2,0000E-02   ,0000       ,0000       ,0000       ,0000       ,0000       ,0000    
  ,1600      1,0000E-02  8,0000E-02   ,4100       ,1800       ,1300       ,2100       ,0000       ,0000      1,0000E-02   ,0000       ,0000    
  ,0000       ,0000       ,0000      6,0000E-02  1,0000E-02  5,0000E-02   ,0000       ,0000       ,0000       ,0000       ,0000       ,0000    
  ,0000       ,1300       ,3800       ,1800       ,1500       ,1200      3,0000E-02   ,0000       ,0000       ,0000       ,0000       ,0000    
  ,2500       ,1400       6,680       19,66       14,54       ,2400       ,1200       ,0000       ,0000       ,0000       ,0000       ,0000    
  ,0000       ,0000       ,1400       ,3400       ,3600       ,2000       ,1100      1,0000E-02   ,0000       ,0000       ,0000       ,0000    
  ,0000       ,0000      5,0000E-02  3,0000E-02   ,0000       ,0000       ,0000       ,0000       ,0000       ,0000       ,0000       ,0000    
 4,0000E-02   ,1000      1,0000E-02  4,0000E-02   ,3000      4,0000E-02   ,0000       ,0000       ,0000       ,0000       ,0000       ,0000    
  ,0000       ,2800       ,5200       ,6600       ,2400       ,1400      3,0000E-02   ,0000       ,0000       ,0000       ,0000       ,0000    
  ,0000       ,0000       ,0000      6,0000E-02  4,0000E-02   ,0000       ,0000       ,0000       ,0000       ,0000       ,0000       ,0000    
  ,0000       ,4200       ,2400       ,1000      1,0000E-02   ,0000       ,0000       ,0000       ,0000       ,0000       ,0000       ,0000    
  ,0000       ,0000       3,890       1,120       ,1500      3,0000E-02   ,0000       ,0000       ,0000       ,0000       ,0000       ,0000    
  ,0000       ,0000       ,5200       ,2500       ,1900       ,1200      1,0000E-02   ,0000       ,0000       ,0000       ,0000       ,0000    
  ,0000       ,0000      2,0000E-02  1,0000E-02   ,0000       ,0000       ,0000       ,0000       ,0000       ,0000       ,0000       ,0000    
  ,0000       ,2100       ,1700       ,4500       5,250       ,2200      9,0000E-02   ,0000       ,0000       ,0000       ,0000       ,0000    
  ,2100       4,880       23,58       27,35       5,160       ,2500       ,1600      2,0000E-02   ,0000       ,0000       ,0000       ,0000    
 6,0000E-02   ,4500       1,390       17,01       3,620       ,2100      8,0000E-02   ,0000       ,0000       ,0000       ,0000       ,0000    
  ,0000       ,0000       1,050       1,460       ,1900       ,2600      6,0000E-02   ,0000       ,0000       ,0000       ,0000       ,0000    
  ,0000       ,0000       ,1800       ,6000       4,570       ,3100       ,1500      1,0000E-02   ,0000       ,0000       ,0000       ,7600    
'PC   9'
  ,6100       ,0000       5,720       31,85       20,93       2,120       ,3400       ,0000       ,0000       ,0000       ,0000       ,0000    
  ,4000       ,7400       8,750       67,84       2,870       1,240      2,0000E-02   ,0000       ,0000       ,0000       ,0000       ,0000    
  1,980       5,060       43,17       291,5       48,00       2,940       1,690       ,1300       ,0000       ,0000       ,0000       ,0000    
  ,0000       ,0000       3,570       51,10       22,65       2,910       1,420      2,0000E-02   ,0000       ,0000       ,0000       ,0000    
  ,0000       ,0000       ,0000       ,0000      1,0000E-02   ,0000       ,0000       ,0000       ,0000       ,0000       ,0000       ,0000    
  ,0000       1,220       6,240       122,1       58,15       2,070       ,3300       ,0000       ,0000       ,0000       ,0000       ,0000    
  ,0000       ,0000       5,870       138,0       129,7       2,670       ,6900       ,0000       ,0000       ,0000       ,0000       ,0000    
  ,0000       ,0000       ,0000       4,270       1,510       ,4600       ,0000       ,0000       ,0000       ,0000       ,0000       ,0000    
  ,2200       ,0000       2,960       ,9600       ,7600      1,0000E-02   ,0000       ,0000       ,0000       ,0000       ,0000       ,0000    
  ,0000       ,0000       1,980       4,350       2,980       2,080       ,9700      1,0000E-02   ,0000       ,0000       ,0000       ,0000    
  ,0000      1,0000E-02  1,0000E-02  1,0000E-02   ,0000       ,0000       ,0000       ,0000       ,0000       ,0000       ,0000       ,0000    
  ,0000       ,9600       3,150       4,140       3,400       3,080       2,060       ,3000       ,0000       ,0000       ,0000       ,0000    
  2,680       2,530       67,20       320,4       235,2       8,480       1,470      3,0000E-02   ,0000       ,0000       ,0000       ,0000    
  ,0000       ,0000       ,8800       1,250       2,100       1,220       ,1700       ,0000       ,0000       ,0000       ,0000       ,0000    
  ,0000       ,5500       1,380       ,5700       ,1700       ,0000       ,0000       ,0000       ,0000       ,0000       ,0000       ,0000    
  ,0000       1,120       ,1600       2,800       4,420       1,720       ,7500       ,0000       ,0000       ,0000       ,0000       ,0000    
  ,0000       2,060       3,560       4,670       2,410       1,470       ,1400       ,0000       ,0000       ,0000       ,0000       ,0000    
  ,0000       ,0000       ,0000       ,0000       ,2900      1,0000E-02   ,0000       ,0000       ,0000       ,0000       ,0000       ,0000    
  ,0000       3,100       4,860       1,370       ,1600       ,0000       ,0000       ,0000       ,0000       ,0000       ,0000       ,0000    
  ,0000       ,0000       19,13       31,63       2,020       ,4900       ,0000       ,0000       ,0000       ,0000       ,0000       ,0000    
  ,0000       ,0000       2,030       3,150       1,730       ,9100       ,0000       ,0000       ,0000       ,0000       ,0000       ,0000    
  ,0000       ,5900       ,0000       ,0000       ,0000       ,0000       ,0000       ,0000       ,0000       ,0000       ,0000       ,0000    
  ,0000       ,5500       1,720       4,740       15,12       3,080       1,610       ,1100       ,0000       ,0000       ,0000       ,0000    
  ,8500       7,720       269,7       244,7       36,01       3,040       2,430       ,4900       ,0000       ,0000       ,0000       ,0000    
  ,0000       3,960       80,07       172,1       23,71       3,140       1,690      7,0000E-02   ,0000       ,0000       ,0000       ,0000    
  ,0000       ,0000       5,430       2,460       1,750       2,370       ,3900       ,0000       ,0000       ,0000       ,0000       ,0000    
  ,0000       ,0000       3,350       77,58       109,3       2,790       1,770       ,1300       ,0000       ,0000       ,0000       1,710    
'PC  10'
 7,0000E-02  1,0000E-02   5,410       4,380       ,1400       ,1000      2,0000E-02   ,0000       ,0000       ,0000       ,0000       ,0000    
 4,0000E-02  1,0000E-02   ,3900       8,590       ,1400      7,0000E-02   ,0000       ,0000       ,0000       ,0000       ,0000       ,0000    
  ,1100       ,2900       5,840       19,16       3,320       ,1500      9,0000E-02  1,0000E-02   ,0000       ,0000       ,0000       ,0000    
  ,0000       ,0000      8,0000E-02   4,940       1,610       ,1400       ,1000      1,0000E-02   ,0000       ,0000       ,0000       ,0000    
  ,0000       ,0000       ,0000       ,0000       ,1300      5,0000E-02   ,0000       ,0000       ,0000       ,0000       ,0000       ,0000    
  ,0000       ,1400       ,1600       ,2900       4,540       ,1200      3,0000E-02   ,0000       ,0000       ,0000       ,0000       ,0000    
  ,0000       ,0000       ,1000       ,2600       4,880       ,1100      3,0000E-02   ,0000       ,0000       ,0000       ,0000       ,0000    
  ,0000       ,0000       ,0000       ,1000      5,0000E-02  1,0000E-02   ,0000       ,0000       ,0000       ,0000       ,0000       ,0000    
  ,1600      1,0000E-02   ,1400       ,3000      9,0000E-02  2,0000E-02   ,0000       ,0000       ,0000       ,0000       ,0000       ,0000    
  ,0000       ,0000      2,0000E-02   ,3400       ,7400       ,8400      8,0000E-02  1,0000E-02   ,0000       ,0000       ,0000       ,0000    
  ,0000       ,1200      3,0000E-02  1,0000E-02   ,2100      2,0000E-02   ,0000       ,0000       ,0000       ,0000       ,0000       ,0000    
  ,0000      4,0000E-02   ,3100       5,320       2,770       ,4400       ,1100      3,0000E-02   ,0000       ,0000       ,0000       ,0000    
 5,0000E-02  6,0000E-02   1,820       21,26       16,89       ,2800      6,0000E-02   ,0000       ,0000       ,0000       ,0000       ,0000    
  ,0000       ,0000       ,1000       ,1100       ,2400       ,1100      6,0000E-02   ,0000       ,0000       ,0000       ,0000      9,0000E-02
  ,0000      2,0000E-02  6,0000E-02  7,0000E-02  2,0000E-02   ,0000       ,0000       ,0000       ,0000       ,0000       ,0000       ,0000    
 3,0000E-02   ,1300       ,2200       5,910       2,220       ,1600       ,1200      3,0000E-02   ,0000       ,0000       ,0000       ,0000    
  ,0000       ,1100       ,1700       ,2600       ,3600       ,1100      2,0000E-02   ,0000       ,0000       ,0000       ,0000       ,0000    
  ,0000       ,0000       ,1200      1,0000E-02  2,0000E-02   ,0000       ,0000       ,0000       ,0000       ,0000       ,0000       ,0000    
  ,0000       ,2300       ,3600       ,1100      4,0000E-02   ,0000       ,0000       ,0000       ,0000       ,0000       ,0000       ,0000    
  ,0000       ,0000       1,440       1,430      8,0000E-02  1,0000E-02   ,0000       ,0000       ,0000       ,0000       ,0000       ,0000    
  ,0000       ,0000      5,0000E-02   ,2500       ,1000      6,0000E-02   ,0000       ,0000       ,0000       ,0000       ,0000       ,0000    
  ,0000       ,0000       ,0000       ,0000       ,0000       ,0000       ,0000       ,0000       ,0000       ,0000       ,0000       ,0000    
  ,0000       ,0000       ,1000       ,2700       ,1600       ,1300      7,0000E-02  1,0000E-02   ,0000       ,0000       ,0000       ,0000    
 2,0000E-02   4,610       7,400       7,930       1,680       ,1600       ,1200      3,0000E-02   ,0000       ,0000       ,0000       ,0000    
  ,0000       ,1400       14,42       5,290       1,720       1,710       ,1100      1,0000E-02   ,0000       ,0000       ,0000       ,0000    
  ,0000       ,0000       ,3400       ,1600      9,0000E-02  9,0000E-02  2,0000E-02   ,0000       ,0000       ,0000       ,0000       ,0000    
  ,0000       ,0000       ,4000       9,190       2,840       ,1200      5,0000E-02   ,0000       ,0000       ,0000       ,0000       ,0000    
'PC  11'
  ,2900      2,0000E-02   2,780       16,42       1,210       ,6100      3,0000E-02   ,0000       ,0000       ,0000       ,0000       ,0000    
  ,0000       ,4700       31,75       67,90       5,620       ,7200      6,0000E-02   ,0000       ,0000       ,0000       ,0000       ,0000    
  ,1600       3,170       9,190       154,7       22,00       1,250       ,7200      5,0000E-02   ,0000       ,0000       ,0000       ,0000    
  ,0000       ,0000       1,680       44,27       44,74       6,070       1,020       ,1300       ,0000       ,0000       ,0000       ,0000    
  ,0000       1,230       ,1000      3,0000E-02  4,0000E-02  1,0000E-02   ,0000       ,0000       ,0000       ,0000       ,0000       ,0000    
  ,0000       ,4400       1,680       20,43       52,63       1,000       ,2600       ,0000       ,0000       ,0000       ,0000       ,0000    
  ,0000       ,0000       4,740       70,05       69,47       1,140       ,4200       ,0000       ,0000       ,0000       ,0000       ,0000    
  ,0000       ,0000       ,1500       3,290       1,460       1,060       ,7200       ,1200       ,0000       ,0000       ,0000       ,0000    
  ,4000      1,0000E-02   1,920       4,960       1,260       ,7600       ,1100       ,0000       ,0000       ,0000       ,0000       ,0000    
  ,0000       ,0000       1,310       25,27       35,59       1,420       ,8300       ,1800       ,0000       ,0000       ,0000       ,0000    
  ,0000       ,0000       ,1800       ,5100       ,6600      6,0000E-02   ,0000       ,0000       ,0000       ,0000       ,0000       ,0000    
  ,0000       1,050       17,71       102,4       21,07       1,360       1,030       ,2800       ,0000       ,0000       ,0000       ,0000    
  2,280       1,610       87,07       89,29       88,39       4,020       ,9100      8,0000E-02   ,0000       ,0000       ,0000       ,0000    
  ,0000       ,0000       2,360       1,350       27,57       4,010       ,7900      9,0000E-02   ,0000       ,0000       ,0000       ,0000    
  ,0000       1,270       1,390       1,320       ,8500       ,2900       ,0000      1,0000E-02   ,0000       ,0000       ,0000       ,0000    
  ,0000       ,9000       1,080       43,86       16,74       1,340       1,030       ,2900       ,0000       ,0000       ,0000       ,0000    
  ,0000       ,9100       1,840       1,760       1,580       ,8300       ,1500       ,0000       ,0000       ,0000       ,0000       ,0000    
  ,0000       ,0000       ,4000       ,2200       1,390       ,2700       ,0000       ,0000       ,0000       ,0000       ,0000       ,0000    
  ,0000       1,140       2,200       ,7500       ,2000       ,0000       ,0000       ,0000       ,0000       ,0000       ,0000       ,0000    
  ,0000       ,0000       4,510       25,49       ,7500       ,1300       ,0000       ,0000       ,0000       ,0000       ,0000       ,0000    
  ,0000       ,0000       1,510       ,9100       ,7900       ,4100       ,0000       ,0000       ,0000       ,0000       ,0000       ,0000    
  ,0000       ,0000      3,0000E-02  3,0000E-02  1,0000E-02   ,0000       ,0000       ,0000       ,0000       ,0000       ,0000       ,0000    
  ,0000       ,0000       3,350       77,71       24,47       6,970       ,7200      5,0000E-02   ,0000       ,0000       ,0000       ,0000    
  ,6000       28,54       63,50       96,89       24,26       1,330       ,9700       ,1400       ,0000       ,0000       ,0000       ,0000    
  ,0000       1,370       55,50       66,34       39,04       20,54       ,9800       ,1200       ,0000       ,0000       ,0000       ,0000    
  ,0000       ,0000       3,230       1,340       1,070       ,6900       ,1500       ,0000       ,0000       ,0000       ,0000       ,0000    
  ,0000       ,0000       ,4000       3,560       25,30       1,230       ,5400       ,0000       ,0000       ,0000       ,0000       ,0000    
'PC  12'
 1,0000E-02  3,0000E-02   ,5800       2,630      3,0000E-02  2,0000E-02  1,0000E-02   ,0000       ,0000       ,0000       ,0000       ,0000    
 2,0000E-02  2,0000E-02   2,770       2,540       ,4300      2,0000E-02   ,0000       ,0000       ,0000       ,0000       ,0000       ,0000    
 5,0000E-02   2,200       1,490       5,110       1,530       ,1700      3,0000E-02  1,0000E-02   ,0000       ,0000       ,0000       ,0000    
  ,0000       ,0000       ,3500       2,910       2,250       ,2600      3,0000E-02   ,0000       ,0000       ,0000       ,0000       ,0000    
  ,0000      8,0000E-02  2,0000E-02  4,0000E-02   ,5800      3,0000E-02  2,0000E-02   ,0000       ,0000       ,0000       ,0000       ,0000    
  ,0000      6,0000E-02   1,530       2,100       1,320      2,0000E-02  1,0000E-02   ,0000       ,0000       ,0000       ,0000       ,0000    
  ,0000      1,0000E-02   1,210       2,940       2,350      3,0000E-02  1,0000E-02   ,0000       ,0000       ,0000       ,0000       ,0000    
  ,0000      4,0000E-02   ,6900       2,850       ,9300      3,0000E-02  2,0000E-02   ,0000       ,0000       ,0000       ,0000       ,0000    
 3,0000E-02   ,0000       ,9700       2,640      3,0000E-02  2,0000E-02   ,0000       ,0000       ,0000       ,0000       ,0000       ,0000    
  ,0000       ,0000       ,5400       3,080       1,270       ,5900      3,0000E-02  1,0000E-02   ,0000       ,0000       ,0000       ,0000    
  ,0000       ,0000      5,0000E-02   ,1600       ,5000      3,0000E-02  2,0000E-02   ,0000       ,0000       ,0000       ,0000       ,0000    
 1,0000E-02   ,1000       3,830       5,200       ,7000      3,0000E-02  3,0000E-02  2,0000E-02   ,0000       ,0000       ,0000       ,0000    
 5,0000E-02  6,0000E-02   3,900       3,630       3,710       ,2600      2,0000E-02   ,0000       ,0000       ,0000       ,0000       ,0000    
  ,0000       ,0000      9,0000E-02   2,170       2,270       ,1500      2,0000E-02  1,0000E-02   ,0000       ,0000       ,0000       ,0000    
  ,0000      7,0000E-02   1,510       1,150      3,0000E-02  2,0000E-02   ,0000       ,0000       ,0000       ,0000       ,0000       ,0000    
 3,0000E-02  6,0000E-02   1,690       2,690       ,3600       ,1600      4,0000E-02  2,0000E-02   ,0000       ,0000       ,0000       ,0000    
  ,0000      6,0000E-02  6,0000E-02   ,4000       ,9000      3,0000E-02  1,0000E-02   ,0000       ,0000       ,0000       ,0000       ,0000    
  ,0000      2,0000E-02  5,0000E-02  3,0000E-02  4,0000E-02  3,0000E-02  1,0000E-02   ,0000       ,0000       ,0000       ,0000       ,0000    
  ,0000      5,0000E-02   ,1600      3,0000E-02  3,0000E-02  1,0000E-02   ,0000       ,0000       ,0000       ,0000       ,0000       ,0000    
  ,0000       ,0000       1,920       1,030      2,0000E-02  1,0000E-02   ,0000       ,0000       ,0000       ,0000       ,0000       ,0000    
  ,0000      2,0000E-02   1,150       ,7600       ,3200      3,0000E-02  1,0000E-02   ,0000       ,0000       ,0000       ,0000       ,0000    
  ,0000       ,0000      3,0000E-02  3,0000E-02  2,0000E-02  1,0000E-02   ,0000       ,0000       ,0000       ,0000       ,0000       ,0000    
  ,0000      1,0000E-02   2,150       3,110       1,540       ,2800      2,0000E-02  1,0000E-02   ,0000       ,0000       ,0000       ,0000    
 9,0000E-02   3,230       3,290       3,250       1,930       ,2500      3,0000E-02  1,0000E-02   ,0000       ,0000       ,0000      1,0000E-02
 2,0000E-02   ,1000       4,690       3,380       ,9500       ,6400      4,0000E-02  1,0000E-02   ,0000       ,0000       ,0000       ,0000    
  ,0000      2,0000E-02   1,520       ,4700      3,0000E-02  2,0000E-02  1,0000E-02   ,0000       ,0000       ,0000       ,0000       ,0000    
 2,0000E-02  2,0000E-02   ,1700       3,120       ,3800      3,0000E-02  2,0000E-02   ,0000       ,0000       ,0000       ,0000       ,0000    
'PC  13'
 1,0000E-02  1,0000E-02  6,0000E-02  6,0000E-02  4,0000E-02   ,2200      2,0000E-02   ,0000       ,0000       ,0000       ,0000       ,0000    
 3,0000E-02  6,0000E-02   4,300       3,350       ,3400      3,0000E-02   ,0000       ,0000       ,0000       ,0000       ,0000       ,0000    
 2,0000E-02   ,3000       2,970       6,220       3,010       ,8700      5,0000E-02  2,0000E-02   ,0000       ,0000       ,0000       ,0000    
  ,0000       ,0000      1,0000E-02   2,670       3,740      5,0000E-02  3,0000E-02   ,0000       ,0000       ,0000       ,0000       ,0000    
  ,0000       ,0000       ,0000      1,0000E-02  1,0000E-02   ,0000       ,0000       ,0000       ,0000       ,0000       ,0000       ,0000    
  ,0000       ,1100       ,6600       1,250       ,4800      4,0000E-02  2,0000E-02   ,0000       ,0000       ,0000       ,0000       ,0000    
  ,0000       ,0000      7,0000E-02   1,020       3,850      4,0000E-02  1,0000E-02   ,0000       ,0000       ,0000       ,0000       ,0000    
  ,0000       ,0000       ,1000       2,800       ,6300       ,1900      3,0000E-02   ,0000       ,0000       ,0000       ,0000       ,0000    
 4,0000E-02   ,0000      6,0000E-02   1,220      5,0000E-02  3,0000E-02   ,0000       ,0000       ,0000       ,0000       ,0000       ,0000    
 2,0000E-02   ,0000       ,1000       2,090       ,7400       1,300      4,0000E-02  1,0000E-02   ,0000       ,0000       ,0000       ,0000    
  ,0000       ,0000       ,0000      6,0000E-02  4,0000E-02  2,0000E-02   ,0000       ,0000       ,0000       ,0000       ,0000       ,0000    
  ,0000       ,1000       3,190       4,810       ,5700       ,3100      4,0000E-02  2,0000E-02   ,0000       ,0000       ,0000       ,0000    
  ,1100       ,2300       6,040       3,820       5,110       ,2400      3,0000E-02   ,0000       ,0000       ,0000       ,0000       ,0000    
  ,0000       ,0000       ,1200       2,200       1,190      5,0000E-02  3,0000E-02  1,0000E-02   ,0000       ,0000       ,0000       ,0000    
  ,0000      6,0000E-02   ,1000       ,2200      4,0000E-02  2,0000E-02   ,0000       ,0000       ,0000       ,0000      2,0000E-02   ,0000    
 6,0000E-02  2,0000E-02  5,0000E-02   1,270       ,3300       ,4900      6,0000E-02  2,0000E-02   ,0000       ,0000       ,0000       ,0000    
  ,0000      6,0000E-02  4,0000E-02  4,0000E-02  7,0000E-02  3,0000E-02  1,0000E-02   ,0000       ,0000       ,0000       ,0000       ,0000    
  ,0000      2,0000E-02  4,0000E-02  8,0000E-02  5,0000E-02  2,0000E-02   ,0000       ,0000       ,0000       ,0000       ,0000       ,0000    
 1,0000E-02  7,0000E-02   ,8000      7,0000E-02  4,0000E-02  2,0000E-02   ,0000       ,0000       ,0000       ,0000       ,0000       ,0000    
  ,0000       ,0000       3,090       1,500      2,0000E-02   ,0000       ,0000       ,0000       ,0000       ,0000       ,0000      1,0000E-02
  ,0000       ,0000      4,0000E-02  6,0000E-02  3,0000E-02  2,0000E-02   ,0000       ,0000       ,0000       ,0000       ,0000       ,0000    
  ,0000       ,0000      2,0000E-02   ,0000       ,0000       ,0000       ,0000       ,0000       ,0000       ,0000       ,0000       ,0000    
  ,0000       ,0000       ,7600       3,590       3,110       ,6800      4,0000E-02  1,0000E-02   ,0000       ,0000       ,0000       ,0000    
 7,0000E-02   2,740       3,250       5,310       3,270      4,0000E-02  4,0000E-02  1,0000E-02   ,0000       ,0000       ,0000       ,0000    
  ,0000      6,0000E-02   2,630       6,100       ,2700       1,300      7,0000E-02  1,0000E-02   ,0000       ,0000       ,0000       ,0000    
  ,0000       ,0000       ,1400       ,2500      4,0000E-02  5,0000E-02  2,0000E-02   ,0000       ,0000       ,0000       ,0000       ,0000    
  ,0000      1,0000E-02  2,0000E-02   1,640       1,040      6,0000E-02  3,0000E-02  1,0000E-02   ,0000       ,0000       ,0000       ,0000    
'PC  14'
  ,1000       ,4000       11,43       30,82       ,2800       ,1600      1,0000E-02   ,0000       ,0000       ,0000       ,0000       ,0000    
  ,1700       ,1500       23,92       24,83       4,060       ,1800      3,0000E-02   ,0000       ,0000       ,0000       ,1100      3,0000E-02
  ,6400       26,80       12,62       49,76       12,27       ,3000       ,2600      8,0000E-02   ,0000       ,0000       ,0000       ,0000    
  ,0000      2,0000E-02   11,21       24,21       19,37       3,490       ,2600      5,0000E-02   ,0000       ,0000       ,0000       ,0000    
  ,0000       1,040       ,3100       4,250       10,80       ,2800       ,1600      1,0000E-02   ,0000       ,0000       ,0000       ,0000    
  ,0000       ,5400       16,45       23,12       15,44       ,2100      5,0000E-02   ,0000       ,0000       ,0000       ,0000       ,0000    
  ,0000       ,1300       17,95       30,27       20,74       ,2500       ,1100       ,0000       ,0000       ,0000       ,0000       ,0000    
 6,0000E-02   ,4800       9,790       26,22       10,10       ,2800       ,1900      4,0000E-02   ,0000       ,0000       ,0000       ,0000    
  ,2700      3,0000E-02   15,14       25,55       ,2700       ,1600      3,0000E-02   ,0000       ,0000       ,0000       ,0000       ,0000    
  ,0000       ,0000       7,750       31,08       13,84       4,760       ,2300       ,1000       ,0000       ,0000       ,0000       ,0000    
  ,0000      7,0000E-02   ,6700       6,080       5,560       ,2500       ,1900      3,0000E-02   ,0000       ,0000       ,0000       ,1200    
  ,1500       2,630       38,84       52,92       7,650       ,3000       ,2800       ,2000      1,0000E-02   ,0000       ,0000       ,0000    
  ,3700       ,6200       34,18       37,03       35,07       2,700       ,2200      2,0000E-02   ,0000       ,0000       ,0000       ,0000    
  ,0000      6,0000E-02   2,200       21,04       24,82       1,900       ,2000      5,0000E-02   ,0000       ,0000       ,0000       ,0000    
  ,0000       ,7600       18,02       13,71       ,2600       ,1600      4,0000E-02   ,0000       ,0000       ,0000       ,0000       ,0000    
  ,2400       ,7700       23,14       27,10       4,240       ,6200       ,3300       ,1700       ,0000       ,0000       ,0000       ,0000    
  ,0000       ,5400       ,6900       8,320       8,530       ,2700       ,1400      2,0000E-02   ,0000       ,0000       ,0000       ,0000    
  ,0000       ,2300       ,5800       ,2600       ,4400       ,2800       ,1100       ,0000       ,0000       ,0000       ,0000       ,0000    
  ,1000       ,5800       4,420       ,2600       ,1700      7,0000E-02  1,0000E-02   ,0000       ,0000       ,0000       ,0000       ,0000    
  ,0000       ,0000       16,73       9,280       ,2200       ,1000       ,0000       ,0000       ,0000       ,0000       ,0000       ,0000    
 3,0000E-02   ,2500       17,90       7,670       3,660       ,3100       ,1300       ,0000       ,0000       ,0000       ,0000       ,0000    
  ,0000       ,0000       ,3900       ,4000       ,2000       ,1000       ,0000       ,0000       ,0000       ,0000       ,0000       ,0000    
  ,0000       ,1900       24,79       30,13       11,91       1,730       ,2100      6,0000E-02   ,0000       ,0000       ,0000       ,0000    
  2,610       32,33       33,26       28,30       16,64       3,990       ,2600      7,0000E-02   ,0000       ,0000       ,0000       ,1900    
  ,2500       4,720       49,83       27,50       11,28       5,210       ,2700      7,0000E-02   ,0000       ,0000      8,0000E-02   ,1000    
  ,0000       ,3000       19,04       5,310       ,2300       ,1400      3,0000E-02   ,0000       ,0000       ,0000       ,0000       ,0000    
  ,2700       ,3300       8,840       28,97       2,730       ,2600       ,1200       ,0000       ,0000       ,0000       ,0000      2,0000E-02
'PC  15'
 1,0000E-02  2,0000E-02  5,0000E-02  5,0000E-02  3,0000E-02   ,1000      2,0000E-02   ,0000       ,0000       ,0000       ,0000       ,0000    
 3,0000E-02  6,0000E-02   4,700       3,240       ,3100      2,0000E-02   ,0000       ,0000       ,0000       ,0000       ,0000       ,0000    
 2,0000E-02   ,6000       2,790       5,860       3,090       1,000       ,1200      2,0000E-02   ,0000       ,0000       ,0000       ,0000    
 1,0000E-02   ,0000      1,0000E-02   2,740       3,930      4,0000E-02  3,0000E-02   ,0000       ,0000       ,0000       ,0000       ,0000    
  ,0000       ,0000       ,0000      2,0000E-02  1,0000E-02   ,0000       ,0000       ,0000       ,0000       ,0000       ,0000       ,0000    
  ,0000       ,1200       ,9800       1,170       ,3000      4,0000E-02  2,0000E-02   ,0000       ,0000       ,0000       ,0000       ,0000    
  ,0000       ,0000      8,0000E-02   1,340       3,800      4,0000E-02  1,0000E-02   ,0000       ,0000       ,0000       ,0000       ,0000    
  ,0000       ,0000       ,1200       3,490       ,6500       ,3400      3,0000E-02   ,0000       ,0000       ,0000       ,0000       ,0000    
 3,0000E-02   ,0000      6,0000E-02   1,500      4,0000E-02  2,0000E-02  1,0000E-02   ,0000       ,0000       ,0000       ,0000       ,0000    
 3,0000E-02   ,0000       ,1100       2,460       ,7600       1,300      4,0000E-02  2,0000E-02   ,0000       ,0000       ,0000       ,0000    
  ,0000       ,0000       ,0000      7,0000E-02  3,0000E-02  2,0000E-02   ,0000       ,0000       ,0000       ,0000       ,0000       ,0000    
 1,0000E-02   ,1000       3,590       4,880       ,5300       ,3900      4,0000E-02  1,0000E-02   ,0000       ,0000       ,0000       ,0000    
  ,1200       ,6000       6,100       3,180       4,760       ,2900      3,0000E-02   ,0000       ,0000       ,0000       ,0000       ,0000    
  ,0000       ,0000       ,1300       2,730       1,160      4,0000E-02  3,0000E-02  1,0000E-02   ,0000       ,0000       ,0000       ,0000    
  ,0000      6,0000E-02   ,4800       ,2500      4,0000E-02  2,0000E-02   ,0000       ,0000       ,0000       ,0000      3,0000E-02   ,0000    
 7,0000E-02  2,0000E-02  5,0000E-02   1,260       ,2200       ,5400      7,0000E-02  2,0000E-02   ,0000       ,0000       ,0000       ,0000    
  ,0000      7,0000E-02  4,0000E-02  3,0000E-02  6,0000E-02  3,0000E-02  1,0000E-02   ,0000       ,0000       ,0000       ,0000       ,0000    
  ,0000      3,0000E-02  4,0000E-02  9,0000E-02  6,0000E-02  3,0000E-02  1,0000E-02   ,0000       ,0000       ,0000       ,0000       ,0000    
 1,0000E-02  6,0000E-02   ,9400       ,1900      4,0000E-02  2,0000E-02   ,0000       ,0000       ,0000       ,0000       ,0000       ,0000    
  ,0000       ,0000       3,270       1,540      2,0000E-02   ,0000       ,0000       ,0000       ,0000       ,0000       ,0000      1,0000E-02
  ,0000       ,0000      5,0000E-02  5,0000E-02  3,0000E-02  2,0000E-02   ,0000       ,0000       ,0000       ,0000       ,0000       ,0000    
  ,0000       ,0000      2,0000E-02  1,0000E-02   ,0000       ,0000       ,0000       ,0000       ,0000       ,0000       ,0000       ,0000    
  ,0000       ,0000       1,180       3,660       3,280       ,7700      3,0000E-02  1,0000E-02   ,0000       ,0000       ,0000       ,0000    
 7,0000E-02   2,760       3,200       5,350       3,440      4,0000E-02  3,0000E-02  1,0000E-02   ,0000       ,0000       ,0000       ,0000    
 1,0000E-02  6,0000E-02   2,280       6,320       ,2400       1,390      8,0000E-02  1,0000E-02   ,0000       ,0000       ,0000       ,0000    
  ,0000       ,0000       ,3100       ,2200      4,0000E-02  6,0000E-02  2,0000E-02   ,0000       ,0000       ,0000       ,0000       ,0000    
  ,0000      1,0000E-02  1,0000E-02   1,480       1,000      9,0000E-02  3,0000E-02  1,0000E-02   ,0000       ,0000       ,0000       ,0000    
'PC  16'
  ,0000      1,0000E-02  1,0000E-02  2,0000E-02  1,0000E-02  3,0000E-02  1,0000E-02   ,0000       ,0000       ,0000       ,0000       ,0000    
 1,0000E-02  2,0000E-02   1,460       1,010       ,1000      1,0000E-02   ,0000       ,0000       ,0000       ,0000       ,0000       ,0000    
 1,0000E-02   ,1900       ,8700       1,820       ,9600       ,3100      4,0000E-02  1,0000E-02   ,0000       ,0000       ,0000       ,0000    
  ,0000       ,0000       ,0000       ,8500       1,220      1,0000E-02  1,0000E-02   ,0000       ,0000       ,0000       ,0000       ,0000    
  ,0000       ,0000       ,0000      1,0000E-02   ,0000       ,0000       ,0000       ,0000       ,0000       ,0000       ,0000       ,0000    
  ,0000      4,0000E-02   ,3000       ,3600      9,0000E-02  1,0000E-02   ,0000       ,0000       ,0000       ,0000       ,0000       ,0000    
  ,0000       ,0000      2,0000E-02   ,4200       1,180      1,0000E-02   ,0000       ,0000       ,0000       ,0000       ,0000       ,0000    
  ,0000       ,0000      4,0000E-02   1,090       ,2000       ,1100      1,0000E-02   ,0000       ,0000       ,0000       ,0000       ,0000    
 1,0000E-02   ,0000      2,0000E-02   ,4700      1,0000E-02  1,0000E-02   ,0000       ,0000       ,0000       ,0000       ,0000       ,0000    
 1,0000E-02   ,0000      4,0000E-02   ,7600       ,2400       ,4000      1,0000E-02   ,0000       ,0000       ,0000       ,0000       ,0000    
  ,0000       ,0000       ,0000      2,0000E-02  1,0000E-02  1,0000E-02   ,0000       ,0000       ,0000       ,0000       ,0000       ,0000    
  ,0000      3,0000E-02   1,120       1,520       ,1600       ,1200      1,0000E-02   ,0000       ,0000       ,0000       ,0000       ,0000    
 4,0000E-02   ,1900       1,900       ,9900       1,480      9,0000E-02  1,0000E-02   ,0000       ,0000       ,0000       ,0000       ,0000    
  ,0000       ,0000      4,0000E-02   ,8500       ,3600      1,0000E-02  1,0000E-02   ,0000       ,0000       ,0000       ,0000       ,0000    
  ,0000      2,0000E-02   ,1500      8,0000E-02  1,0000E-02  1,0000E-02   ,0000       ,0000       ,0000       ,0000      1,0000E-02   ,0000    
 2,0000E-02  1,0000E-02  2,0000E-02   ,3900      7,0000E-02   ,1700      2,0000E-02  1,0000E-02   ,0000       ,0000       ,0000       ,0000    
  ,0000      2,0000E-02  1,0000E-02  1,0000E-02  2,0000E-02  1,0000E-02   ,0000       ,0000       ,0000       ,0000       ,0000       ,0000    
  ,0000      1,0000E-02  1,0000E-02  3,0000E-02  2,0000E-02  1,0000E-02   ,0000       ,0000       ,0000       ,0000       ,0000       ,0000    
  ,0000      2,0000E-02   ,2900      6,0000E-02  1,0000E-02  1,0000E-02   ,0000       ,0000       ,0000       ,0000       ,0000       ,0000    
  ,0000       ,0000       1,010       ,4800      1,0000E-02   ,0000       ,0000       ,0000       ,0000       ,0000       ,0000       ,0000    
  ,0000       ,0000      1,0000E-02  2,0000E-02  1,0000E-02  1,0000E-02   ,0000       ,0000       ,0000       ,0000       ,0000       ,0000    
  ,0000       ,0000      1,0000E-02   ,0000       ,0000       ,0000       ,0000       ,0000       ,0000       ,0000       ,0000       ,0000    
  ,0000       ,0000       ,3700       1,140       1,020       ,2400      1,0000E-02   ,0000       ,0000       ,0000       ,0000       ,0000    
 2,0000E-02   ,8600       ,9900       1,660       1,070      1,0000E-02  1,0000E-02   ,0000       ,0000       ,0000       ,0000       ,0000    
  ,0000      2,0000E-02   ,7100       1,960      7,0000E-02   ,4300      3,0000E-02   ,0000       ,0000       ,0000       ,0000       ,0000    
  ,0000       ,0000       ,1000      7,0000E-02  1,0000E-02  2,0000E-02  1,0000E-02   ,0000       ,0000       ,0000       ,0000       ,0000    
  ,0000       ,0000       ,0000       ,4600       ,3100      3,0000E-02  1,0000E-02   ,0000       ,0000       ,0000       ,0000       ,0000    
'PC  17'
 5,0000E-02   ,0000       ,5100       1,570       ,2100       1,110       ,1000       ,0000       ,0000       ,0000       ,0000       ,0000    
 9,0000E-02   ,1500       12,50       14,53       1,300       ,1100      1,0000E-02   ,0000       ,0000       ,0000       ,0000       ,0000    
 5,0000E-02   ,5400       11,12       27,88       10,93       2,000       ,2000      6,0000E-02   ,0000       ,0000       ,0000       ,0000    
  ,0000       ,0000      3,0000E-02   10,01       12,12       ,2200       ,1400      1,0000E-02   ,0000       ,0000       ,0000       ,0000    
  ,0000       ,0000       ,0000      1,0000E-02  4,0000E-02  1,0000E-02   ,0000       ,0000       ,0000       ,0000       ,0000       ,0000    
  ,0000       ,3600       ,3700       4,940       3,170       ,1800      7,0000E-02   ,0000       ,0000       ,0000       ,0000       ,0000    
  ,0000       ,0000       ,2100       ,8200       15,54       ,1700      5,0000E-02   ,0000       ,0000       ,0000       ,0000       ,0000    
  ,0000       ,0000       ,1800       3,520       2,140       ,1900       ,1200      1,0000E-02   ,0000       ,0000       ,0000       ,0000    
  ,1800      1,0000E-02   ,1800       1,630       ,2000       ,1100      1,0000E-02   ,0000       ,0000       ,0000       ,0000       ,0000    
 3,0000E-02   ,0000       ,2800       4,630       3,290       4,330       ,1600      5,0000E-02   ,0000       ,0000       ,0000       ,0000    
  ,0000       ,0000       ,0000       ,1600       ,1900      6,0000E-02   ,0000       ,0000       ,0000       ,0000       ,0000       ,0000    
  ,0000       ,2900       8,120       17,91       2,830       ,4600       ,2000      7,0000E-02   ,0000       ,0000       ,0000       ,0000    
  ,3200       ,3300       19,53       21,63       23,65       ,5100       ,1200      1,0000E-02   ,0000       ,0000       ,0000       ,0000    
  ,0000       ,0000       ,3800       3,170       5,440       ,2100       ,1500      2,0000E-02   ,0000       ,0000       ,0000      3,0000E-02
  ,0000       ,1800       ,2900       ,1900       ,1300      4,0000E-02   ,0000       ,0000       ,0000       ,0000      3,0000E-02   ,0000    
  ,1600      7,0000E-02   ,1800       5,010       2,590       1,220       ,2100      9,0000E-02   ,0000       ,0000       ,0000       ,0000    
  ,0000       ,2100       ,1600       ,2200       ,2900       ,1400      3,0000E-02   ,0000       ,0000       ,0000       ,0000       ,0000    
  ,0000      6,0000E-02   ,1500       ,2200       ,1400      5,0000E-02   ,0000       ,0000       ,0000       ,0000       ,0000       ,0000    
  ,0000       ,2900       1,670       ,2200       ,1500      7,0000E-02   ,0000       ,0000       ,0000       ,0000       ,0000       ,0000    
  ,0000       ,0000       10,02       5,360       ,1000      1,0000E-02   ,0000       ,0000       ,0000       ,0000       ,0000      1,0000E-02
  ,0000       ,0000       ,1300       ,2700       ,1300      8,0000E-02   ,0000       ,0000       ,0000       ,0000       ,0000       ,0000    
  ,0000       ,0000      3,0000E-02   ,0000       ,0000       ,0000       ,0000       ,0000       ,0000       ,0000       ,0000       ,0000    
  ,0000       ,0000       ,5300       11,05       10,26       2,050       ,1600      4,0000E-02   ,0000       ,0000       ,0000       ,0000    
  ,1800       10,43       13,09       20,11       10,87       ,2000       ,1700      5,0000E-02   ,0000       ,0000       ,0000       ,0000    
  ,0000       ,2300       13,94       21,31       1,340       4,150       ,1900      4,0000E-02   ,0000       ,0000       ,0000       ,0000    
  ,0000       ,0000       ,5500       ,2300       ,1700       ,2000      7,0000E-02   ,0000       ,0000       ,0000       ,0000       ,0000    
  ,0000       ,0000       ,1500       8,180       4,650       ,2100       ,1300      1,0000E-02   ,0000       ,0000       ,0000       ,0000    
'PC  18'
 7,0000E-02   ,1200       ,3500       ,3600       ,2400       ,7200       ,1600       ,0000       ,0000       ,0000       ,0000       ,0000    
  ,2000       ,4500       34,26       23,65       2,240       ,1700      1,0000E-02   ,0000       ,0000       ,0000       ,0000       ,0000    
  ,1200       4,400       20,37       42,72       22,52       7,300       ,8900       ,1400       ,0000       ,0000       ,0000       ,0000    
 5,0000E-02   ,0000       ,1000       19,96       28,67       ,3300       ,2000      1,0000E-02   ,0000       ,0000       ,0000       ,0000    
  ,0000       ,0000       ,0000       ,1300      7,0000E-02  1,0000E-02   ,0000       ,0000       ,0000       ,0000       ,0000       ,0000    
  ,0000       ,8400       7,150       8,550       2,220       ,2700       ,1100       ,0000       ,0000       ,0000       ,0000       ,0000    
  ,0000       ,0000       ,5700       9,740       27,69       ,2700       ,1000       ,0000       ,0000       ,0000       ,0000       ,0000    
  ,0000       ,0000       ,8600       25,47       4,740       2,510       ,1900      2,0000E-02   ,0000       ,0000       ,0000       ,0000    
  ,2300      1,0000E-02   ,4200       10,97       ,3100       ,1800      4,0000E-02   ,0000       ,0000       ,0000       ,0000       ,0000    
  ,1900      3,0000E-02   ,8400       17,91       5,540       9,490       ,2700       ,1100       ,0000       ,0000       ,0000       ,0000    
  ,0000       ,0000       ,0000       ,5100       ,2400       ,1300      2,0000E-02   ,0000       ,0000       ,0000       ,0000       ,0000    
 6,0000E-02   ,7600       26,17       35,54       3,830       2,820       ,2900       ,1000       ,0000       ,0000       ,0000       ,0000    
  ,8700       4,360       44,49       23,18       34,69       2,110       ,2100      2,0000E-02   ,0000       ,0000       ,0000       ,0000    
  ,0000       ,0000       ,9700       19,93       8,440       ,3100       ,2400      4,0000E-02   ,0000       ,0000       ,0000       ,0000    
  ,0000       ,4400       3,490       1,830       ,2800       ,1400      1,0000E-02   ,0000       ,0000       ,0000       ,2100       ,0000    
  ,4800       ,1200       ,3600       9,160       1,630       3,950       ,4700       ,1700       ,0000       ,0000       ,0000       ,0000    
  ,0000       ,5000       ,2800       ,2200       ,4600       ,2200      6,0000E-02   ,0000       ,0000       ,0000       ,0000       ,0000    
  ,0000       ,1900       ,3200       ,6900       ,4100       ,2100      4,0000E-02   ,0000       ,0000       ,0000       ,0000       ,0000    
  ,1000       ,4500       6,840       1,360       ,2700       ,1500      3,0000E-02   ,0000       ,0000       ,0000       ,0000       ,0000    
  ,0000       ,0000       23,81       11,19       ,1600      2,0000E-02   ,0000       ,0000       ,0000       ,0000       ,0000      7,0000E-02
  ,0000      1,0000E-02   ,3400       ,3800       ,2200       ,1400      1,0000E-02   ,0000       ,0000       ,0000       ,0000       ,0000    
  ,0000       ,0000       ,1700      5,0000E-02  1,0000E-02   ,0000       ,0000       ,0000       ,0000       ,0000       ,0000       ,0000    
  ,0000       ,0000       8,570       26,69       23,89       5,610       ,2500      7,0000E-02   ,0000       ,0000       ,0000       ,0000    
  ,5500       20,09       23,33       39,03       25,07       ,3000       ,2500      8,0000E-02   ,0000       ,0000       ,0000       ,0000    
 6,0000E-02   ,4100       16,61       46,04       1,750       10,16       ,6200      6,0000E-02   ,0000       ,0000       ,0000       ,0000    
  ,0000       ,0000       2,270       1,620       ,2900       ,4100       ,1600      1,0000E-02   ,0000       ,0000       ,0000       ,0000    
  ,0000      5,0000E-02  6,0000E-02   10,81       7,310       ,6200       ,2300      4,0000E-02   ,0000       ,0000       ,0000       ,0000    
'PC  19'
 5,0000E-02  9,0000E-02   ,2500       ,2600       ,1700       ,5200       ,1100       ,0000       ,0000       ,0000       ,0000       ,0000    
  ,1500       ,3300       24,65       17,02       1,610       ,1200      1,0000E-02   ,0000       ,0000       ,0000       ,0000       ,0000    
 9,0000E-02   3,170       14,66       30,73       16,20       5,250       ,6400       ,1000       ,0000       ,0000       ,0000       ,0000    
 4,0000E-02   ,0000      7,0000E-02   14,36       20,62       ,2300       ,1400      1,0000E-02   ,0000       ,0000       ,0000       ,0000    
  ,0000       ,0000       ,0000       ,1000      5,0000E-02   ,0000       ,0000       ,0000       ,0000       ,0000       ,0000       ,0000    
  ,0000       ,6000       5,140       6,150       1,600       ,1900      8,0000E-02   ,0000       ,0000       ,0000       ,0000       ,0000    
  ,0000       ,0000       ,4100       7,010       19,92       ,2000      7,0000E-02   ,0000       ,0000       ,0000       ,0000       ,0000    
  ,0000       ,0000       ,6200       18,32       3,410       1,800       ,1400      2,0000E-02   ,0000       ,0000       ,0000       ,0000    
  ,1700      1,0000E-02   ,3000       7,890       ,2300       ,1300      3,0000E-02   ,0000       ,0000       ,0000       ,0000       ,0000    
  ,1400      2,0000E-02   ,6000       12,89       3,980       6,820       ,2000      8,0000E-02   ,0000       ,0000       ,0000       ,0000    
  ,0000       ,0000       ,0000       ,3700       ,1700      9,0000E-02  1,0000E-02   ,0000       ,0000       ,0000       ,0000       ,0000    
 4,0000E-02   ,5500       18,83       25,57       2,760       2,030       ,2100      7,0000E-02   ,0000       ,0000       ,0000       ,0000    
  ,6200       3,140       32,01       16,67       24,96       1,520       ,1500      1,0000E-02   ,0000       ,0000       ,0000       ,0000    
  ,0000       ,0000       ,7000       14,34       6,070       ,2200       ,1700      3,0000E-02   ,0000       ,0000       ,0000       ,0000    
  ,0000       ,3200       2,510       1,320       ,2000       ,1000      1,0000E-02   ,0000       ,0000       ,0000       ,1500       ,0000    
  ,3500      9,0000E-02   ,2600       6,590       1,170       2,840       ,3400       ,1200       ,0000       ,0000       ,0000       ,0000    
  ,0000       ,3600       ,2000       ,1600       ,3300       ,1600      4,0000E-02   ,0000       ,0000       ,0000       ,0000       ,0000    
  ,0000       ,1400       ,2300       ,5000       ,3000       ,1500      3,0000E-02   ,0000       ,0000       ,0000       ,0000       ,0000    
 7,0000E-02   ,3300       4,920       ,9800       ,1900       ,1000      2,0000E-02   ,0000       ,0000       ,0000       ,0000       ,0000    
  ,0000       ,0000       17,13       8,050       ,1100      2,0000E-02   ,0000       ,0000       ,0000       ,0000       ,0000      5,0000E-02
  ,0000      1,0000E-02   ,2400       ,2800       ,1600       ,1000       ,0000       ,0000       ,0000       ,0000       ,0000       ,0000    
  ,0000       ,0000       ,1200      4,0000E-02   ,0000       ,0000       ,0000       ,0000       ,0000       ,0000       ,0000       ,0000    
  ,0000       ,0000       6,170       19,20       17,19       4,030       ,1800      5,0000E-02   ,0000       ,0000       ,0000       ,0000    
  ,3900       14,45       16,78       28,08       18,03       ,2200       ,1800      6,0000E-02   ,0000       ,0000       ,0000       ,0000    
 4,0000E-02   ,2900       11,95       33,12       1,260       7,310       ,4400      4,0000E-02   ,0000       ,0000       ,0000       ,0000    
  ,0000       ,0000       1,630       1,160       ,2100       ,3000       ,1100       ,0000       ,0000       ,0000       ,0000       ,0000    
  ,0000      3,0000E-02  4,0000E-02   7,780       5,260       ,4500       ,1700      3,0000E-02   ,0000       ,0000       ,0000       ,0000    
'PC  20'
 4,0000E-02  7,0000E-02   ,1900       ,2000       ,1300       ,4000      9,0000E-02   ,0000       ,0000       ,0000       ,0000       ,0000    
  ,1100       ,2500       18,82       12,99       1,230      9,0000E-02  1,0000E-02   ,0000       ,0000       ,0000       ,0000       ,0000    
 7,0000E-02   2,420       11,19       23,47       12,37       4,010       ,4900      7,0000E-02   ,0000       ,0000       ,0000       ,0000    
 3,0000E-02   ,0000      5,0000E-02   10,96       15,75       ,1800       ,1100      1,0000E-02   ,0000       ,0000       ,0000       ,0000    
  ,0000       ,0000       ,0000      7,0000E-02  4,0000E-02   ,0000       ,0000       ,0000       ,0000       ,0000       ,0000       ,0000    
  ,0000       ,4600       3,930       4,700       1,220       ,1500      6,0000E-02   ,0000       ,0000       ,0000       ,0000       ,0000    
  ,0000       ,0000       ,3100       5,350       15,21       ,1500      5,0000E-02   ,0000       ,0000       ,0000       ,0000       ,0000    
  ,0000       ,0000       ,4700       13,99       2,600       1,380       ,1000      1,0000E-02   ,0000       ,0000       ,0000       ,0000    
  ,1300      1,0000E-02   ,2300       6,020       ,1700       ,1000      2,0000E-02   ,0000       ,0000       ,0000       ,0000       ,0000    
  ,1000      2,0000E-02   ,4600       9,840       3,040       5,210       ,1500      6,0000E-02   ,0000       ,0000       ,0000       ,0000    
  ,0000       ,0000       ,0000       ,2800       ,1300      7,0000E-02  1,0000E-02   ,0000       ,0000       ,0000       ,0000       ,0000    
 3,0000E-02   ,4200       14,38       19,53       2,100       1,550       ,1600      6,0000E-02   ,0000       ,0000       ,0000       ,0000    
  ,4800       2,390       24,44       12,73       19,06       1,160       ,1100      1,0000E-02   ,0000       ,0000       ,0000       ,0000    
  ,0000       ,0000       ,5400       10,95       4,640       ,1700       ,1300      2,0000E-02   ,0000       ,0000       ,0000       ,0000    
  ,0000       ,2400       1,920       1,010       ,1500      8,0000E-02  1,0000E-02   ,0000       ,0000       ,0000       ,1200       ,0000    
  ,2700      7,0000E-02   ,2000       5,030       ,8900       2,170       ,2600      9,0000E-02   ,0000       ,0000       ,0000       ,0000    
  ,0000       ,2700       ,1500       ,1200       ,2500       ,1200      3,0000E-02   ,0000       ,0000       ,0000       ,0000       ,0000    
  ,0000       ,1100       ,1800       ,3800       ,2300       ,1200      2,0000E-02   ,0000       ,0000       ,0000       ,0000       ,0000    
 6,0000E-02   ,2500       3,760       ,7500       ,1500      8,0000E-02  1,0000E-02   ,0000       ,0000       ,0000       ,0000       ,0000    
  ,0000       ,0000       13,08       6,150      9,0000E-02  1,0000E-02   ,0000       ,0000       ,0000       ,0000       ,0000      4,0000E-02
  ,0000      1,0000E-02   ,1900       ,2100       ,1200      8,0000E-02   ,0000       ,0000       ,0000       ,0000       ,0000       ,0000    
  ,0000       ,0000      9,0000E-02  3,0000E-02   ,0000       ,0000       ,0000       ,0000       ,0000       ,0000       ,0000       ,0000    
  ,0000       ,0000       4,710       14,66       13,12       3,080       ,1400      4,0000E-02   ,0000       ,0000       ,0000       ,0000    
  ,3000       11,04       12,82       21,44       13,77       ,1700       ,1400      4,0000E-02   ,0000       ,0000       ,0000       ,0000    
 3,0000E-02   ,2200       9,120       25,30       ,9600       5,580       ,3400      3,0000E-02   ,0000       ,0000       ,0000       ,0000    
  ,0000       ,0000       1,250       ,8900       ,1600       ,2300      9,0000E-02   ,0000       ,0000       ,0000       ,0000       ,0000    
  ,0000      3,0000E-02  3,0000E-02   5,940       4,020       ,3400       ,1300      2,0000E-02   ,0000       ,0000       ,0000       ,0000    
