 1.0000E-02  3.0000E-02   .5800       2.630      3.0000E-02  2.0000E-02  1.0000E-02   .0000       .0000       .0000       .0000       .0000    
 2.0000E-02  2.0000E-02   2.770       2.540       .4300      2.0000E-02   .0000       .0000       .0000       .0000       .0000       .0000    
 5.0000E-02   2.200       1.490       5.110       1.530       .1700      3.0000E-02  1.0000E-02   .0000       .0000       .0000       .0000    
  .0000       .0000       .3500       2.910       2.250       .2600      3.0000E-02   .0000       .0000       .0000       .0000       .0000    
  .0000      8.0000E-02  2.0000E-02  4.0000E-02   .5800      3.0000E-02  2.0000E-02   .0000       .0000       .0000       .0000       .0000    
  .0000      6.0000E-02   1.530       2.100       1.320      2.0000E-02  1.0000E-02   .0000       .0000       .0000       .0000       .0000    
  .0000      1.0000E-02   1.210       2.940       2.350      3.0000E-02  1.0000E-02   .0000       .0000       .0000       .0000       .0000    
  .0000      4.0000E-02   .6900       2.850       .9300      3.0000E-02  2.0000E-02   .0000       .0000       .0000       .0000       .0000    
 3.0000E-02   .0000       .9700       2.640      3.0000E-02  2.0000E-02   .0000       .0000       .0000       .0000       .0000       .0000    
  .0000       .0000       .5400       3.080       1.270       .5900      3.0000E-02  1.0000E-02   .0000       .0000       .0000       .0000    
  .0000       .0000      5.0000E-02   .1600       .5000      3.0000E-02  2.0000E-02   .0000       .0000       .0000       .0000       .0000    
 1.0000E-02   .1000       3.830       5.200       .7000      3.0000E-02  3.0000E-02  2.0000E-02   .0000       .0000       .0000       .0000    
 5.0000E-02  6.0000E-02   3.900       3.630       3.710       .2600      2.0000E-02   .0000       .0000       .0000       .0000       .0000    
  .0000       .0000      9.0000E-02   2.170       2.270       .1500      2.0000E-02  1.0000E-02   .0000       .0000       .0000       .0000    
  .0000      7.0000E-02   1.510       1.150      3.0000E-02  2.0000E-02   .0000       .0000       .0000       .0000       .0000       .0000    
 3.0000E-02  6.0000E-02   1.690       2.690       .3600       .1600      4.0000E-02  2.0000E-02   .0000       .0000       .0000       .0000    
  .0000      6.0000E-02  6.0000E-02   .4000       .9000      3.0000E-02  1.0000E-02   .0000       .0000       .0000       .0000       .0000    
  .0000      2.0000E-02  5.0000E-02  3.0000E-02  4.0000E-02  3.0000E-02  1.0000E-02   .0000       .0000       .0000       .0000       .0000    
  .0000      5.0000E-02   .1600      3.0000E-02  3.0000E-02  1.0000E-02   .0000       .0000       .0000       .0000       .0000       .0000    
  .0000       .0000       1.920       1.030      2.0000E-02  1.0000E-02   .0000       .0000       .0000       .0000       .0000       .0000    
  .0000      2.0000E-02   1.150       .7600       .3200      3.0000E-02  1.0000E-02   .0000       .0000       .0000       .0000       .0000    
  .0000       .0000      3.0000E-02  3.0000E-02  2.0000E-02  1.0000E-02   .0000       .0000       .0000       .0000       .0000       .0000    
  .0000      1.0000E-02   2.150       3.110       1.540       .2800      2.0000E-02  1.0000E-02   .0000       .0000       .0000       .0000    
 9.0000E-02   3.230       3.290       3.250       1.930       .2500      3.0000E-02  1.0000E-02   .0000       .0000       .0000      1.0000E-02
 2.0000E-02   .1000       4.690       3.380       .9500       .6400      4.0000E-02  1.0000E-02   .0000       .0000       .0000       .0000    
  .0000      2.0000E-02   1.520       .4700      3.0000E-02  2.0000E-02  1.0000E-02   .0000       .0000       .0000       .0000       .0000    
 2.0000E-02  2.0000E-02   .1700       3.120       .3800      3.0000E-02  2.0000E-02   .0000       .0000       .0000       .0000       .0000    
