 7.0000E-02  1.0000E-02   5.410       4.380       .1400       .1000      2.0000E-02   .0000       .0000       .0000       .0000       .0000    
 4.0000E-02  1.0000E-02   .3900       8.590       .1400      7.0000E-02   .0000       .0000       .0000       .0000       .0000       .0000    
  .1100       .2900       5.840       19.16       3.320       .1500      9.0000E-02  1.0000E-02   .0000       .0000       .0000       .0000    
  .0000       .0000      8.0000E-02   4.940       1.610       .1400       .1000      1.0000E-02   .0000       .0000       .0000       .0000    
  .0000       .0000       .0000       .0000       .1300      5.0000E-02   .0000       .0000       .0000       .0000       .0000       .0000    
  .0000       .1400       .1600       .2900       4.540       .1200      3.0000E-02   .0000       .0000       .0000       .0000       .0000    
  .0000       .0000       .1000       .2600       4.880       .1100      3.0000E-02   .0000       .0000       .0000       .0000       .0000    
  .0000       .0000       .0000       .1000      5.0000E-02  1.0000E-02   .0000       .0000       .0000       .0000       .0000       .0000    
  .1600      1.0000E-02   .1400       .3000      9.0000E-02  2.0000E-02   .0000       .0000       .0000       .0000       .0000       .0000    
  .0000       .0000      2.0000E-02   .3400       .7400       .8400      8.0000E-02  1.0000E-02   .0000       .0000       .0000       .0000    
  .0000       .1200      3.0000E-02  1.0000E-02   .2100      2.0000E-02   .0000       .0000       .0000       .0000       .0000       .0000    
  .0000      4.0000E-02   .3100       5.320       2.770       .4400       .1100      3.0000E-02   .0000       .0000       .0000       .0000    
 5.0000E-02  6.0000E-02   1.820       21.26       16.89       .2800      6.0000E-02   .0000       .0000       .0000       .0000       .0000    
  .0000       .0000       .1000       .1100       .2400       .1100      6.0000E-02   .0000       .0000       .0000       .0000      9.0000E-02
  .0000      2.0000E-02  6.0000E-02  7.0000E-02  2.0000E-02   .0000       .0000       .0000       .0000       .0000       .0000       .0000    
 3.0000E-02   .1300       .2200       5.910       2.220       .1600       .1200      3.0000E-02   .0000       .0000       .0000       .0000    
  .0000       .1100       .1700       .2600       .3600       .1100      2.0000E-02   .0000       .0000       .0000       .0000       .0000    
  .0000       .0000       .1200      1.0000E-02  2.0000E-02   .0000       .0000       .0000       .0000       .0000       .0000       .0000    
  .0000       .2300       .3600       .1100      4.0000E-02   .0000       .0000       .0000       .0000       .0000       .0000       .0000    
  .0000       .0000       1.440       1.430      8.0000E-02  1.0000E-02   .0000       .0000       .0000       .0000       .0000       .0000    
  .0000       .0000      5.0000E-02   .2500       .1000      6.0000E-02   .0000       .0000       .0000       .0000       .0000       .0000    
  .0000       .0000       .0000       .0000       .0000       .0000       .0000       .0000       .0000       .0000       .0000       .0000    
  .0000       .0000       .1000       .2700       .1600       .1300      7.0000E-02  1.0000E-02   .0000       .0000       .0000       .0000    
 2.0000E-02   4.610       7.400       7.930       1.680       .1600       .1200      3.0000E-02   .0000       .0000       .0000       .0000    
  .0000       .1400       14.42       5.290       1.720       1.710       .1100      1.0000E-02   .0000       .0000       .0000       .0000    
  .0000       .0000       .3400       .1600      9.0000E-02  9.0000E-02  2.0000E-02   .0000       .0000       .0000       .0000       .0000    
  .0000       .0000       .4000       9.190       2.840       .1200      5.0000E-02   .0000       .0000       .0000       .0000       .0000    
