  .0000      3.0000E-02   .1400       .4500      1.0000E-02  1.0000E-02   .0000       .0000       .0000       .0000       .0000       .0000    
  .0000      1.0000E-02   .5900       .9400      2.0000E-02  1.0000E-02   .0000       .0000       .0000       .0000       .0000       .0000    
 1.0000E-02  2.0000E-02  5.0000E-02   1.530      5.0000E-02  2.0000E-02   .0000       .0000       .0000       .0000       .0000       .0000    
  .0000       .0000      3.0000E-02   .7800       .3300       .3900      2.0000E-02   .0000       .0000       .0000       .0000       .0000    
  .0000      1.0000E-02   .0000       .0000       .0000      1.0000E-02   .0000       .0000       .0000       .0000       .0000       .0000    
  .0000       .0000      1.0000E-02  1.0000E-02  2.0000E-02   .0000       .0000       .0000       .0000       .0000       .0000       .0000    
  .0000       .0000      6.0000E-02   1.250       1.360      2.0000E-02   .0000       .0000       .0000       .0000       .0000      1.0000E-02
  .0000       .0000      1.0000E-02  8.0000E-02   .1000      2.0000E-02  2.0000E-02   .0000       .0000       .0000       .0000       .0000    
  .0000       .0000      3.0000E-02  5.0000E-02  3.0000E-02  1.0000E-02   .0000       .0000       .0000       .0000       .0000       .0000    
  .0000       .0000      2.0000E-02  7.0000E-02   .1200      3.0000E-02  1.0000E-02   .0000       .0000       .0000       .0000       .0000    
  .0000      1.0000E-02  2.0000E-02  1.0000E-02   .0000       .0000       .0000       .0000       .0000       .0000       .0000       .0000    
  .0000      1.0000E-02  2.0000E-02   .2000       .5400      2.0000E-02  1.0000E-02   .0000       .0000       .0000       .0000       .0000    
 3.0000E-02   .2200       2.980       .7200       1.240      3.0000E-02  2.0000E-02   .0000       .0000       .0000       .0000       .0000    
  .0000       .0000      3.0000E-02  1.0000E-02  2.0000E-02  1.0000E-02  1.0000E-02   .0000       .0000       .0000       .0000       .0000    
  .0000      7.0000E-02   .1400       .3900      2.0000E-02  1.0000E-02   .0000       .0000       .0000       .0000       .0000       .0000    
 1.0000E-02  4.0000E-02  2.0000E-02   .4400       .4800      2.0000E-02  2.0000E-02   .0000       .0000       .0000       .0000       .0000    
  .0000      3.0000E-02  4.0000E-02  7.0000E-02  3.0000E-02  1.0000E-02   .0000       .0000       .0000       .0000       .0000       .0000    
 1.0000E-02   .0000       .0000       .0000      4.0000E-02  1.0000E-02   .0000       .0000       .0000       .0000       .0000       .0000    
  .0000      4.0000E-02   .5200      2.0000E-02  1.0000E-02   .0000       .0000       .0000       .0000       .0000       .0000       .0000    
  .0000       .0000      9.0000E-02  2.0000E-02  1.0000E-02   .0000       .0000       .0000       .0000       .0000       .0000       .0000    
  .0000       .0000      4.0000E-02  3.0000E-02  2.0000E-02   .0000       .0000       .0000       .0000       .0000       .0000       .0000    
  .0000       .0000       .0000       .0000       .0000       .0000       .0000       .0000       .0000       .0000       .0000       .0000    
  .0000      1.0000E-02  4.0000E-02   .5600       .5100       .4400      1.0000E-02   .0000       .0000       .0000       .0000       .0000    
  .0000      3.0000E-02   .5500       1.310       .4800       .2800      2.0000E-02   .0000       .0000       .0000       .0000       .0000    
  .0000      1.0000E-02   .2900       1.300       .3100       .4800      1.0000E-02   .0000       .0000       .0000       .0000       .0000    
  .0000       .0000      4.0000E-02  1.0000E-02  1.0000E-02  3.0000E-02   .0000       .0000       .0000       .0000       .0000       .0000    
 1.0000E-02  2.0000E-02  1.0000E-02   1.080       .9700      2.0000E-02  1.0000E-02   .0000       .0000       .0000       .0000       .0000    
