 1.0000E-02  1.0000E-02  6.0000E-02  6.0000E-02  4.0000E-02   .2200      2.0000E-02   .0000       .0000       .0000       .0000       .0000    
 3.0000E-02  6.0000E-02   4.300       3.350       .3400      3.0000E-02   .0000       .0000       .0000       .0000       .0000       .0000    
 2.0000E-02   .3000       2.970       6.220       3.010       .8700      5.0000E-02  2.0000E-02   .0000       .0000       .0000       .0000    
  .0000       .0000      1.0000E-02   2.670       3.740      5.0000E-02  3.0000E-02   .0000       .0000       .0000       .0000       .0000    
  .0000       .0000       .0000      1.0000E-02  1.0000E-02   .0000       .0000       .0000       .0000       .0000       .0000       .0000    
  .0000       .1100       .6600       1.250       .4800      4.0000E-02  2.0000E-02   .0000       .0000       .0000       .0000       .0000    
  .0000       .0000      7.0000E-02   1.020       3.850      4.0000E-02  1.0000E-02   .0000       .0000       .0000       .0000       .0000    
  .0000       .0000       .1000       2.800       .6300       .1900      3.0000E-02   .0000       .0000       .0000       .0000       .0000    
 4.0000E-02   .0000      6.0000E-02   1.220      5.0000E-02  3.0000E-02   .0000       .0000       .0000       .0000       .0000       .0000    
 2.0000E-02   .0000       .1000       2.090       .7400       1.300      4.0000E-02  1.0000E-02   .0000       .0000       .0000       .0000    
  .0000       .0000       .0000      6.0000E-02  4.0000E-02  2.0000E-02   .0000       .0000       .0000       .0000       .0000       .0000    
  .0000       .1000       3.190       4.810       .5700       .3100      4.0000E-02  2.0000E-02   .0000       .0000       .0000       .0000    
  .1100       .2300       6.040       3.820       5.110       .2400      3.0000E-02   .0000       .0000       .0000       .0000       .0000    
  .0000       .0000       .1200       2.200       1.190      5.0000E-02  3.0000E-02  1.0000E-02   .0000       .0000       .0000       .0000    
  .0000      6.0000E-02   .1000       .2200      4.0000E-02  2.0000E-02   .0000       .0000       .0000       .0000      2.0000E-02   .0000    
 6.0000E-02  2.0000E-02  5.0000E-02   1.270       .3300       .4900      6.0000E-02  2.0000E-02   .0000       .0000       .0000       .0000    
  .0000      6.0000E-02  4.0000E-02  4.0000E-02  7.0000E-02  3.0000E-02  1.0000E-02   .0000       .0000       .0000       .0000       .0000    
  .0000      2.0000E-02  4.0000E-02  8.0000E-02  5.0000E-02  2.0000E-02   .0000       .0000       .0000       .0000       .0000       .0000    
 1.0000E-02  7.0000E-02   .8000      7.0000E-02  4.0000E-02  2.0000E-02   .0000       .0000       .0000       .0000       .0000       .0000    
  .0000       .0000       3.090       1.500      2.0000E-02   .0000       .0000       .0000       .0000       .0000       .0000      1.0000E-02
  .0000       .0000      4.0000E-02  6.0000E-02  3.0000E-02  2.0000E-02   .0000       .0000       .0000       .0000       .0000       .0000    
  .0000       .0000      2.0000E-02   .0000       .0000       .0000       .0000       .0000       .0000       .0000       .0000       .0000    
  .0000       .0000       .7600       3.590       3.110       .6800      4.0000E-02  1.0000E-02   .0000       .0000       .0000       .0000    
 7.0000E-02   2.740       3.250       5.310       3.270      4.0000E-02  4.0000E-02  1.0000E-02   .0000       .0000       .0000       .0000    
  .0000      6.0000E-02   2.630       6.100       .2700       1.300      7.0000E-02  1.0000E-02   .0000       .0000       .0000       .0000    
  .0000       .0000       .1400       .2500      4.0000E-02  5.0000E-02  2.0000E-02   .0000       .0000       .0000       .0000       .0000    
  .0000      1.0000E-02  2.0000E-02   1.640       1.040      6.0000E-02  3.0000E-02  1.0000E-02   .0000       .0000       .0000       .0000    
