  .6100       .0000       5.720       31.85       20.93       2.120       .3400       .0000       .0000       .0000       .0000       .0000    
  .4000       .7400       8.750       67.84       2.870       1.240      2.0000E-02   .0000       .0000       .0000       .0000       .0000    
  1.980       5.060       43.17       291.5       48.00       2.940       1.690       .1300       .0000       .0000       .0000       .0000    
  .0000       .0000       3.570       51.10       22.65       2.910       1.420      2.0000E-02   .0000       .0000       .0000       .0000    
  .0000       .0000       .0000       .0000      1.0000E-02   .0000       .0000       .0000       .0000       .0000       .0000       .0000    
  .0000       1.220       6.240       122.1       58.15       2.070       .3300       .0000       .0000       .0000       .0000       .0000    
  .0000       .0000       5.870       138.0       129.7       2.670       .6900       .0000       .0000       .0000       .0000       .0000    
  .0000       .0000       .0000       4.270       1.510       .4600       .0000       .0000       .0000       .0000       .0000       .0000    
  .2200       .0000       2.960       .9600       .7600      1.0000E-02   .0000       .0000       .0000       .0000       .0000       .0000    
  .0000       .0000       1.980       4.350       2.980       2.080       .9700      1.0000E-02   .0000       .0000       .0000       .0000    
  .0000      1.0000E-02  1.0000E-02  1.0000E-02   .0000       .0000       .0000       .0000       .0000       .0000       .0000       .0000    
  .0000       .9600       3.150       4.140       3.400       3.080       2.060       .3000       .0000       .0000       .0000       .0000    
  2.680       2.530       67.20       320.4       235.2       8.480       1.470      3.0000E-02   .0000       .0000       .0000       .0000    
  .0000       .0000       .8800       1.250       2.100       1.220       .1700       .0000       .0000       .0000       .0000       .0000    
  .0000       .5500       1.380       .5700       .1700       .0000       .0000       .0000       .0000       .0000       .0000       .0000    
  .0000       1.120       .1600       2.800       4.420       1.720       .7500       .0000       .0000       .0000       .0000       .0000    
  .0000       2.060       3.560       4.670       2.410       1.470       .1400       .0000       .0000       .0000       .0000       .0000    
  .0000       .0000       .0000       .0000       .2900      1.0000E-02   .0000       .0000       .0000       .0000       .0000       .0000    
  .0000       3.100       4.860       1.370       .1600       .0000       .0000       .0000       .0000       .0000       .0000       .0000    
  .0000       .0000       19.13       31.63       2.020       .4900       .0000       .0000       .0000       .0000       .0000       .0000    
  .0000       .0000       2.030       3.150       1.730       .9100       .0000       .0000       .0000       .0000       .0000       .0000    
  .0000       .5900       .0000       .0000       .0000       .0000       .0000       .0000       .0000       .0000       .0000       .0000    
  .0000       .5500       1.720       4.740       15.12       3.080       1.610       .1100       .0000       .0000       .0000       .0000    
  .8500       7.720       269.7       244.7       36.01       3.040       2.430       .4900       .0000       .0000       .0000       .0000    
  .0000       3.960       80.07       172.1       23.71       3.140       1.690      7.0000E-02   .0000       .0000       .0000       .0000    
  .0000       .0000       5.430       2.460       1.750       2.370       .3900       .0000       .0000       .0000       .0000       .0000    
  .0000       .0000       3.350       77.58       109.3       2.790       1.770       .1300       .0000       .0000       .0000       1.710    
