  .1000       .4000       11.43       30.82       .2800       .1600      1.0000E-02   .0000       .0000       .0000       .0000       .0000    
  .1700       .1500       23.92       24.83       4.060       .1800      3.0000E-02   .0000       .0000       .0000       .1100      3.0000E-02
  .6400       26.80       12.62       49.76       12.27       .3000       .2600      8.0000E-02   .0000       .0000       .0000       .0000    
  .0000      2.0000E-02   11.21       24.21       19.37       3.490       .2600      5.0000E-02   .0000       .0000       .0000       .0000    
  .0000       1.040       .3100       4.250       10.80       .2800       .1600      1.0000E-02   .0000       .0000       .0000       .0000    
  .0000       .5400       16.45       23.12       15.44       .2100      5.0000E-02   .0000       .0000       .0000       .0000       .0000    
  .0000       .1300       17.95       30.27       20.74       .2500       .1100       .0000       .0000       .0000       .0000       .0000    
 6.0000E-02   .4800       9.790       26.22       10.10       .2800       .1900      4.0000E-02   .0000       .0000       .0000       .0000    
  .2700      3.0000E-02   15.14       25.55       .2700       .1600      3.0000E-02   .0000       .0000       .0000       .0000       .0000    
  .0000       .0000       7.750       31.08       13.84       4.760       .2300       .1000       .0000       .0000       .0000       .0000    
  .0000      7.0000E-02   .6700       6.080       5.560       .2500       .1900      3.0000E-02   .0000       .0000       .0000       .1200    
  .1500       2.630       38.84       52.92       7.650       .3000       .2800       .2000      1.0000E-02   .0000       .0000       .0000    
  .3700       .6200       34.18       37.03       35.07       2.700       .2200      2.0000E-02   .0000       .0000       .0000       .0000    
  .0000      6.0000E-02   2.200       21.04       24.82       1.900       .2000      5.0000E-02   .0000       .0000       .0000       .0000    
  .0000       .7600       18.02       13.71       .2600       .1600      4.0000E-02   .0000       .0000       .0000       .0000       .0000    
  .2400       .7700       23.14       27.10       4.240       .6200       .3300       .1700       .0000       .0000       .0000       .0000    
  .0000       .5400       .6900       8.320       8.530       .2700       .1400      2.0000E-02   .0000       .0000       .0000       .0000    
  .0000       .2300       .5800       .2600       .4400       .2800       .1100       .0000       .0000       .0000       .0000       .0000    
  .1000       .5800       4.420       .2600       .1700      7.0000E-02  1.0000E-02   .0000       .0000       .0000       .0000       .0000    
  .0000       .0000       16.73       9.280       .2200       .1000       .0000       .0000       .0000       .0000       .0000       .0000    
 3.0000E-02   .2500       17.90       7.670       3.660       .3100       .1300       .0000       .0000       .0000       .0000       .0000    
  .0000       .0000       .3900       .4000       .2000       .1000       .0000       .0000       .0000       .0000       .0000       .0000    
  .0000       .1900       24.79       30.13       11.91       1.730       .2100      6.0000E-02   .0000       .0000       .0000       .0000    
  2.610       32.33       33.26       28.30       16.64       3.990       .2600      7.0000E-02   .0000       .0000       .0000       .1900    
  .2500       4.720       49.83       27.50       11.28       5.210       .2700      7.0000E-02   .0000       .0000      8.0000E-02   .1000    
  .0000       .3000       19.04       5.310       .2300       .1400      3.0000E-02   .0000       .0000       .0000       .0000       .0000    
  .2700       .3300       8.840       28.97       2.730       .2600       .1200       .0000       .0000       .0000       .0000      2.0000E-02
