 4.0000E-02  7.0000E-02   .1900       .2000       .1300       .4000      9.0000E-02   .0000       .0000       .0000       .0000       .0000    
  .1100       .2500       18.82       12.99       1.230      9.0000E-02  1.0000E-02   .0000       .0000       .0000       .0000       .0000    
 7.0000E-02   2.420       11.19       23.47       12.37       4.010       .4900      7.0000E-02   .0000       .0000       .0000       .0000    
 3.0000E-02   .0000      5.0000E-02   10.96       15.75       .1800       .1100      1.0000E-02   .0000       .0000       .0000       .0000    
  .0000       .0000       .0000      7.0000E-02  4.0000E-02   .0000       .0000       .0000       .0000       .0000       .0000       .0000    
  .0000       .4600       3.930       4.700       1.220       .1500      6.0000E-02   .0000       .0000       .0000       .0000       .0000    
  .0000       .0000       .3100       5.350       15.21       .1500      5.0000E-02   .0000       .0000       .0000       .0000       .0000    
  .0000       .0000       .4700       13.99       2.600       1.380       .1000      1.0000E-02   .0000       .0000       .0000       .0000    
  .1300      1.0000E-02   .2300       6.020       .1700       .1000      2.0000E-02   .0000       .0000       .0000       .0000       .0000    
  .1000      2.0000E-02   .4600       9.840       3.040       5.210       .1500      6.0000E-02   .0000       .0000       .0000       .0000    
  .0000       .0000       .0000       .2800       .1300      7.0000E-02  1.0000E-02   .0000       .0000       .0000       .0000       .0000    
 3.0000E-02   .4200       14.38       19.53       2.100       1.550       .1600      6.0000E-02   .0000       .0000       .0000       .0000    
  .4800       2.390       24.44       12.73       19.06       1.160       .1100      1.0000E-02   .0000       .0000       .0000       .0000    
  .0000       .0000       .5400       10.95       4.640       .1700       .1300      2.0000E-02   .0000       .0000       .0000       .0000    
  .0000       .2400       1.920       1.010       .1500      8.0000E-02  1.0000E-02   .0000       .0000       .0000       .1200       .0000    
  .2700      7.0000E-02   .2000       5.030       .8900       2.170       .2600      9.0000E-02   .0000       .0000       .0000       .0000    
  .0000       .2700       .1500       .1200       .2500       .1200      3.0000E-02   .0000       .0000       .0000       .0000       .0000    
  .0000       .1100       .1800       .3800       .2300       .1200      2.0000E-02   .0000       .0000       .0000       .0000       .0000    
 6.0000E-02   .2500       3.760       .7500       .1500      8.0000E-02  1.0000E-02   .0000       .0000       .0000       .0000       .0000    
  .0000       .0000       13.08       6.150      9.0000E-02  1.0000E-02   .0000       .0000       .0000       .0000       .0000      4.0000E-02
  .0000      1.0000E-02   .1900       .2100       .1200      8.0000E-02   .0000       .0000       .0000       .0000       .0000       .0000    
  .0000       .0000      9.0000E-02  3.0000E-02   .0000       .0000       .0000       .0000       .0000       .0000       .0000       .0000    
  .0000       .0000       4.710       14.66       13.12       3.080       .1400      4.0000E-02   .0000       .0000       .0000       .0000    
  .3000       11.04       12.82       21.44       13.77       .1700       .1400      4.0000E-02   .0000       .0000       .0000       .0000    
 3.0000E-02   .2200       9.120       25.30       .9600       5.580       .3400      3.0000E-02   .0000       .0000       .0000       .0000    
  .0000       .0000       1.250       .8900       .1600       .2300      9.0000E-02   .0000       .0000       .0000       .0000       .0000    
  .0000      3.0000E-02  3.0000E-02   5.940       4.020       .3400       .1300      2.0000E-02   .0000       .0000       .0000       .0000    
