 5.0000E-02  9.0000E-02   .2500       .2600       .1700       .5200       .1100       .0000       .0000       .0000       .0000       .0000    
  .1500       .3300       24.65       17.02       1.610       .1200      1.0000E-02   .0000       .0000       .0000       .0000       .0000    
 9.0000E-02   3.170       14.66       30.73       16.20       5.250       .6400       .1000       .0000       .0000       .0000       .0000    
 4.0000E-02   .0000      7.0000E-02   14.36       20.62       .2300       .1400      1.0000E-02   .0000       .0000       .0000       .0000    
  .0000       .0000       .0000       .1000      5.0000E-02   .0000       .0000       .0000       .0000       .0000       .0000       .0000    
  .0000       .6000       5.140       6.150       1.600       .1900      8.0000E-02   .0000       .0000       .0000       .0000       .0000    
  .0000       .0000       .4100       7.010       19.92       .2000      7.0000E-02   .0000       .0000       .0000       .0000       .0000    
  .0000       .0000       .6200       18.32       3.410       1.800       .1400      2.0000E-02   .0000       .0000       .0000       .0000    
  .1700      1.0000E-02   .3000       7.890       .2300       .1300      3.0000E-02   .0000       .0000       .0000       .0000       .0000    
  .1400      2.0000E-02   .6000       12.89       3.980       6.820       .2000      8.0000E-02   .0000       .0000       .0000       .0000    
  .0000       .0000       .0000       .3700       .1700      9.0000E-02  1.0000E-02   .0000       .0000       .0000       .0000       .0000    
 4.0000E-02   .5500       18.83       25.57       2.760       2.030       .2100      7.0000E-02   .0000       .0000       .0000       .0000    
  .6200       3.140       32.01       16.67       24.96       1.520       .1500      1.0000E-02   .0000       .0000       .0000       .0000    
  .0000       .0000       .7000       14.34       6.070       .2200       .1700      3.0000E-02   .0000       .0000       .0000       .0000    
  .0000       .3200       2.510       1.320       .2000       .1000      1.0000E-02   .0000       .0000       .0000       .1500       .0000    
  .3500      9.0000E-02   .2600       6.590       1.170       2.840       .3400       .1200       .0000       .0000       .0000       .0000    
  .0000       .3600       .2000       .1600       .3300       .1600      4.0000E-02   .0000       .0000       .0000       .0000       .0000    
  .0000       .1400       .2300       .5000       .3000       .1500      3.0000E-02   .0000       .0000       .0000       .0000       .0000    
 7.0000E-02   .3300       4.920       .9800       .1900       .1000      2.0000E-02   .0000       .0000       .0000       .0000       .0000    
  .0000       .0000       17.13       8.050       .1100      2.0000E-02   .0000       .0000       .0000       .0000       .0000      5.0000E-02
  .0000      1.0000E-02   .2400       .2800       .1600       .1000       .0000       .0000       .0000       .0000       .0000       .0000    
  .0000       .0000       .1200      4.0000E-02   .0000       .0000       .0000       .0000       .0000       .0000       .0000       .0000    
  .0000       .0000       6.170       19.20       17.19       4.030       .1800      5.0000E-02   .0000       .0000       .0000       .0000    
  .3900       14.45       16.78       28.08       18.03       .2200       .1800      6.0000E-02   .0000       .0000       .0000       .0000    
 4.0000E-02   .2900       11.95       33.12       1.260       7.310       .4400      4.0000E-02   .0000       .0000       .0000       .0000    
  .0000       .0000       1.630       1.160       .2100       .3000       .1100       .0000       .0000       .0000       .0000       .0000    
  .0000      3.0000E-02  4.0000E-02   7.780       5.260       .4500       .1700      3.0000E-02   .0000       .0000       .0000       .0000    
