 ACUDE DE FRANCA: FALHAS=10%                                                    
            3
    4.845605E-03       13.795190           1      -97.217010           2
    -6830.852000           3
    0.000000E+00       27.410690        1.300000      212.856800
    9.997165E-01    1.101468E-03
          10
        5.340000        5.063672        5.069648
        4.936000        4.868575        4.881274
        4.532000        4.657646        4.604571
        4.128000        4.218912        4.247220
        3.724000        3.820745        3.816900
        3.320000        3.292106        3.321296
        2.916000        2.767746        2.768086
        2.512000        2.183482        2.164953
        2.108000        1.534761        1.519577
        1.704000    8.255211E-01    8.396391E-01
 ACUDE DE FRANCA: FALHAS=10%                                                    
            4
    8.181424E-04       16.515690           1     -621.697000           2
    30928.990000           3  -904297.000000           4
    0.000000E+00       27.410690        1.300000      212.856800
    9.998038E-01    1.003856E-03
          10
        5.340000        5.063672        5.055754
        4.936000        4.868575        4.898258
        4.532000        4.657646        4.617693
        4.128000        4.218912        4.244902
        3.724000        3.820745        3.803003
        3.320000        3.292106        3.307399
        2.916000        2.767746        2.765770
        2.512000        2.183482        2.178077
        2.108000        1.534761        1.536562
        1.704000    8.255211E-01    8.257444E-01
