

 Programa CASCATA - Capacidade de Reservatorios
 Desenvolvido no IPH/UFRGS - A. Eduardo Lanna

 RIO JACUIPE : ACUDE DE FRANCA E SAO JOSE DO JACUIPE                             


     NUMERO DE ANOS DE ANALISE ......  49
     ANO INICIAL .................... 1930




 ACUDE DE FRANCA: FALHAS=10%                                                     

                         SAZONALIDADE DA DEMANDA TOTAL ANUAL (%)

         8.34     8.34     8.34     8.34     8.34     8.34     8.34     8.34     8.34     8.34     8.34     8.34


                         SAZONALIDADE DA DESCARGA DE RETORNO (%)
          .00      .00      .00      .00      .00      .00      .00      .00      .00      .00      .00      .00


                         DESCARGA MINIMA MANTIDA PARA JUSANTE (Hm3/mes)
          .00      .00      .00      .00      .00      .00      .00      .00      .00      .00      .00      .00


                         VAZOES AFLUENTES BACIA INCREMENTAL (Hm3/mes)
                         COEFICIENTE DE CORRECAO ADOTADO :  1.000

           .24     1.21    28.77     4.07     1.29      .91      .56      .16      .05      .03      .18     1.37
           .16      .02      .05      .18      .00      .00      .00      .00      .00      .00     3.76      .05
           .13      .03      .08      .10      .03      .00      .40      .03      .03      .00      .00      .00
           .00      .00     1.23     3.89     1.45      .75      .59      .29      .10      .03     1.68      .54
           .75      .02      .00      .13      .00      .00      .00      .00      .00      .03      .05      .00
         11.52     2.66      .96     1.32      .59      .41      .75      .48      .08      .00      .05      .03
           .91     7.92      .80      .57      .59      .16      .27      .08      .00      .00      .41      .00
           .11     6.58     1.90     2.75     2.22      .26      .05      .03      .00      .00      .00      .00
           .00      .00      .83      .05     1.69      .13      .13      .05      .00      .00      .00      .00
           .43      .07      .00      .00      .00      .00      .00      .00     1.17      .08      .05     1.34
           .94     5.04    42.00     2.41      .86      .31      .21      .05      .03      .00     1.24      .40
          1.04     1.19    27.13      .21     1.23      .60      .99      .83      .34      .00     1.14     5.62
          1.82     1.11      .05     1.48      .08      .00      .00      .05      .03      .03     5.96     6.11
          1.82     2.90      .51      .05     1.90      .67     2.41      .99      .23      .03      .00     1.77
          3.08      .70      .11     3.16     1.39     1.19      .11      .75      .05      .00    16.33    23.14
         12.62     1.09      .59    10.11     5.70     6.12     1.77      .99     2.64     4.82     2.15     1.74
          2.33      .73      .29      .18      .16      .05      .03      .00      .00      .00      .00      .00
           .00      .02     5.79     3.50     1.29      .44      .13      .11      .03      .32    12.47    28.87
           .46      .63     2.79      .29      .40      .57     3.03     1.15      .78      .32      .13    29.65
          1.87      .90      .43      .31      .19      .41     1.37      .70      .57      .00    23.20     6.19
           .99     1.14     1.66      .16      .32      .10      .00      .03      .00      .00      .39      .05
           .00      .00      .21     1.53      .75      .67      .16      .03      .00      .00      .00     2.73
           .08      .00      .54      .00      .00      .00      .00      .00      .00      .00      .00    18.27
          1.18     1.23      .43      .10      .00      .00      .00      .00      .00      .00     4.41    19.47
          1.29     1.02      .19      .49      .37      .05      .00      .00      .00      .00     4.82    21.29
          3.37      .97      .13      .10      .00      .00      .00      .00      .00      .00     2.59     1.34
           .35      .08      .29      .08      .00      .05      .00      .19      .00      .00     3.11     4.82
          1.85      .48    37.23     7.96      .99      .96     1.45      .83      .70      .27      .26      .51
           .56     3.02     3.35      .86      .24      .26      .00      .32      .13      .24      .93      .19
           .91     1.67      .56      .13      .00      .00      .00      .00      .00      .00     1.37      .27
          7.90    14.28    56.97     9.36     4.74     2.38     4.07      .96      .57      .24      .16      .05
           .24      .31      .03      .00      .00      .00      .00      .00      .00      .00      .00      .00
          1.69      .02     1.02      .36      .11      .05      .05      .00      .00      .00    16.20      .83
           .75     1.77      .21      .00      .11      .00      .00      .13      .00      .00     2.10    12.43
         44.43    18.44     4.53     7.34    11.30     2.54     2.62     3.37     1.04     1.77     2.28     6.70
           .64      .36      .11      .05      .24      .13      .24      .13      .05      .08     4.51      .46
           .24    17.32     2.92    23.79     1.90     1.32     1.82     1.15      .52      .16     1.27     3.70
           .72      .22      .99      .93      .64     1.81     2.44      .43      .16      .08      .52    17.11
          3.83     4.18    11.97     1.56     1.07     4.04     2.54     1.04      .26      .27    12.03     4.82
          1.34     7.21    33.45     8.24     3.32     3.01     1.69     1.34      .31      .05      .00     9.54
         13.66     3.82     2.22      .21      .13      .16      .16      .80      .10      .05    11.82     1.71
           .08      .00      .00      .00      .00      .00      .40      .00      .00      .00     1.24      .64
          2.52     2.13     3.32      .34      .00      .00      .00      .11      .13      .11      .08     4.71
          2.57      .46     2.28     1.53      .29     1.04     1.39      .56      .36     2.68     2.31     1.31
           .37      .77     2.52     5.57     8.09     2.51     1.53      .51      .13      .46     1.87     4.87
         10.79    10.23      .86     1.76      .67      .21      .88     2.30     1.58      .75     1.22     1.31
           .35     5.74      .51      .00      .00      .00      .00      .00      .00     3.08     1.89     1.37
          3.72     3.12      .62     1.14      .21      .41      .00      .05     1.40      .83      .05    13.66
          7.77    12.82    19.61     6.01    17.62    16.20     1.50     1.31      .44      .54      .08     3.80


                         CHUVAS SOBRE A SUPERFICIE DO RESERVATORIO (mm/mes)
         38.90    50.50   105.20    67.60    67.00    70.90    42.20     7.00    17.90    25.00   112.60   113.70
          5.00    74.30    56.80    16.60    66.80     8.90    70.00    39.70    22.40   106.10   159.30    14.50
         96.50    55.80    50.00    51.60    20.70    17.10    80.20    23.00    49.00     4.00    26.00     1.30
        103.60    17.90   107.20   224.00    60.00   115.40    42.70    38.40    47.10    17.40    46.70    98.50
         19.50     2.00    71.90    32.30    42.90    17.00    53.10    21.50    25.40    61.70    27.70    88.30
        140.40   125.70   132.30    99.40    37.50    86.90    82.30    53.50    17.40     5.60    47.40    89.80
         39.70    93.00    19.70   111.40    94.50    87.20    14.90    44.80     9.50    58.30    29.50    92.40
        108.00   132.20   153.50   133.30    59.40    45.80    45.00    24.00    12.20     4.50      .00   155.80
         25.00    88.50   170.70    26.80    46.20    35.40    54.30    23.20    10.40    14.90    14.30    58.70
         70.30    46.90      .00    49.60    19.50    36.20    38.50    65.60   149.10    43.90    27.20   119.80
         10.60   210.80   187.10    16.20    37.30    38.40    39.60    18.80    19.70    32.90    82.80    50.20
         47.40   209.50   180.90    72.60    21.00    37.10    27.00    44.50    13.90    11.00   123.60   119.10
         29.10    35.70    17.40    46.10    41.10    34.10    72.50    38.50     7.80    26.30   181.80    84.80
          8.00    74.10    81.10    44.10    44.00     8.20    52.10     3.20    35.30      .00   153.30    37.60
        103.60     7.10    39.80    65.30    25.10    29.80    53.60    32.70    31.50     6.60   201.00   167.30
        130.60     4.10    44.40   201.80    58.00    47.20    55.10    25.10    53.90    16.10    56.10    99.30
         16.70    15.00    30.50    17.90    41.00    17.40    47.40    40.80    35.60      .00    43.30    61.70
         70.00    17.30   118.50    56.20    86.40    58.00    53.10    30.40      .00    48.70   356.40    26.50
         91.30    26.30   167.70   101.80    46.70   125.00    79.70    32.50     5.80    22.90    82.60   357.10
         13.90    21.60    10.80    77.90    51.00   113.60    74.20    34.30    13.30     7.40   198.10    54.80
         73.20    65.20    51.40    71.90    56.10    48.90    97.80    29.60     9.40    10.80    61.00    41.20
         21.50      .00    25.60    30.00    54.90   129.70    67.30    57.10    17.90    29.70      .00   164.60
         21.30      .00   121.10     2.40    36.70    20.50    37.40    39.20     5.30    30.00    76.70   212.60
           .00    85.80    96.60    26.00    28.00    19.80    13.50    43.80    16.20     4.80   258.10    61.00
           .00    57.30    30.20    23.30    10.40    17.40    23.00    41.00      .00      .00    57.60   119.10
         60.60    11.20      .00    40.50     1.20    40.20   110.10    26.10     5.40    16.10   109.80    52.80
           .70    19.00    52.20     9.20    16.50      .00    15.60    28.00     7.00     2.10    60.90    10.40
         66.40    50.90   188.20    69.10    86.20    34.10    66.30    77.90     9.20      .00    84.00    48.00
        118.10    67.30   105.70     8.70    24.70   124.60    41.20     6.00    59.40    88.50    56.20    89.40
         21.20     6.10    35.40    44.50    37.40    60.10    72.80    52.00      .00      .00    35.40    10.10
        141.70   125.30   293.40    63.00    81.90    81.40    79.40    56.00      .00      .00    19.70    21.50
         87.00     8.00      .00    10.40     4.20   114.10    74.60      .00      .00      .00      .00    28.00
        103.70    42.20   110.00    51.50    64.80   114.60    26.90    27.30      .00     9.00    74.30    73.90
         23.10   173.10    42.10   112.60    44.90    35.90    18.30    69.60    11.30      .00   111.90   356.80
        385.90   258.80    85.20   255.80   129.30   104.90    92.80    69.20    62.60    38.60   158.40    80.60
         54.50    41.30    28.20    95.40    16.50    66.10    45.40    15.60    19.20    10.90   108.10    28.60
         62.80    66.10    46.40   133.30    61.60    82.70   164.70    83.90    36.10    57.40   158.30   100.20
         16.00    62.80   125.50    69.80    31.40   178.30    55.70    29.90    22.60    22.80    98.70   165.10
         29.00    38.20   136.50    23.70    14.00    40.50    17.40     5.20     1.00      .00    67.00    55.60
         40.30    35.00   182.50    17.70    26.80    28.50    27.90    30.90     6.20      .00    32.70   165.70
        153.50    27.70    88.80    46.80    26.30    33.80    51.70    37.60     2.10    62.50    96.50    47.90
           .00    14.10    11.70    82.70    45.00    79.90    69.30    61.10    25.30    94.40   146.30    46.00
         21.40    26.00    60.70     6.50    87.30    60.10    34.30    15.80    27.70    13.40    49.10   107.10
         30.60    41.30   135.30    14.50    29.60    77.80   105.80    51.70   113.60    78.70    62.00    15.00
        122.50    83.90   180.70    64.30   101.60    45.40    43.50    33.30    60.70    56.10   290.60   143.10
         99.10    44.70   134.40    39.20    32.90    83.70   131.10   138.30   106.80    61.90    48.10    99.40
           .00    89.10    16.10    12.70    27.20    27.50    49.00    27.80    63.30    54.20   186.60    26.20
         66.80    22.00    47.70    62.90    63.60    83.70    98.40    14.80    54.10    24.80    15.30   187.40
         72.60   101.90   199.90    89.50   128.70    93.00    33.80    42.50   102.90    15.30   187.40    51.40


                         TAXA SAZONAL DE EVAPORACAO (mm/mes)
                         COEFICIENTE DE CORRECAO ADOTADO :   .700

       231.00   213.00   201.00   160.00   141.00   124.00   138.00   173.00   200.00   215.00   256.00   254.00


                         POLINOMIO AREA VS. VOLUME


     AREA(KM2) =     .0000000000 +     .3392800000 * VOL +
     +    .0110870000 *VOL**2 +    .0001385800*VOL**3 + 
      +     .0000000000 * VOL**4          (VOL EM HM3)

                         ARMAZENAMENTO INICIAL =    100.000 % CAPACIDADE
                         TOLERANCIA PARA ARMAZENAMENTO MINIMO =  1.000

