 ACUDE DE FRANCA: FALHAS=10%                                                    
           10
        5.340000        5.063672    1.604581E-01       18.473350
        1.426609    4.520650E-02       21.444100    6.795224E-01         502
       10.204080        1.300000
        4.936000        4.868575    1.542758E-01       17.761590
        1.320643    4.184866E-02       21.738920    6.888646E-01         502
       10.374150        1.300000
        4.532000        4.657646    1.475919E-01       16.992080
        1.217443    3.857845E-02       22.046510    6.986119E-01         406
       10.374150        1.300000
        4.128000        4.218912    1.336893E-01       15.391490
        1.125047    3.565059E-02       22.525300    7.137835E-01         502
       10.034010        1.300000
        3.724000        3.820745    1.210721E-01       13.938890
        1.027789    3.256866E-02       22.990020    7.285099E-01         501
       10.204080        1.300000
        3.320000        3.292106    1.043205E-01       12.010300
    9.369825E-01    2.969118E-02       23.554260    7.463894E-01         561
       10.034010        1.300000
        2.916000        2.767746    8.770458E-02       10.097330
    8.412776E-01    2.665848E-02       24.135820    7.648180E-01         561
       10.034010        1.300000
        2.512000        2.183482    6.919038E-02        7.965806
    7.419431E-01    2.351076E-02       24.775200    7.850788E-01         502
        9.863946        1.300000
        2.108000        1.534761    4.863365E-02        5.599135
    6.424022E-01    2.035649E-02       25.469350    8.070751E-01         498
       10.204080        1.300000
        1.704000    8.255211E-01    2.615918E-02        3.011676
    5.408193E-01    1.713753E-02       26.229850    8.311738E-01         559
       10.204080        1.300000
 ACUDE DE SAO JOSE DO JACUIPE : CORRECAO DE VAZOES, FALHAS:10%                  
           10
      364.220000        3.705904    1.174330E-01        5.850638
       48.493290        1.536660    0.000000E+00    0.000000E+00         116
    0.000000E+00        2.221929
      364.220000        3.718148    1.178210E-01        5.869968
       48.775860        1.545614    0.000000E+00    0.000000E+00         116
    0.000000E+00        2.596773
      364.220000        3.730659    1.182175E-01        5.889719
       49.070960        1.554965    0.000000E+00    0.000000E+00         116
    0.000000E+00        2.992025
      364.220000        4.174671    1.322873E-01        6.590697
       49.105860        1.556071    0.000000E+00    0.000000E+00         116
    0.000000E+00        2.349151
      364.220000        4.193227    1.328753E-01        6.619991
       49.552060        1.570210    0.000000E+00    0.000000E+00         116
    0.000000E+00        2.936028
      364.220000        4.639809    1.470267E-01        7.325026
       49.669910        1.573944    0.000000E+00    0.000000E+00         116
    0.000000E+00        2.365885
      364.220000        4.662533    1.477467E-01        7.360900
       50.228720        1.591652    0.000000E+00    0.000000E+00         116
    0.000000E+00        3.168541
      364.220000        5.111074    1.619602E-01        8.069029
       50.419760        1.597706    0.000000E+00    0.000000E+00         116
    0.000000E+00        3.015904
      364.220000        5.561477    1.762326E-01        8.780094
       50.663640        1.605434    0.000000E+00    0.000000E+00         116
    0.000000E+00        3.151945
      364.220000        6.375279    2.020204E-01       10.064870
       50.610710        1.603757    0.000000E+00    0.000000E+00         114
    0.000000E+00        2.542327
