//------------------------------------------------------------------------------
//
// Sistema de Informações Hidrológicas (Hidro)
// Versão Web 2.0
// © 2001 Agência Nacional de Energia Elétrica (ANEEL)
//
// Dia XX - status: 0 = Branco, 1 = Real, 2 = Estimado, 3 = Duvidoso, 4 = Acumulado
//
// Restrições da consulta:
//   Código da estação: 636045
//   Ano: 1900 até 2000
//
//------------------------------------------------------------------------------

//Código;Ano;Mês;Dia 01 (mm);Dia 02 (mm);Dia 03 (mm);Dia 04 (mm);Dia 05 (mm);Dia 06 (mm);Dia 07 (mm);Dia 08 (mm);Dia 09 (mm);Dia 10 (mm);Dia 11 (mm);Dia 12 (mm);Dia 13 (mm);Dia 14 (mm);Dia 15 (mm);Dia 16 (mm);Dia 17 (mm);Dia 18 (mm);Dia 19 (mm);Dia 20 (mm);Dia 21 (mm);Dia 22 (mm);Dia 23 (mm);Dia 24 (mm);Dia 25 (mm);Dia 26 (mm);Dia 27 (mm);Dia 28 (mm);Dia 29 (mm);Dia 30 (mm);Dia 31 (mm);Dia 01 (mm) - status;Dia 02 (mm) - status;Dia 03 (mm) - status;Dia 04 (mm) - status;Dia 05 (mm) - status;Dia 06 (mm) - status;Dia 07 (mm) - status;Dia 08 (mm) - status;Dia 09 (mm) - status;Dia 10 (mm) - status;Dia 11 (mm) - status;Dia 12 (mm) - status;Dia 13 (mm) - status;Dia 14 (mm) - status;Dia 15 (mm) - status;Dia 16 (mm) - status;Dia 17 (mm) - status;Dia 18 (mm) - status;Dia 19 (mm) - status;Dia 20 (mm) - status;Dia 21 (mm) - status;Dia 22 (mm) - status;Dia 23 (mm) - status;Dia 24 (mm) - status;Dia 25 (mm) - status;Dia 26 (mm) - status;Dia 27 (mm) - status;Dia 28 (mm) - status;Dia 29 (mm) - status;Dia 30 (mm) - status;Dia 31 (mm) - status;
00636045;1988;1;-;-;-;-;-;-;-;-;-;-;-;-;-;-;-;-;-;-;-;-;-;-;-;-;-;-;-;-;-;-;-;0;0;0;0;0;0;0;0;0;0;0;0;0;0;0;0;0;0;0;0;0;0;0;0;0;0;0;0;0;0;0;
00636045;1988;2;-;-;-;-;-;-;-;-;-;-;-;-;-;-;-;-;-;-;-;-;-;-;-;-;-;-;-;-;-;-;-;0;0;0;0;0;0;0;0;0;0;0;0;0;0;0;0;0;0;0;0;0;0;0;0;0;0;0;0;0;0;0;
00636045;1988;3;-;-;-;-;-;-;-;-;-;-;-;-;-;-;-;-;-;-;-;-;-;-;-;-;-;-;-;-;-;-;-;0;0;0;0;0;0;0;0;0;0;0;0;0;0;0;0;0;0;0;0;0;0;0;0;0;0;0;0;0;0;0;
00636045;1988;4;-;-;-;-;-;-;-;-;-;-;-;-;-;-;-;-;-;-;-;-;-;-;-;-;-;-;-;-;-;-;-;0;0;0;0;0;0;0;0;0;0;0;0;0;0;0;0;0;0;0;0;0;0;0;0;0;0;0;0;0;0;0;
00636045;1988;5;-;-;-;-;-;-;-;-;-;-;-;-;-;-;-;-;-;-;-;-;-;-;-;-;-;-;-;-;-;-;-;0;0;0;0;0;0;0;0;0;0;0;0;0;0;0;0;0;0;0;0;0;0;0;0;0;0;0;0;0;0;0;
00636045;1988;6;-;-;-;-;-;-;-;-;-;-;-;-;-;-;-;-;-;-;-;-;-;-;-;-;-;-;-;-;-;-;-;0;0;0;0;0;0;0;0;0;0;0;0;0;0;0;0;0;0;0;0;0;0;0;0;0;0;0;0;0;0;0;
00636045;1988;7;-;-;-;-;-;-;-;-;-;-;-;-;-;0,8;15;0;0;0;0;0;0;0;0;0;0;0;0;0;0;0;0;0;0;0;0;0;0;0;0;0;0;0;0;0;1;1;1;1;1;1;1;1;1;1;1;1;1;1;1;1;1;1;
00636045;1988;8;0;0;0;0;0;0;0;0;15,7;0;0;0;0;0;0;0;0;0;0;0;0;0;0;0;0;0;0;0;0;0;0;1;1;1;1;1;1;1;1;1;1;1;1;1;1;1;1;1;1;1;1;1;1;1;1;1;1;1;1;1;1;1;
00636045;1988;9;0;0;0;0;0;0;0;0;0;0;0;0;0;0;0;0;0;0;0;0;0;0;0;0;0;0;0;0;0;0;-;1;1;1;1;1;1;1;1;1;1;1;1;1;1;1;1;1;1;1;1;1;1;1;1;1;1;1;1;1;1;0;
00636045;1988;10;0;0;0;0;0;0;0;0;0;0;0;0;0;0;0;0;0;0;0;0;0;0;0;0;0;0;0;0;0;0;0;1;1;1;1;1;1;1;1;1;1;1;1;1;1;1;1;1;1;1;1;1;1;1;1;1;1;1;1;1;1;1;
00636045;1988;11;0;0;0;0;0;0;0;0;0;0;0;0;0;0;0;0;0;0;5,2;0;0;0;0;0;0;0;0;0;0;0;-;1;1;1;1;1;1;1;1;1;1;1;1;1;1;1;1;1;1;1;1;1;1;1;1;1;1;1;1;1;1;0;
00636045;1988;12;-;-;-;-;-;-;-;-;-;-;0;0;0;0;0;0;0;0;0;0;0;0;0;0;0;0;0;0;0;0;0;0;0;0;0;0;0;0;0;0;0;1;1;1;1;1;1;1;1;1;1;1;1;1;1;1;1;1;1;1;1;1;
00636045;1989;1;10;0;0;0;0;0;0;0;0;0;0;0;0;0;0;0;0;0;0;0;0;0;4,4;0;5,5;2,6;0;0;0;0;0;1;1;1;1;1;1;1;1;1;1;1;1;1;1;1;1;1;1;1;1;1;1;1;1;1;1;1;1;1;1;1;
00636045;1989;2;0;0;0;0;0;0;0;0;0;0;0;0;0;0;0;0;0;0;0;0;0;5,5;2,7;0;0;0;0;0;-;-;-;1;1;1;1;1;1;1;1;1;1;1;1;1;1;1;1;1;1;1;1;1;1;1;1;1;1;1;1;0;0;0;
00636045;1989;3;0;0;0;0;0;0;0;0;0;0;0;0;0;0;0;0;5;6,6;0;0;0;0;12,2;9;14,2;9,1;0;0;0;8;0;1;1;1;1;1;1;1;1;1;1;1;1;1;1;1;1;1;1;1;1;1;1;1;1;1;1;1;1;1;1;1;
00636045;1989;4;6;5;0;13,3;5;16,1;9,2;18,2;0;0;11;0;6;0;5,8;35;18,1;0;2,3;0;8,2;7,5;2,5;10,4;0;37;6,2;20,2;0;3;-;3;3;1;1;3;1;1;1;1;1;1;1;3;1;1;1;1;1;1;1;1;1;1;1;1;1;1;1;1;1;0;
00636045;1989;5;0;0;30,1;5,9;0;5,7;0;0;0;4;8,1;0;9,8;0;0;1,7;0;0;0;2,7;0;0;0;0;0;0;0;0;0;0;0;1;1;1;1;1;1;1;1;1;1;1;1;1;1;1;1;1;1;1;1;1;1;1;1;1;1;1;1;1;1;1;
00636045;1989;6;-;-;-;-;-;-;-;-;-;-;-;-;3,2;4,1;0;0;0;0;0;0;0;0;0;0;0;0;0;0;0;0;-;0;0;0;0;0;0;0;0;0;0;0;0;1;1;1;1;1;1;1;1;1;1;1;1;1;1;1;1;1;1;0;
00636045;1989;7;0;0;0;0;0;6;0;0;23,3;0;0;0;0;0;0;0;0;0;0;0;0;0;0;0;0;0;0;0;0;0;0;1;1;1;1;1;1;1;1;1;1;1;1;1;1;1;1;1;1;1;1;1;1;1;1;1;1;1;1;1;1;1;
00636045;1989;8;0;0;0;0;0;0;0;0;0;0;0;0;0;0;0;0;0;0;0;5,7;0;0;0;0;0;0;0;0;0;2,4;0;1;1;1;1;1;1;1;1;1;1;1;1;1;1;1;1;1;1;1;1;1;1;1;1;1;1;1;1;1;1;1;
00636045;1989;9;-;-;-;-;-;-;-;-;-;-;-;-;-;-;-;-;-;-;-;-;-;-;-;-;-;-;-;-;-;-;-;0;0;0;0;0;0;0;0;0;0;0;0;0;0;0;0;0;0;0;0;0;0;0;0;0;0;0;0;0;0;0;
00636045;1989;10;0;0;0;0;0;0;0;0;0;0;0;0;0;0;0;0;0;0;0;0;0;0;0;0;0;0;0;0;0;0;0;1;1;1;1;1;1;1;1;1;1;1;1;1;1;1;1;1;1;1;1;1;1;1;1;1;1;1;1;1;1;1;
00636045;1989;11;0;0;0;0;0;0;8,9;0;0;0;0;0;0;0;0;0;0;0;0;0;0;0;0;0;0;0;0;0;0;0;-;1;1;1;1;1;1;1;1;1;1;1;1;1;1;1;1;1;1;1;1;1;1;1;1;1;1;1;1;1;1;0;
00636045;1989;12;0;0;0;0;0;0;0;0;27;0;0;0;0;0;0;0;0;0;0;0;0;29;15,2;60,4;13;0;0;0;0;0;0;1;1;1;1;1;1;1;1;1;1;1;1;1;1;1;1;1;1;1;1;1;1;1;1;1;1;1;1;1;1;1;
00636045;1990;1;0;0;0;0;0;0;0;0;0;0;0;0;0;0;0;0;0;0;0;0;0;0;0;0;0;0;0;0;0;0;0;1;1;1;1;1;1;1;1;1;1;1;1;1;1;1;1;1;1;1;1;1;1;1;1;1;1;1;1;1;1;1;
00636045;1990;2;0;0;0;0;0;0;0;0;9,4;0;14,9;0;0;0;0;0;0;0;0;0;0;0;0;0;0;9,9;4,3;0;-;-;-;1;1;1;1;1;1;1;1;1;1;1;1;1;1;1;1;1;1;1;1;1;1;1;1;1;1;1;1;0;0;0;
00636045;1990;3;0;0;0;0;0;0;0;0;0;0;0;0;0;0;0;0;0;0;0;6,3;2;0;0;6,4;0;0;0;0;0;0;0;1;1;1;1;1;1;1;1;1;1;1;1;1;1;1;1;1;1;1;1;1;1;1;1;1;1;1;1;1;1;1;
00636045;1990;4;18;12,7;0;0;0;0;0;0;0;2,5;0;0;0;0;0;0;0;0;4;0;2;0;0;0;0;0;1,5;8;1,5;0;-;1;1;1;1;1;1;1;1;1;1;1;1;1;1;1;1;1;1;1;1;1;1;1;1;1;1;3;1;3;1;0;
00636045;1990;5;16,9;0;0;0;0;0;0;0;0;0;0;4;0;0;2;0;0;0;0;0;0;0;0;0;0;0;0;0;0;0;0;1;1;1;1;1;1;1;1;1;1;1;1;1;1;1;1;1;1;1;1;1;1;1;1;1;1;1;1;1;1;1;
00636045;1990;6;0;0;0;0;0;0;0;0;0;0;0;0;0;0;0;0;0;0;0;0;0;0;0;0;0;0;7;0;0;0;-;1;1;1;1;1;1;1;1;1;1;1;1;1;1;1;1;1;1;1;1;1;1;1;1;1;1;1;1;1;1;0;
00636045;1990;7;0;0;0;0;0;3;0;0;0;0;0;0;0;0;0;0;0;0;0;0;0;0;0;0;0;0;0;0;0;0;0;1;1;1;1;1;1;1;1;1;1;1;1;1;1;1;1;1;1;1;1;1;1;1;1;1;1;1;1;1;1;1;
00636045;1990;8;0;0;0;0;0;0;0;0;0;5;2;0;0;0;0;0;0;0;0;0;0;0;0;0;0;0;0;0;0;0;0;1;1;1;1;1;1;1;1;1;1;1;1;1;1;1;1;1;1;1;1;1;1;1;1;1;1;1;1;1;1;1;
00636045;1990;9;0;0;0;0;0;0;0;0;0;0;0;0;0;0;0;0;0;0;0;0;0;0;0;0;0;0;0;0;0;0;-;1;1;1;1;1;1;1;1;1;1;1;1;1;1;1;1;1;1;1;1;1;1;1;1;1;1;1;1;1;1;0;
00636045;1990;10;0;0;0;0;0;0;0;0;0;0;0;0;0;0;0;0;0;0;0;0;0;0;0;0;0;0;0;0;0;0;0;1;1;1;1;1;1;1;1;1;1;1;1;1;1;1;1;1;1;1;1;1;1;1;1;1;1;1;1;1;1;1;
00636045;1990;11;0;0;0;0;0;0;0;0;0;0;0;0;0;0;0;0;0;0;0;0;0;0;0;0;0;0;0;0;0;0;-;1;1;1;1;1;1;1;1;1;1;1;1;1;1;1;1;1;1;1;1;1;1;1;1;1;1;1;1;1;1;0;
00636045;1990;12;0;0;0;0;0;0;0;0;0;0;9,5;0;0;0;0;0;0;0;0;0;0;0;0;0;0;0;0;0;0;0;0;1;1;1;1;1;1;1;1;1;1;1;1;1;1;1;1;1;1;1;1;1;1;1;1;1;1;1;1;1;1;1;
00636045;1991;1;0;0;0;0;0;0;0;0;0;0;0;0;0;0;0;0;0;0;0;0;0;0;0;0;0;0;0;0;0;0;0;1;1;1;1;1;1;1;1;1;1;1;1;1;1;1;1;1;1;1;1;1;1;1;1;1;1;1;1;1;1;1;
00636045;1991;2;0;0;0;0;0;0;0;0;0;0;0;0;13;0;0;65;0;14;5;0;0;0;0;0;0;0;0;0;-;-;-;1;1;1;1;1;1;1;1;1;1;1;1;1;1;1;1;1;1;1;1;1;1;1;1;1;1;1;1;0;0;0;
00636045;1991;3;0;0;0;0;9;0;0;0;0;6,7;0;0;4,6;0;35;29;5;0;0;0;0;0;0;0;0;24;14;5;42;61;0;1;1;1;1;1;1;1;1;1;1;1;1;1;1;1;1;3;1;1;1;1;1;1;1;1;1;1;3;1;1;1;
00636045;1991;4;0;0;0;0;0;0;0;0;0;0;0;0;5;0;0;0;4;0;0;0;0;0;5;0;0;0;0;0;0;18;-;1;1;1;1;1;1;1;1;1;1;1;1;3;1;1;1;1;1;1;1;1;1;3;1;1;1;1;1;1;1;0;
00636045;1991;5;5;16;0;0;0;11;0;0;0;0;0;0;0;0;0;0;0;0;0;7,3;0;0;0;10;0;0;0;0;0;0;0;1;1;1;1;1;1;1;1;1;1;1;1;1;1;1;1;1;1;1;1;1;1;1;1;1;1;1;1;1;1;1;
00636045;1991;6;0;0;0;0;0;0;0;0;0;0;0;0;0;0;0;0;0;0;0;0;0;0;0;0;0;0;0;0;0;0;-;1;1;1;1;1;1;1;1;1;1;1;1;1;1;1;1;1;1;1;1;1;1;1;1;1;1;1;1;1;1;0;
00636045;1991;7;0;0;0;0;0;0;0;0;0;0;0;0;0;0;0;0;0;0;0;0;0;0;0;0;0;0;0;0;0;0;0;1;1;1;1;1;1;1;1;1;1;1;1;1;1;1;1;1;1;1;1;1;1;1;1;1;1;1;1;1;1;1;
00636045;1991;8;0;0;0;0;0;0;0;0;0;0;0;0;0;0;0;0;0;0;0;0;0;0;0;0;0;0;0;0;0;0;0;1;1;1;1;1;1;1;1;1;1;1;1;1;1;1;1;1;1;1;1;1;1;1;1;1;1;1;1;1;1;1;
00636045;1991;9;0;0;0;0;0;0;0;0;0;0;0;0;0;0;0;0;0;0;0;0;0;0;0;0;0;0;0;0;0;0;-;1;1;1;1;1;1;1;1;1;1;1;1;1;1;1;1;1;1;1;1;1;1;1;1;1;1;1;1;1;1;0;
00636045;1991;10;0;0;0;0;0;0;0;0;0;0;0;0;0;0;0;0;0;0;0;0;0;0;0;0;0;0;0;0;0;0;0;1;1;1;1;1;1;1;1;1;1;1;1;1;1;1;1;1;1;1;1;1;1;1;1;1;1;1;1;1;1;1;
00636045;1991;11;0;0;0;0;0;0;0;0;0;0;0;0;0;0;0;0;0;0;0;10,6;0;0;0;0;0;0;0;0;0;0;-;1;1;1;1;1;1;1;1;1;1;1;1;1;1;1;1;1;1;1;1;1;1;1;1;1;1;1;1;1;1;0;
00636045;1991;12;0;0;0;0;0;0;0;0;0;0;0;0;0;0;0;0;0;0;0;0;0;0;0;0;0;0;0;19;0;0;0;1;1;1;1;1;1;1;1;1;1;1;1;1;1;1;1;1;1;1;1;1;1;1;1;1;1;1;1;1;1;1;
00636045;1992;1;0;0;0;0;0;0;0;0;0;0;0;0;0;0;0;0;0;0;0;0;0;0;0;10;1,5;15;26,5;0;41,3;24;25,1;1;1;1;1;1;1;1;1;1;1;1;1;1;1;1;1;1;1;1;1;1;1;1;1;1;1;1;1;1;1;1;
00636045;1992;2;12;18,9;0;0;0;0;29,5;0;0;0;7;0;0;0;0;4,1;15,1;32;0;0;7,1;20;5,1;0;0;0;0;0;9;-;-;1;1;1;1;1;1;1;1;1;1;1;1;1;1;1;1;1;1;1;1;1;1;1;1;1;1;1;1;1;0;0;
00636045;1992;3;0;0;14,5;0;0;0;0;0;12,5;0;2,5;0;0;9,1;0;0;0;0;0;0;0;0;0;0;11;0;0;0;0;0;3,2;1;1;1;1;1;1;1;1;1;1;1;1;1;1;1;1;1;1;1;1;1;1;1;1;1;1;1;1;1;1;1;
00636045;1992;4;12;0;0;8,5;0;14;0;0;0;4,9;0;0;0;0;0;0;0;0;0;0;0;0;0;0;0;0;0;0;0;0;-;1;1;1;1;1;1;1;1;1;1;1;1;1;1;1;1;1;1;1;1;1;1;1;1;1;1;1;1;1;1;0;
00636045;1992;5;0;0;0;0;0;0;0;0;0;0;0;0;0;0;0;0;0;0;0;9,3;0;0;0;0;0;0;0;0;0;0;0;1;1;1;1;1;1;1;1;1;1;1;1;1;1;1;1;1;1;1;1;1;1;1;1;1;1;1;1;1;1;1;
00636045;1992;6;0;0;0;0;0;0;0;0;0;0;0;0;0;0;0;0;0;0;0;0;0;0;0;0;0;0;0;0;0;0;-;1;1;1;1;1;1;1;1;1;1;1;1;1;1;1;1;1;1;1;1;1;1;1;1;1;1;1;1;1;1;0;
00636045;1992;7;0;0;0;0;0;7;0;0;0;0;0;0;0;0;0;0;0;0;0;0;0;0;0;0;0;0;0;0;0;0;0;1;1;1;1;1;1;1;1;1;1;1;1;1;1;1;1;1;1;1;1;1;1;1;1;1;1;1;1;1;1;1;
00636045;1992;8;0;0;0;0;0;0;0;0;0;0;0;0;0;0;0;0;0;0;0;0;0;0;0;0;0;0;0;0;0;0;0;1;1;1;1;1;1;1;1;1;1;1;1;1;1;1;1;1;1;1;1;1;1;1;1;1;1;1;1;1;1;1;
00636045;1992;9;0;0;0;0;0;0;0;0;0;0;0;0;0;0;0;0;0;0;0;0;0;0;0;0;0;0;0;0;0;0;-;1;1;1;1;1;1;1;1;1;1;1;1;1;1;1;1;1;1;1;1;1;1;1;1;1;1;1;1;1;1;0;
00636045;1992;10;0;0;0;0;0;0;0;0;0;0;0;0;0;0;0;0;0;0;0;0;0;0;0;0;0;0;0;0;0;0;0;1;1;1;1;1;1;1;1;1;1;1;1;1;1;1;1;1;1;1;1;1;1;1;1;1;1;1;1;1;1;1;
00636045;1992;11;0;0;0;0;0;0;0;0;0;0;0;0;0;0;0;0;0;0;0;0;0;0;0;0;0;0;0;0;0;0;-;1;1;1;1;1;1;1;1;1;1;1;1;1;1;1;1;1;1;1;1;1;1;1;1;1;1;1;1;1;1;0;
00636045;1992;12;0;0;0;0;0;0;0;0;0;0;0;0;0;0;0;0;0;0;0;0;0;0;0;0;0;0;0;0;0;0;0;1;1;1;1;1;1;1;1;1;1;1;1;1;1;1;1;1;1;1;1;1;1;1;1;1;1;1;1;1;1;1;
00636045;1993;1;0;0;0;44;0;0;0;0;0;0;0;0;0;0;0;0;3;4,6;0;0;0;0;0;0;0;0;0;0;0;0;0;1;1;1;1;1;1;1;1;1;1;1;1;1;1;1;1;1;1;1;1;1;1;1;1;1;1;1;1;1;1;1;
00636045;1993;2;0;0;0;0;0;0;0;0;0;0;0;0;0;0;0;0;0;0;0;0;0;0;0;0;5,3;0;0;0;-;-;-;1;1;1;1;1;1;1;1;1;1;1;1;1;1;1;1;1;1;1;1;1;1;1;1;1;1;1;1;0;0;0;
00636045;1993;3;0;0;0;0;0;0;0;0;0;0;0;0;0;0;0;0;0;0;0;0;0;0;0;0;0;0;0;0;7;0;0;1;1;1;1;1;1;1;1;1;1;1;1;1;1;1;1;1;1;1;1;1;1;1;1;1;1;1;1;1;1;1;
00636045;1993;4;-;-;-;-;-;-;-;-;-;-;0;0;0;0;0;0;0;0;0;0;0;0;0;0;0;0;0;0;0;0;-;0;0;0;0;0;0;0;0;0;0;1;1;1;1;1;1;1;1;1;1;1;1;1;1;1;1;1;1;1;1;0;
00636045;1993;5;0;3;3,1;0;0;0;0;0;0;0;0;0;0;0;0;0;0;0;0;0;3;3,3;7,5;0;0;0;0;0;0;0;0;1;3;1;1;1;1;1;1;1;1;1;1;1;1;1;1;1;1;1;1;3;1;1;1;1;1;1;1;1;1;1;
00636045;1993;6;0;0;0;0;0;0;0;0;0;0;3,5;0;0;0;0;0;0;0;0;0;0;0;0;0;0;0;0;0;0;0;-;1;1;1;1;1;1;1;1;1;1;1;1;1;1;1;1;1;1;1;1;1;1;1;1;1;1;1;1;1;1;0;
00636045;1993;7;0;0;0;0;0;0;0;0;0;0;0;0;0;0;0;0;0;0;0;0;0;0;0;0;0;0;0;0;0;0;0;1;1;1;1;1;1;1;1;1;1;1;1;1;1;1;1;1;1;1;1;1;1;1;1;1;1;1;1;1;1;1;
00636045;1993;8;0;0;0;0;0;0;0;0;0;0;0;0;0;0;0;0;0;0;0;0;0;0;0;0;0;0;0;0;0;0;0;1;1;1;1;1;1;1;1;1;1;1;1;1;1;1;1;1;1;1;1;1;1;1;1;1;1;1;1;1;1;1;
00636045;1993;9;0;0;0;0;0;0;0;0;0;0;0;0;0;0;0;0;0;0;0;0;0;0;0;0;0;0;0;12;0;0;-;1;1;1;1;1;1;1;1;1;1;1;1;1;1;1;1;1;1;1;1;1;1;1;1;1;1;1;1;1;1;0;
00636045;1993;10;0;0;0;0;0;0;0;0;0;0;0;0;0;0;0;0;0;0;0;0;0;0;0;0;0;0;0;0;0;0;0;1;1;1;1;1;1;1;1;1;1;1;1;1;1;1;1;1;1;1;1;1;1;1;1;1;1;1;1;1;1;1;
00636045;1993;11;0;0;0;0;0;0;0;0;0;0;0;0;0;0;0;0;0;0;0;0;0;0;0;0;0;0;0;0;0;0;-;1;1;1;1;1;1;1;1;1;1;1;1;1;1;1;1;1;1;1;1;1;1;1;1;1;1;1;1;1;1;0;
00636045;1993;12;0;0;0;0;0;0;0;0;0;0;0;0;0;0;0;0;0;0;0;0;0;0;0;0;0;0;0;0;0;0;0;1;1;1;1;1;1;1;1;1;1;1;1;1;1;1;1;1;1;1;1;1;1;1;1;1;1;1;1;1;1;1;
00636045;1994;1;0;0;0;0;3,7;5;0;0;0;0;-;-;-;-;-;-;-;-;-;-;0;0;0;0;0;0;0;0;0;0;0;1;1;1;1;1;1;1;1;1;1;0;0;0;0;0;0;0;0;0;0;1;1;1;1;1;1;1;1;1;1;1;
00636045;1994;2;0;0;0;0;0;0;0;0;0;0;0;0;0;29,5;25;0;4,5;0;0;0;0;0;0;0;0;0;0;0;-;-;-;1;1;1;1;1;1;1;1;1;1;1;1;1;1;1;1;1;1;1;1;1;1;1;1;1;1;1;1;0;0;0;
00636045;1994;3;14;4,9;0;0;0;0;0;0;6,7;0;7,5;0;0;3,3;4;41,5;0;0;0;0;0;0;78;0;12;22,7;27,5;0;0;0;19;1;1;1;1;1;1;1;1;1;1;1;1;1;1;1;1;1;1;1;1;1;1;1;1;1;1;1;1;1;1;1;
00636045;1994;4;0;0;44,9;40;0;0;22;3;0;0;0;0;0;0;0;0;0;0;0;44,3;0;0;0;0;0;35;27;0;70;0;-;1;1;1;1;1;1;1;1;1;1;1;1;1;1;1;1;1;1;1;1;1;1;1;1;1;1;1;1;1;1;0;
00636045;1994;5;0;0;0;0;9;0;0;0;0;0;0;0;13;1,1;0;0;6,6;0;0;0;0;4;6,6;0;0;6,5;0;0;0;0;0;1;1;1;1;1;1;1;1;1;1;1;1;1;1;1;1;3;1;1;1;1;1;3;1;1;1;1;1;1;1;1;
00636045;1994;6;0;0;0;9;10;4,5;0;0;0;0;0;0;0;0;0;0;8;0;0;0;0;0;4,4;0;0;0;9,5;0;16;0;-;1;1;1;1;1;1;1;1;1;1;1;1;1;1;1;1;1;1;1;1;1;1;1;1;1;1;1;1;1;1;0;
00636045;1994;7;0;5;0;0;0;0;0;0;0;0;0;0;0;0;0;0;0;0;0;0;0;0;0;0;0;0;0;0;0;0;0;1;1;1;1;1;1;1;1;1;1;1;1;1;1;1;1;1;1;1;1;1;1;1;1;1;1;1;1;1;1;1;
00636045;1994;8;0;0;0;0;0;0;0;0;0;0;0;0;0;0;0;0;0;0;15,5;0;0;0;0;0;0;0;0;0;0;0;0;1;1;1;1;1;1;1;1;1;1;1;1;1;1;1;1;1;1;1;1;1;1;1;1;1;1;1;1;1;1;1;
00636045;1994;9;0;0;0;0;0;0;0;0;0;0;0;0;0;0;0;0;0;0;0;0;0;0;0;0;0;0;0;0;0;0;-;1;1;1;1;1;1;1;1;1;1;1;1;1;1;1;1;1;1;1;1;1;1;1;1;1;1;1;1;1;1;0;
00636045;1994;10;0;0;0;0;0;0;0;0;0;0;0;0;0;0;0;0;0;0;0;0;0;0;0;0;0;0;0;0;0;0;0;1;1;1;1;1;1;1;1;1;1;1;1;1;1;1;1;1;1;1;1;1;1;1;1;1;1;1;1;1;1;1;
00636045;1994;11;0;0;0;0;0;0;0;0;0;0;0;0;0;0;0;0;0;0;0;0;0;0;0;0;0;0;0;0;0;0;-;1;1;1;1;1;1;1;1;1;1;1;1;1;1;1;1;1;1;1;1;1;1;1;1;1;1;1;1;1;1;0;
00636045;1994;12;0;0;0;0;0;0;0;0;0;0;0;0;0;0;7,5;0;0;0;0;0;0;0;0;7,1;0;0;0;0;1,9;4,2;2,3;1;1;1;1;1;1;1;1;1;1;1;1;1;1;1;1;1;1;1;1;1;1;1;1;1;1;1;1;1;1;1;
00636045;1995;1;0;0;0;0;0;0;0;0;0;0;0;0;0;0;0;0;0;0;0;0;0;23;0;0;0;0;0;0;0;0;0;1;1;1;1;1;1;1;1;1;1;1;1;1;1;1;1;1;1;1;1;1;1;1;1;1;1;1;1;1;1;1;
00636045;1995;2;0;0;3;2;0;38;15;0;0;0;29;11;0;0;0;0;0;0;0;0;0;0;0;0;14;0;0;0;-;-;-;1;1;1;1;1;1;1;1;1;1;1;1;1;1;1;1;1;1;1;1;1;1;1;1;1;1;1;1;0;0;0;
00636045;1995;3;0;0;0;0;0;0;0;47;0;2;0;0;5;0;0;11;0;0;0;0;0;0;0;0;0;40;0;0;0;0;0;1;1;1;1;1;1;1;1;1;1;1;1;1;1;1;1;1;1;1;1;1;1;1;1;1;1;1;1;1;1;1;
00636045;1995;4;3,5;0;9,3;0;4,5;2,5;0;5;0;15;0;9;8;10;3,7;10;0;0;0;0;0;0;0;0;27,5;0;0;0;0;0;-;1;1;1;1;1;1;1;1;1;1;1;1;1;3;1;3;1;1;1;1;1;1;1;1;1;1;1;1;1;1;0;
00636045;1995;5;3,9;8,3;6,5;3;0;0;0;0;0;0;0;0;30;0;0;0;0;0;0;46;0;4,5;57;0;0;34;24;0;0;46;0;1;1;1;1;1;1;1;1;1;1;1;1;1;1;1;1;1;1;1;1;1;1;1;1;1;1;1;1;1;1;1;
00636045;1995;6;0;0;6,6;0;0;0;0;0;0;0;0;0;0;0;0;0;5;0;0;0;0;0;0;0;0;0;12;0;0;0;-;1;1;1;1;1;1;1;1;1;1;1;1;1;1;1;1;1;1;1;1;1;1;1;1;1;1;1;1;1;1;0;
00636045;1995;7;4;5;11;0;0;0;0;0;0;0;0;0;0;0;0;3,5;0;0;0;0;0;0;0;4,5;0;0;0;0;0;0;0;1;1;1;1;1;1;1;1;1;1;1;1;1;1;1;1;1;1;1;1;1;1;1;1;1;1;1;1;1;1;1;
00636045;1995;8;0;0;0;0;0;0;0;0;0;0;0;0;0;0;0;0;0;0;0;0;0;0;0;0;0;0;0;0;0;0;0;1;1;1;1;1;1;1;1;1;1;1;1;1;1;1;1;1;1;1;1;1;1;1;1;1;1;1;1;1;1;1;
00636045;1995;9;0;0;0;0;0;0;0;0;0;0;0;0;0;0;0;0;0;0;0;0;0;0;0;0;0;0;0;0;0;0;-;1;1;1;1;1;1;1;1;1;1;1;1;1;1;1;1;1;1;1;1;1;1;1;1;1;1;1;1;1;1;0;
00636045;1995;10;0;0;0;0;0;0;0;0;0;0;0;0;0;0;0;0;0;0;0;0;0;0;0;0;0;0;0;0;0;0;0;1;1;1;1;1;1;1;1;1;1;1;1;1;1;1;1;1;1;1;1;1;1;1;1;1;1;1;1;1;1;1;
00636045;1995;11;0;0;0;0;0;0;0;0;0;0;0;0;0;0;0;0;0;0;0;0;0;0;0;0;0;2,5;0;0;0;0;-;1;1;1;1;1;1;1;1;1;1;1;1;1;1;1;1;1;1;1;1;1;1;1;1;1;1;1;1;1;1;0;
00636045;1995;12;0;0;0;0;0;0;0;0;0;0;0;0;0;0;0;0;0;0;0;0;0;0;0;0;0;0;1,9;0;0;0;0;1;1;1;1;1;1;1;1;1;1;1;1;1;1;1;1;1;1;1;1;1;1;1;1;1;1;1;1;1;1;1;
00636045;1996;1;0;0;0;0;0;0;0;0;0;0;0;0;0;0;0;5,2;0;26,5;0;0;6,5;41,6;0;0;0;0;0;0;0;0;0;1;1;1;1;1;1;1;1;1;1;1;1;1;1;1;1;1;1;1;1;1;1;1;1;1;1;1;1;1;1;1;
00636045;1996;2;0;0;0;0;0;0;0;0;0;0;0;0;0;0;0;0;0;0;0;0;0;0;0;16,1;2,5;11,7;0;0;0;-;-;1;1;1;1;1;1;1;1;1;1;1;1;1;1;1;1;1;1;1;1;1;1;1;1;1;1;1;1;1;0;0;
00636045;1996;3;0;0;44,1;4,9;2,5;0;0;0;0;0;12,4;0;9,2;0;3,7;7,7;8,7;3,7;38,7;0;0;0;3,6;0;0;17,8;3;0;20,9;0;15,2;1;1;1;1;1;1;1;1;1;1;1;1;1;1;3;1;1;3;1;1;1;1;1;1;1;1;1;1;1;1;1;
00636045;1996;4;0;0;0;0;3,3;0;43,3;7,9;9,6;0;0;0;0;18,1;0;0;0;6,2;7,6;16,2;2,6;6,2;13,6;26,3;1,6;0;10,3;0;40,6;0;-;1;1;1;1;1;1;1;1;1;1;1;1;1;1;1;1;1;1;1;1;1;1;1;1;1;1;1;1;1;1;0;
00636045;1996;5;0;0;0;24,9;0;0;0;0;19;0;0;0;0;0;0;0;0;0;0;0;0;0;0;0;0;0;0;0;0;4,7;0;1;1;1;1;1;1;1;1;1;1;1;1;1;1;1;1;1;1;1;1;1;1;1;1;1;1;1;1;1;1;1;
00636045;1996;6;0;0;0;0;0;0;0;0;0;0;0;13,8;0;0;0;0;0;0;0;0;0;0;0;0;0;0;0;0;0;0;-;1;1;1;1;1;1;1;1;1;1;1;1;1;1;1;1;1;1;1;1;1;1;1;1;1;1;1;1;1;1;0;
00636045;1996;7;0;0;0;0;0;0;0;0;0;0;0;0;0;0;0;2,1;0;2;0;0;0;0;0;0;0;0;0;0;0;0;0;1;1;1;1;1;1;1;1;1;1;1;1;1;1;1;1;1;1;1;1;1;1;1;1;1;1;1;1;1;1;1;
00636045;1996;8;0;0;0;0;0;0;0;2,5;3;0;0;0;0;0;0;0;0;0;1,7;0;0;0;0;0;0;0;0;0;0;0;0;1;1;1;1;1;1;1;1;1;1;1;1;1;1;1;1;1;1;1;1;1;1;1;1;1;1;1;1;1;1;1;
00636045;1996;9;0;0;0;0;0;0;0;0;0;0;0;0;0;0;0;0;0;8,1;0;0;0;0;0;0;0;0;0;0;0;0;-;1;1;1;1;1;1;1;1;1;1;1;1;1;1;1;1;1;1;1;1;1;1;1;1;1;1;1;1;1;1;0;
00636045;1996;10;0;0;0;0;0;0;0;0;0;0;0;0;0;0;0;0;0;0;0;0;0;0;0;0;0;0;0;0;0;0;0;1;1;1;1;1;1;1;1;1;1;1;1;1;1;1;1;1;1;1;1;1;1;1;1;1;1;1;1;1;1;1;
00636045;1996;11;0;0;0;0;0;0;0;0;0;0;0;0;0;0;0;0;0;0;0;0;0;0;0;0;0;0;0;0;0;0;-;1;1;1;1;1;1;1;1;1;1;1;1;1;1;1;1;1;1;1;1;1;1;1;1;1;1;1;1;1;1;0;
00636045;1996;12;3,7;0;0;0;0;0;0;0;0;0;0;0;0;0;0;0;0;0;0;0;0;0;0;0;0;0;0;0;0;0;0;1;1;1;1;1;1;1;1;1;1;1;1;1;1;1;1;1;1;1;1;1;1;1;1;1;1;1;1;1;1;1;
00636045;1997;1;0;0;0;0;0;0;0;0;0;0;0;0;0;59,9;0;0;0;0;0;0;66;0;0;1,5;61,2;0;0;23,7;0;0;0;1;1;1;1;1;1;1;1;1;1;1;1;1;1;1;1;1;1;1;1;1;1;1;1;1;1;1;1;1;1;1;
00636045;1997;2;0;0;0;0;0;0;0;0;5,8;0;0;0;0;0;0;0;0;0;1,4;0;0;0;0;0;0;0;0;0;-;-;-;1;1;1;1;1;1;1;1;1;1;1;1;1;1;1;1;1;1;1;1;1;1;1;1;1;1;1;1;0;0;0;
00636045;1997;3;0;0;0;1,3;0;0;0;0;0;5,9;0;0;0,9;2,6;0;0;0;0;0;0;0;0;8,7;5,4;14;53,4;0;55,3;0;0;7,9;1;1;1;1;1;1;1;1;1;1;1;1;1;1;1;1;1;1;1;1;1;1;1;1;1;1;1;1;1;1;1;
00636045;1997;4;0;0,6;0;0;0;0;0;0;0;18,1;0;0;0;0;7,2;0;0;0;0;0;0;0;0;10,6;0;4,9;90,7;0;0;0;-;1;1;1;1;1;1;1;1;1;1;1;1;1;1;1;1;1;1;1;1;1;1;1;1;1;1;1;1;1;1;0;
00636045;1997;5;0;12,9;0;0;0;0;0;2,9;0;0;0;0;2,9;0;0;0;0;0;0;0;0;0;0;0;0;0;0;0;0;0;0;1;1;1;1;1;1;1;3;1;1;1;1;3;1;1;1;1;1;1;1;1;1;1;1;1;1;1;1;1;1;1;
00636045;1997;6;0;0;0;0;0;0;0;0;0;0;0;0;0;0;0;0;0;0;0;0;0;0;0;0;0;0;0;0;0;0;-;1;1;1;1;1;1;1;1;1;1;1;1;1;1;1;1;1;1;1;1;1;1;1;1;1;1;1;1;1;1;0;
00636045;1997;7;0;0;0;0;0;0;0;0;0;0;0;0;0;0;0;0;0;0;0;0;0;0;0;0;0;0;0;0;0;0;0;1;1;1;1;1;1;1;1;1;1;1;1;1;1;1;1;1;1;1;1;1;1;1;1;1;1;1;1;1;1;1;
00636045;1997;8;0;0;0;0;0;0;0;0;0;0;0;0;0;0;0;0;0;0;0;0;0;0;0;0;0;0;0;0;0;0;0;1;1;1;1;1;1;1;1;1;1;1;1;1;1;1;1;1;1;1;1;1;1;1;1;1;1;1;1;1;1;1;
00636045;1997;9;0;0;0;0;0;0;0;0;0;0;0;0;0;0;0;0;0;0;0;0;0;0;0;0;0;0;0;0;0;0;-;1;1;1;1;1;1;1;1;1;1;1;1;1;1;1;1;1;1;1;1;1;1;1;1;1;1;1;1;1;1;0;
00636045;1997;10;0;0;0;0;0;0;0;0;0;0;0;0;0;0;0;0;0;0;0;0;0;0;0;0;0;0;0;0;0;0;0;1;1;1;1;1;1;1;1;1;1;1;1;1;1;1;1;1;1;1;1;1;1;1;1;1;1;1;1;1;1;1;
00636045;1997;11;0;0;0;0;0;0;0;0;0;0;0;0;0;0;0;0;0;0;0;0;0;0;0;0;0;0;0;0;0;0;-;1;1;1;1;1;1;1;1;1;1;1;1;1;1;1;1;1;1;1;1;1;1;1;1;1;1;1;1;1;1;0;
00636045;1997;12;0;0;0;0;0;0;0;0;0;0;0;0;0;6,2;0;0;0;0;0;0;0;0;11,3;0;0;0;0;0;0;0;0;1;1;1;1;1;1;1;1;1;1;1;1;1;1;1;1;1;1;1;1;1;1;1;1;1;1;1;1;1;1;1;
00636045;1998;1;70,5;0;11,7;0;0;0;31,3;0;0;0;0;0;0;0;0;0;0;0;0;0;0;0;0;0;0;0;6,5;22,1;0;0;0;1;1;1;1;1;1;1;1;1;1;1;1;1;1;1;1;1;1;1;1;1;1;1;1;1;1;1;1;1;1;1;
00636045;1998;2;0;0;1,7;0;0;0;0;0;0;0;0;0;0;0;41,8;0;0;0;0;0;0;0;0;13,5;0;0;0;0;-;-;-;1;1;1;1;1;1;1;1;1;1;1;1;1;1;1;1;1;1;1;1;1;1;1;1;1;1;1;1;0;0;0;
00636045;1998;3;0;0;0;0;0;0;0;0;0;0;0;0;0;0;0;0;34,3;13,6;0;4,6;0;0;12;6;3;0;0;0;7,3;0;0;1;1;1;1;1;1;1;1;1;1;1;1;1;1;1;1;1;1;1;1;1;1;1;1;1;1;1;1;1;1;1;
00636045;1998;4;0;16,2;0;0;0;0;0;0;0;0;0;0;0;0;0;0;0;0;0;0;0;0;0;0;0;0;0;0;0;0;-;1;1;1;1;1;1;1;1;1;1;1;1;1;1;1;1;1;1;1;1;1;1;1;1;1;1;1;1;1;1;0;
00636045;1998;5;0;0;0;0;0;0;0;0;0;0;0;0;0;0;0;0;0;0;0;0;0;0;0;0;0;0;0;0;0;0;0;1;1;1;1;1;1;1;1;1;1;1;1;1;1;1;1;1;1;1;1;1;1;1;1;1;1;1;1;1;1;1;
00636045;1998;6;0;0;0;0;0;0;0;0;0;0;7,2;0;0;0;0;0;0;0;0;0;0;0;0;0;0;0;0;0;0;0;-;1;1;1;1;1;1;1;1;1;1;1;1;1;1;1;1;1;1;1;1;1;1;1;1;1;1;1;1;1;1;0;
00636045;1998;7;0;0;0;0;0;0;0;0;0;0;0;0;0;0;0;0;0;0;0;0;0;0;0;0;0;0;0;0;0;0;0;1;1;1;1;1;1;1;1;1;1;1;1;1;1;1;1;1;1;1;1;1;1;1;1;1;1;1;1;1;1;1;
00636045;1998;8;0;0;0;0;0;0;0;0;6,5;0;0;0;0;0;0;10;0;0;0;0;0;0;0;0;0;0;0;0;0;0;0;1;1;1;1;1;1;1;1;1;1;1;1;1;1;1;1;1;1;1;1;1;1;1;1;1;1;1;1;1;1;1;
00636045;1998;9;0;0;0;0;0;0;0;0;0;0;0;0;0;0;0;0;0;0;0;0;0;0;0;0;0;0;0;0;0;0;-;1;1;1;1;1;1;1;1;1;1;1;1;1;1;1;1;1;1;1;1;1;1;1;1;1;1;1;1;1;1;0;
00636045;1998;10;0;0;0;0;0;0;0;0;0;0;0;0;0;0;0;0;0;0;0;0;0;0;0;0;0;0;0;0;0;0;0;1;1;1;1;1;1;1;1;1;1;1;1;1;1;1;1;1;1;1;1;1;1;1;1;1;1;1;1;1;1;1;
00636045;1998;11;0;0;0;0;0;0;0;0;0;0;0;0;0;0;0;0;0;0;0;0;0;0;0;0;0;0;0;0;0;0;-;1;1;1;1;1;1;1;1;1;1;1;1;1;1;1;1;1;1;1;1;1;1;1;1;1;1;1;1;1;1;0;
00636045;1998;12;0;0;0;0;0;0;0;0;0;0;0;0;0;0;0;0;0;0;0;0;0;0;0;0;0;0;0;0;0;0;0;1;1;1;1;1;1;1;1;1;1;1;1;1;1;1;1;1;1;1;1;1;1;1;1;1;1;1;1;1;1;1;
00636045;1999;1;0;0;0;0;0;0;0;0;51,8;16,1;10,2;0;0;0;0;0;0;0;24,1;0;0;0;0;0;0;0;0;0;0;12,5;0;1;1;1;1;1;1;1;1;1;1;1;1;1;1;1;1;1;1;1;1;1;1;1;1;1;1;1;1;1;1;1;
00636045;1999;2;0;0;0;0;6,2;0;0;0;0;0;0;0;0;0;0;0;0;0;0;0;0;0;1,3;0;0;0;0;0;-;-;-;1;1;1;1;1;1;1;1;1;1;1;1;1;1;1;1;1;1;1;1;1;1;1;1;1;1;1;1;0;0;0;
00636045;1999;3;0;0;0;0;0;0;0;0;0;0;0;5,2;2,5;8,4;10,4;47,7;0;49,2;14,2;0;0;0;0;0;0;0;0;5,7;0;0;0;1;1;1;1;1;1;1;1;1;1;1;1;1;1;1;1;1;1;1;1;1;1;1;1;1;1;1;1;1;1;1;
00636045;1999;4;0;0;0;0;0;8,4;0;0;0;0;0;0;3;3;0;0;0;0;0;0;0;0;0;0;0;0;0;0;0;0;-;1;1;1;1;1;1;1;1;1;1;1;1;3;3;1;1;1;1;1;1;1;1;1;1;1;1;1;1;1;1;0;
00636045;1999;5;0;0;0;0;0;5,7;6,3;0;0;0;0;0;0;40;45,9;29,6;0;0;0;0;0;0;4;0;0;0;0;0;0;0;0;1;1;1;1;1;1;1;1;1;1;1;1;1;1;1;1;1;1;1;1;1;1;1;1;1;1;1;1;1;1;1;
00636045;1999;6;0;0;0;0;0;0;0;0;0;0;0;0;0;0;0;0;0;0;0;0;0;0;0;0;0;0;0;0;0;0;-;1;1;1;1;1;1;1;1;1;1;1;1;1;1;1;1;1;1;1;1;1;1;1;1;1;1;1;1;1;1;0;
00636045;1999;7;-;-;-;-;-;-;-;-;-;-;-;-;-;-;-;-;-;-;-;-;-;-;-;-;-;-;-;-;-;-;-;0;0;0;0;0;0;0;0;0;0;0;0;0;0;0;0;0;0;0;0;0;0;0;0;0;0;0;0;0;0;0;
00636045;1999;8;-;-;-;-;-;-;-;-;-;-;-;-;-;-;-;-;-;-;-;-;-;-;-;-;-;-;-;-;-;-;-;0;0;0;0;0;0;0;0;0;0;0;0;0;0;0;0;0;0;0;0;0;0;0;0;0;0;0;0;0;0;0;
00636045;1999;9;-;-;-;-;-;-;-;-;-;-;-;-;-;-;-;-;-;-;-;-;-;-;-;-;-;-;-;-;-;-;-;0;0;0;0;0;0;0;0;0;0;0;0;0;0;0;0;0;0;0;0;0;0;0;0;0;0;0;0;0;0;0;
00636045;1999;10;-;-;-;-;-;-;-;-;-;-;-;-;-;-;-;-;-;-;-;-;-;-;-;-;-;-;-;-;-;-;-;0;0;0;0;0;0;0;0;0;0;0;0;0;0;0;0;0;0;0;0;0;0;0;0;0;0;0;0;0;0;0;
00636045;1999;11;-;-;-;-;-;-;-;-;-;-;-;-;-;-;-;-;-;-;-;-;-;-;-;-;-;-;-;-;-;-;-;0;0;0;0;0;0;0;0;0;0;0;0;0;0;0;0;0;0;0;0;0;0;0;0;0;0;0;0;0;0;0;
00636045;1999;12;-;-;-;-;-;-;-;-;-;-;-;-;-;-;-;-;-;-;-;-;-;-;-;-;-;-;-;-;-;-;-;0;0;0;0;0;0;0;0;0;0;0;0;0;0;0;0;0;0;0;0;0;0;0;0;0;0;0;0;0;0;0;
