//------------------------------------------------------------------------------
//
// Sistema de Informações Hidrológicas (Hidro)
// Versão Web 2.0
// © 2001 Agência Nacional de Energia Elétrica (ANEEL)
//
// Dia XX - status: 0 = Branco, 1 = Real, 2 = Estimado, 3 = Duvidoso, 4 = Régua Seca
//
// Restrições da consulta:
//   Código da estação: 37030000
//   Ano: 1900 até 2000
//
//------------------------------------------------------------------------------

//Código;Ano;Mês;Dia 01 (m3/s);Dia 02 (m3/s);Dia 03 (m3/s);Dia 04 (m3/s);Dia 05 (m3/s);Dia 06 (m3/s);Dia 07 (m3/s);Dia 08 (m3/s);Dia 09 (m3/s);Dia 10 (m3/s);Dia 11 (m3/s);Dia 12 (m3/s);Dia 13 (m3/s);Dia 14 (m3/s);Dia 15 (m3/s);Dia 16 (m3/s);Dia 17 (m3/s);Dia 18 (m3/s);Dia 19 (m3/s);Dia 20 (m3/s);Dia 21 (m3/s);Dia 22 (m3/s);Dia 23 (m3/s);Dia 24 (m3/s);Dia 25 (m3/s);Dia 26 (m3/s);Dia 27 (m3/s);Dia 28 (m3/s);Dia 29 (m3/s);Dia 30 (m3/s);Dia 31 (m3/s);Dia 01 (m3/s) - status;Dia 02 (m3/s) - status;Dia 03 (m3/s) - status;Dia 04 (m3/s) - status;Dia 05 (m3/s) - status;Dia 06 (m3/s) - status;Dia 07 (m3/s) - status;Dia 08 (m3/s) - status;Dia 09 (m3/s) - status;Dia 10 (m3/s) - status;Dia 11 (m3/s) - status;Dia 12 (m3/s) - status;Dia 13 (m3/s) - status;Dia 14 (m3/s) - status;Dia 15 (m3/s) - status;Dia 16 (m3/s) - status;Dia 17 (m3/s) - status;Dia 18 (m3/s) - status;Dia 19 (m3/s) - status;Dia 20 (m3/s) - status;Dia 21 (m3/s) - status;Dia 22 (m3/s) - status;Dia 23 (m3/s) - status;Dia 24 (m3/s) - status;Dia 25 (m3/s) - status;Dia 26 (m3/s) - status;Dia 27 (m3/s) - status;Dia 28 (m3/s) - status;Dia 29 (m3/s) - status;Dia 30 (m3/s) - status;Dia 31 (m3/s) - status;
37030000;1964;1;-;-;-;-;-;-;-;-;-;-;-;-;-;-;-;-;-;-;-;-;-;-;-;-;-;-;-;-;-;-;-;0;0;0;0;0;0;0;0;0;0;0;0;0;0;0;0;0;0;0;0;0;0;0;0;0;0;0;0;0;0;0;
37030000;1964;2;-;-;-;-;-;-;-;-;-;-;-;-;-;-;-;-;-;-;-;-;-;-;-;-;-;-;-;-;-;-;-;0;0;0;0;0;0;0;0;0;0;0;0;0;0;0;0;0;0;0;0;0;0;0;0;0;0;0;0;0;0;0;
37030000;1964;3;21,8;110;161;76,6;36,4;27,7;85;133;131;96,1;84;46,4;35,4;37,7;31,5;19,6;13,9;11,1;7,61;7,48;11,5;10,2;8,4;7,48;7,15;6,08;7,49;9,36;8,99;4,65;3,62;1;1;1;1;1;1;1;1;1;1;1;1;1;1;1;1;1;1;1;1;1;1;1;1;1;1;1;1;1;1;1;
37030000;1964;4;4,65;9,73;24,5;49,2;54,2;53,2;45,3;29,8;21,2;42,6;49,3;49,3;56,5;97,4;93,2;71;51,1;34,4;23,3;27,5;27,7;27,9;18,9;19,8;76,8;44;40,4;33,1;21,5;16;-;1;1;1;1;1;1;1;1;1;1;1;1;1;1;1;1;1;1;1;1;1;1;1;1;1;1;1;1;1;1;0;
37030000;1964;5;12,8;21;16,7;22,5;71,9;67,4;34,3;21,1;16,1;15,9;15,4;20,3;35,2;27,8;28,5;25,9;45,1;26,2;16,9;16,6;16,3;16;15,8;15,6;15,3;15;14,8;14,6;14,4;14,2;14;1;1;1;1;1;1;1;1;1;1;1;1;1;1;1;1;1;1;1;1;1;1;1;1;1;1;1;1;1;1;1;
37030000;1964;6;13,8;13,5;13,4;13,2;13;10,5;8,32;6,81;6,23;5,93;5,43;4,71;4,51;4,06;4,13;3,64;3,43;4,19;11,5;5,7;4,65;3,76;3,22;3,06;3,31;3,4;2,81;2,16;1,76;1,53;-;1;1;1;1;1;1;1;1;1;1;1;1;1;1;1;1;1;1;1;1;1;1;1;1;1;1;1;1;1;1;0;
37030000;1964;7;1,32;1,11;0,846;0,771;3,22;2,82;2,74;5,05;5,01;4,1;3,61;2,62;2,16;1,74;1,45;1,18;0,887;0,647;0,398;0,257;0,182;0,096;0,027;0;0;0;0;0;0;0;0;1;1;1;1;1;1;1;1;1;1;1;1;1;1;1;1;1;1;1;1;1;1;1;1;1;1;1;1;1;1;1;
37030000;1964;8;0;0;0;0;0;0;0;0;0;0;0;0;0;0;0;0;0;0;0;0;0;0;0;0;0;0;0;0;0;0;0;1;1;1;1;1;1;1;1;1;1;1;1;1;1;1;1;1;1;1;1;1;1;1;1;1;1;1;1;1;1;1;
37030000;1964;9;0;0;0;0;0;0;0;0;0;0;0;0;0;0;0;0;0;0;0;0;0;0;0;0;0;0;0;0;0;0;-;1;1;1;1;1;1;1;1;1;1;1;1;1;1;1;1;1;1;1;1;1;1;1;1;1;1;1;1;1;1;0;
37030000;1964;10;0;0;0;0;0;0;0;0;0;0;0;0;0;0;0;0;0;0;0;0;0;0;0;0;0;0;0;0;0;0;0;1;1;1;1;1;1;1;1;1;1;1;1;1;1;1;1;1;1;1;1;1;1;1;1;1;1;1;1;1;1;1;
37030000;1964;11;0;0;0;0;0;0;0;0;0;0;0;0;0;0;0;0;0;0;0;0;0;0;0;0;0;0;0;0;0;0;-;1;1;1;1;1;1;1;1;1;1;1;1;1;1;1;1;1;1;1;1;1;1;1;1;1;1;1;1;1;1;0;
37030000;1964;12;0;0;0;0;0;0;0;0;0;0;0;0;0;0;0;0;0;0;0;0;0;0;0;0;0;0;0;0;0;0;0;1;1;1;1;1;1;1;1;1;1;1;1;1;1;1;1;1;1;1;1;1;1;1;1;1;1;1;1;1;1;1;
37030000;1965;1;0;0;0;0;0;0;0;0;0;0;0;0;0;0;0;0;0;0;0;0;0;0;0;0;0;0;0;0;0;0;0;1;1;1;1;1;1;1;1;1;1;1;1;1;1;1;1;1;1;1;1;1;1;1;1;1;1;1;1;1;1;1;
37030000;1965;2;0;0;0;0;0;0;0;0;0;0;0;0;0;0;0;0;0;0;0;0;0;0;0;0;0;0;0;0;-;-;-;1;1;1;1;1;1;1;1;1;1;1;1;1;1;1;1;1;1;1;1;1;1;1;1;1;1;1;1;0;0;0;
37030000;1965;3;0;0;0;0;0;0;0;0;0;0;0;0;0;0;0;0;0;0;0;0;0;0;3,71;6,9;5,24;2,08;0,776;0,295;18,9;28,8;18,8;1;1;1;1;1;1;1;1;1;1;1;1;1;1;1;1;1;1;1;1;1;1;1;1;1;1;1;1;1;1;1;
37030000;1965;4;56,7;19,8;9,83;35,2;37,8;44,8;27,4;16,8;66,1;160;59,3;31,9;35,4;36,7;56,4;51,9;85,6;143;172;116;127;165;95,6;136;86,8;45,1;37,8;36,4;24,6;65,4;-;1;1;1;1;1;1;1;1;1;1;1;1;1;1;1;1;1;1;1;1;1;1;1;1;1;1;1;1;1;1;0;
37030000;1965;5;427;292;117;130;232;121;79;86;58;38,1;29;23,8;19,1;17,2;16,3;15,2;12,1;10,2;12,5;10,9;7,62;5,61;4,45;4,25;3,91;2,92;2,78;2,7;2,47;2,44;2,7;1;1;1;1;1;1;1;1;1;1;1;1;1;1;1;1;1;1;1;1;1;1;1;1;1;1;1;1;1;1;1;
37030000;1965;6;1,98;1,6;1,43;2,14;2,53;1,55;2,41;2,97;3;1,83;1,6;1,2;3,89;6,39;12,3;14;10;7,45;7,32;5,76;5,15;3,92;2,89;2,1;1,56;1,43;1,38;1,38;0,927;0,647;-;1;1;1;1;1;1;1;1;1;1;1;1;1;1;1;1;1;1;1;1;1;1;1;1;1;1;1;1;1;1;0;
37030000;1965;7;0,79;0,736;0,612;0,612;0,612;0,561;0,444;0,364;0;0;0;0;0;0;0;0;0;0;0;0;0;0;0;0;0;0;0;0;0;0;0;1;1;1;1;1;1;1;1;1;1;1;1;1;1;1;1;1;1;1;1;1;1;1;1;1;1;1;1;1;1;1;
37030000;1965;8;0;0;0;0;0;0;0;0;0;0;0;0;0;0;0;0;0;0;0;0;0;0;0;0;0;0;0;0;0;0;0;1;1;1;1;1;1;1;1;1;1;1;1;1;1;1;1;1;1;1;1;1;1;1;1;1;1;1;1;1;1;1;
37030000;1965;9;0;0;0;0;0;0;0;0;0;0;0;0;0;0;0;0;0;0;0;0;0;0;0;0;0;0;0;0;0;0;-;1;1;1;1;1;1;1;1;1;1;1;1;1;1;1;1;1;1;1;1;1;1;1;1;1;1;1;1;1;1;0;
37030000;1965;10;0;0;0;0;0;0;0;0;0;0;0;0;0;0;0;0;0;0;0;0;0;0;0;0;0;0;0;0;0;0;0;1;1;1;1;1;1;1;1;1;1;1;1;1;1;1;1;1;1;1;1;1;1;1;1;1;1;1;1;1;1;1;
37030000;1965;11;0;0;0;0;0;0;0;0;0;0;0;0;0;0;0;0;0;0;0;0;0;0;0;0;0;0;0;0;0;0;-;1;1;1;1;1;1;1;1;1;1;1;1;1;1;1;1;1;1;1;1;1;1;1;1;1;1;1;1;1;1;0;
37030000;1965;12;0;0;0;0;0;0;0;0;0;0;0;0;0;0;0;0;0;0;0;0;0;0;0;0;0;0;0;0;0;0;0;1;1;1;1;1;1;1;1;1;1;1;1;1;1;1;1;1;1;1;1;1;1;1;1;1;1;1;1;1;1;1;
37030000;1966;1;0;0;0;0;0;0;0;0;0;0;0;0;0;0;0;0;0;0;0;0;0;0;0;0;0;0;0;0;0;0;0;1;1;1;1;1;1;1;1;1;1;1;1;1;1;1;1;1;1;1;1;1;1;1;1;1;1;1;1;1;1;1;
37030000;1966;2;0;0;0;0;0;0;0;0;0;0;0;0;0;0;0;0;0;38,6;7,65;3,32;1,67;0,814;0,247;0,041;0;0;0;0;-;-;-;1;1;1;1;1;1;1;1;1;1;1;1;1;1;1;1;1;1;1;1;1;1;1;1;1;1;1;1;0;0;0;
37030000;1966;3;0;0;0;0;0;0;0;0;0;0;0;0;0;0;0;0;1,7;1,1;0,511;0;0;0;0;0;0;0;0;0;0;0;0;1;1;1;1;1;1;1;1;1;1;1;1;1;1;1;1;1;1;1;1;1;1;1;1;1;1;1;1;1;1;1;
37030000;1966;4;0;0;0;0;0;0;0;0;0;3,4;5,65;4,78;12,1;15,5;14,2;5,92;3,38;2,18;1,62;1,26;1;0,846;1,6;3,53;3,73;2,91;1,33;1,01;0,72;0,665;-;1;1;1;1;1;1;1;1;1;1;1;1;1;1;1;1;1;1;1;1;1;1;1;1;1;1;1;1;1;1;0;
37030000;1966;5;0,561;0,413;0,317;0,182;0,11;0,068;0,098;0,517;0,176;1,22;2,06;0,886;0,683;0,382;0,37;4,35;1,45;0,829;1,3;0,794;0,319;0,11;0,068;0;0,382;1,29;1,31;0,904;0,736;0,511;0,317;1;1;1;1;1;1;1;1;1;1;1;1;1;1;1;1;1;1;1;1;1;1;1;1;1;1;1;1;1;1;1;
37030000;1966;6;0,182;0,138;0,096;0,068;1,56;1,58;1,1;0,701;0,494;0,444;0,396;0,864;1,06;0,94;0,846;0,736;0,511;0,286;0,211;0,167;0,068;0;0;0;0;0;0;0;0;0;-;1;1;1;1;1;1;1;1;1;1;1;1;1;1;1;1;1;1;1;1;1;1;1;1;1;1;1;1;1;1;0;
37030000;1966;7;0;0;0;0;0;0;0;0;0;0;0;0;0;0;0;0;0;0;0;0;0;0;0;0;0;0;0;0;0;0;0;1;1;1;1;1;1;1;1;1;1;1;1;1;1;1;1;1;1;1;1;1;1;1;1;1;1;1;1;1;1;1;
37030000;1966;8;0;0;0;0;0;0;0;0;0;0;0;0;0;0;0;0;0;0;0;0;0;0;0;0;0;0;0;0;0;0;0;1;1;1;1;1;1;1;1;1;1;1;1;1;1;1;1;1;1;1;1;1;1;1;1;1;1;1;1;1;1;1;
37030000;1966;9;0;0;0;0;0;0;0;0;0;0;0;0;0;0;0;0;0;0;0;0;0;0;0;0;0;0;0;0;0;0;-;1;1;1;1;1;1;1;1;1;1;1;1;1;1;1;1;1;1;1;1;1;1;1;1;1;1;1;1;1;1;0;
37030000;1966;10;0;0;0;0;0;0;0;0;0;0;0;0;0;0;0;0;0;0;0;0;0;0;0;0;0;0;0;0;0;0;0;1;1;1;1;1;1;1;1;1;1;1;1;1;1;1;1;1;1;1;1;1;1;1;1;1;1;1;1;1;1;1;
37030000;1966;11;0;0;0;0;0;0;0;0;0;0;0;0;0;0;0;0;0;0;0;0;0;0;0;0;0;0;0;0;0;0;-;1;1;1;1;1;1;1;1;1;1;1;1;1;1;1;1;1;1;1;1;1;1;1;1;1;1;1;1;1;1;0;
37030000;1966;12;0;0;0;0;0;0;0;0;0;0;0;0;0;0;0;0;0;0;0;0;0;0;0;0;0;0;0;0;0;0;0;1;1;1;1;1;1;1;1;1;1;1;1;1;1;1;1;1;1;1;1;1;1;1;1;1;1;1;1;1;1;1;
37030000;1967;1;0;0;0;0;0;0;0;0;0;0;0;0;0;0;0;0;0;0;0;0;0;0;0;0;0;0;0;0;0;0;0;1;1;1;1;1;1;1;1;1;1;1;1;1;1;1;1;1;1;1;1;1;1;1;1;1;1;1;1;1;1;1;
37030000;1967;2;0;0;0;0;0;0;0;0;0;0;0;0;0;0;0;0;0;0;0;0;0;0;0;0;0;0;0;0;-;-;-;1;1;1;1;1;1;1;1;1;1;1;1;1;1;1;1;1;1;1;1;1;1;1;1;1;1;1;1;0;0;0;
37030000;1967;3;0;0;0;0;0;0;0;0;0;0;0;0;0;0;30,7;23,4;27,2;8,64;6,1;3,66;13,7;15,8;9,69;5,62;4,19;7,37;21,3;21,1;13,8;50,9;74,1;1;1;1;1;1;1;1;1;1;1;1;1;1;1;1;1;1;1;1;1;1;1;1;1;1;1;1;1;1;1;1;
37030000;1967;4;22;27,7;68,2;62,4;168;665;235;371;310;101;52,8;61,6;69;92;131;86,7;56,8;67,5;49,4;37,8;244;-;92,2;45,9;46,7;155;109;48,3;42;40,7;-;1;1;1;1;1;1;1;1;1;1;1;1;1;1;1;1;1;1;1;1;1;0;1;1;1;1;1;1;1;1;0;
37030000;1967;5;34,4;72,1;50,5;65,6;290;121;56,7;88,7;295;820;519;324;243;145;137;131;60,3;40,4;35,6;44,3;34,7;32,2;35,1;32,1;22,5;19,5;18,3;14,4;11,3;10,1;9,78;1;1;1;1;1;1;1;1;1;1;1;1;1;1;1;1;1;1;1;1;1;1;1;1;1;1;1;1;1;1;1;
37030000;1967;6;9,64;9,15;7,86;6,57;5,93;5,5;4,98;5,05;4,91;4,71;4,38;3,82;3,22;2,78;2,62;2,34;1,99;1,87;1,56;1,26;1,24;1,14;0,827;0,736;0,7;0,647;0,561;0,494;0,444;0,396;-;1;1;1;1;1;1;1;1;1;1;1;1;1;1;1;1;1;1;1;1;1;1;1;1;1;1;1;1;1;1;0;
37030000;1967;7;0,579;0,848;1,02;0,754;0,511;0,317;0,212;0,096;0;0;0;0;0;0;0;0;0;0;0;0;0;0;0;0;0;0;0;0;0;0;0;1;1;1;1;1;1;1;1;1;1;1;1;1;1;1;1;1;1;1;1;1;1;1;1;1;1;1;1;1;1;1;
37030000;1967;8;0;0;0;0;0;0;0;0;0;0;0;0;0;0;0;0;0;0;0;0;0;0;0;0;0;0;0;0;0;0;0;1;1;1;1;1;1;1;1;1;1;1;1;1;1;1;1;1;1;1;1;1;1;1;1;1;1;1;1;1;1;1;
37030000;1967;9;0;0;0;0;0;0;0;0;0;0;0;0;0;0;0;0;0;0;0;0;0;0;0;0;0;0;0;0;0;0;-;1;1;1;1;1;1;1;1;1;1;1;1;1;1;1;1;1;1;1;1;1;1;1;1;1;1;1;1;1;1;0;
37030000;1967;10;0;0;0;0;0;0;0;0;0;0;0;0;0;0;0;0;0;0;0;0;0;0;0;0;0;0;0;0;0;0;0;1;1;1;1;1;1;1;1;1;1;1;1;1;1;1;1;1;1;1;1;1;1;1;1;1;1;1;1;1;1;1;
37030000;1967;11;0;0;0;0;0;0;0;0;0;0;0;0;0;0;0;0;0;0;0;0;0;0;0;0;0;0;0;0;0;0;-;1;1;1;1;1;1;1;1;1;1;1;1;1;1;1;1;1;1;1;1;1;1;1;1;1;1;1;1;1;1;0;
37030000;1967;12;0;0;0;0;0;0;0;0;0;0;0;0;0;0;0;0;0;0;0;0;0;0;0;0;0;0;0;0;0;0;0;1;1;1;1;1;1;1;1;1;1;1;1;1;1;1;1;1;1;1;1;1;1;1;1;1;1;1;1;1;1;1;
37030000;1968;1;0;0;0;0;0;0;0;0;0;0;0;0;0;0;0;0;0;0;0;0;0;0;0;0;0;0;0;0;0;0;0;1;1;1;1;1;1;1;1;1;1;1;1;1;1;1;1;1;1;1;1;1;1;1;1;1;1;1;1;1;1;1;
37030000;1968;2;0;0;0;0;0;0;0;0;0;0;0;0;0;0;0;0;0;0;0;0;0;0;0;0;0;0;0;0;0;-;-;1;1;1;1;1;1;1;1;1;1;1;1;1;1;1;1;1;1;1;1;1;1;1;1;1;1;1;1;1;0;0;
37030000;1968;3;0;0;0;0;0;0;0;0;0;0;0;0;0;0;0;0;0;0;0;0;1,33;0,972;0,614;13,1;40,7;33,9;27,5;20,1;15,1;11,7;10,1;1;1;1;1;1;1;1;1;1;1;1;1;1;1;1;1;1;1;1;1;1;1;1;1;1;1;1;1;1;1;1;
37030000;1968;4;8,93;6,96;5,94;4,98;4,09;3,55;2,67;2,12;1,51;1,24;1,04;0,94;0,736;0,511;0,407;0,303;0,2;0,096;0,638;0,872;1,3;2,47;6,29;9,74;10,6;13,8;10,8;9,24;7,98;5,61;-;1;1;1;1;1;1;1;1;1;1;1;1;1;1;1;1;1;1;1;1;1;1;1;1;1;1;1;1;1;1;0;
37030000;1968;5;4,58;4,38;6,57;8,19;9,32;10,3;38,3;233;137;98,6;58,1;39,3;32,8;23,1;19,5;16,5;15,5;16,9;17,2;14,7;11,3;9,38;8,75;8,3;6,42;6,23;5,47;4,74;4,19;3,58;3,12;1;1;1;1;1;1;1;1;1;1;1;1;1;1;1;1;1;1;1;1;1;1;1;1;1;1;1;1;1;1;1;
37030000;1968;6;3;3,28;2,78;1,97;1,69;1,28;1,08;1,7;0,922;0,613;0,494;0,396;0,333;0,286;0,364;0,182;0;0,056;0,041;0;0;0;0;0;0;0;0;0;0;0;-;1;1;1;1;1;1;1;1;1;1;1;1;1;1;1;1;1;1;1;1;1;1;1;1;1;1;1;1;1;1;0;
37030000;1968;7;0;0;0;0;0;0;0;0;0;0;0;0;0;0;0;0;0;0;0;0;0;0;0;0;0;0;0;0;0;0;0;1;1;1;1;1;1;1;1;1;1;1;1;1;1;1;1;1;1;1;1;1;1;1;1;1;1;1;1;1;1;1;
37030000;1968;8;0;0;0;0;0;0;0;0;0;0;0;0;0;0;0;0;0;0;0;0;0;0;0;0;0;0;0;0;0;0;0;1;1;1;1;1;1;1;1;1;1;1;1;1;1;1;1;1;1;1;1;1;1;1;1;1;1;1;1;1;1;1;
37030000;1968;9;0;0;0;0;0;0;0;0;0;0;0;0;0;0;0;0;0;0;0;0;0;0;0;0;0;0;0;0;0;0;-;1;1;1;1;1;1;1;1;1;1;1;1;1;1;1;1;1;1;1;1;1;1;1;1;1;1;1;1;1;1;0;
37030000;1968;10;0;0;0;0;0;0;0;0;0;0;0;0;0;0;0;0;0;0;0;0;0;0;0;0;0;0;0;0;0;0;0;1;1;1;1;1;1;1;1;1;1;1;1;1;1;1;1;1;1;1;1;1;1;1;1;1;1;1;1;1;1;1;
37030000;1968;11;0;0;0;0;0;0;0;0;0;0;0;0;0;0;0;0;0;0;0;0;0;0;0;0;0;0;0;0;0;0;-;1;1;1;1;1;1;1;1;1;1;1;1;1;1;1;1;1;1;1;1;1;1;1;1;1;1;1;1;1;1;0;
37030000;1968;12;0;0;0;0;0;0;0;0;0;0;0;0;0;0;0;0;0;0;0;0;0;0;0;0;0;0;0;0;0;0;0;1;1;1;1;1;1;1;1;1;1;1;1;1;1;1;1;1;1;1;1;1;1;1;1;1;1;1;1;1;1;1;
37030000;1969;1;0;0;0;0;0;0;0;0;0;0;0;0;0;0;0;0;0;0;0;0;0;0;0;0;0;0;0;0;0;0;0;1;1;1;1;1;1;1;1;1;1;1;1;1;1;1;1;1;1;1;1;1;1;1;1;1;1;1;1;1;1;1;
37030000;1969;2;0;0;0;0;0;0;0;0;0;0;0;0;0;0;0;0;0;0;0;0;0;0;0;0;0;0;0;0;-;-;-;1;1;1;1;1;1;1;1;1;1;1;1;1;1;1;1;1;1;1;1;1;1;1;1;1;1;1;1;0;0;0;
37030000;1969;3;0;0;0;0;0;0;0;0;0;0;0;0;0;0;0;0;0;0;0;0;0;0;0;0;0;0;0;0;0;0;0;1;1;1;1;1;1;1;1;1;1;1;1;1;1;1;1;1;1;1;1;1;1;1;1;1;1;1;1;1;1;1;
37030000;1969;4;0;0;0;0;0;0,173;0;0;0;0;0;0;0;0;0;0;0;0;0;0;0;0;0;0;0;0;0;0;0;0;-;1;1;1;1;1;1;1;1;1;1;1;1;1;1;1;1;1;1;1;1;1;1;1;1;1;1;1;1;1;1;0;
37030000;1969;5;0;0;0;0;0;0;0;0;0;1,49;9,25;9,82;7,07;5,58;4,22;3,25;2,57;1,97;1,64;1,45;1,11;0,846;0,682;0,717;0,527;0,647;0,396;0,257;0,11;0;0;1;1;1;1;1;1;1;1;1;1;1;1;1;1;1;1;1;1;1;1;1;1;1;1;1;1;1;1;1;1;1;
37030000;1969;6;0;0;0;0;0;0;0;0;0;0;0;0;0;0;0;0;0;0;0;0;0;0;0;0;0;0;0;0;0;0;-;1;1;1;1;1;1;1;1;1;1;1;1;1;1;1;1;1;1;1;1;1;1;1;1;1;1;1;1;1;1;0;
37030000;1969;7;0;0;0;0;0;0;0;0;0;0;0;0;0;0;0;0;0;0;0;0;0;0;0;0;0;0;0;0;0;0;0;1;1;1;1;1;1;1;1;1;1;1;1;1;1;1;1;1;1;1;1;1;1;1;1;1;1;1;1;1;1;1;
37030000;1969;8;0;0;0;0;0;0;0;0;0;0;0;0;0;0;0;0;0;0;0;0;0;0;0;0;0;0;0;0;0;0;0;1;1;1;1;1;1;1;1;1;1;1;1;1;1;1;1;1;1;1;1;1;1;1;1;1;1;1;1;1;1;1;
37030000;1969;9;0;0;0;0;0;0;0;0;0;0;0;0;0;0;0;0;0;0;0;0;0;0;0;0;0;0;0;0;0;0;-;1;1;1;1;1;1;1;1;1;1;1;1;1;1;1;1;1;1;1;1;1;1;1;1;1;1;1;1;1;1;0;
37030000;1969;10;0;0;0;0;0;0;0;0;0;0;0;0;0;0;0;0;0;0;0;0;0;0;0;0;0;0;0;0;0;0;0;1;1;1;1;1;1;1;1;1;1;1;1;1;1;1;1;1;1;1;1;1;1;1;1;1;1;1;1;1;1;1;
37030000;1969;11;0;0;0;0;0;0;0;0;0;0;0;0;0;0;0;0;0;0;0;0;0;0;0;0;0;0;0;0;0;0;-;1;1;1;1;1;1;1;1;1;1;1;1;1;1;1;1;1;1;1;1;1;1;1;1;1;1;1;1;1;1;0;
37030000;1969;12;0;0;0,027;0,027;0,027;0,027;0,069;0,069;0,027;0,041;0,041;0;0;0;0;0;0;0;0;0;0;0;0;0;0;0;0;0;0;0;0;1;1;1;1;1;1;1;1;1;1;1;1;1;1;1;1;1;1;1;1;1;1;1;1;1;1;1;1;1;1;1;
37030000;1970;1;0;0;0;0;0;0;0;0;0;0;0;0;0;0;0;0;0;0;0;0;0;0;0,144;0;0;0;0;0;0;0;0;1;1;1;1;1;1;1;1;1;1;1;1;1;1;1;1;1;1;1;1;1;1;1;1;1;1;1;1;1;1;1;
37030000;1970;2;0;0;0;0;0;0;0;0;0;0;0;0;0;0;0;0;0;0;0;0;0;0;0;0;0;0;0;0;-;-;-;1;1;1;1;1;1;1;1;1;1;1;1;1;1;1;1;1;1;1;1;1;1;1;1;1;1;1;1;0;0;0;
37030000;1970;3;0;0;0;0;0;0;0;0;0;0;0;0;0;0;0;0;0;0;0;0;0;0;0;0,084;0;0;0;0;0;0;0;1;1;1;1;1;1;1;1;1;1;1;1;1;1;1;1;1;1;1;1;1;1;1;1;1;1;1;1;1;1;1;
37030000;1970;4;0;0;0;0;0;0;0;0;0;0;0;0;0;0;0;0;0;0;0;0;0;0;0;0;0;0;0;0;0;0;-;1;1;1;1;1;1;1;1;1;1;1;1;1;1;1;1;1;1;1;1;1;1;1;1;1;1;1;1;1;1;0;
37030000;1970;5;0;0;0;0;0;0;0;0;0;0;0;0;0;0;0;0;0;0;0;0;0;0;0;0;0;0;0;0;0;0;0;1;1;1;1;1;1;1;1;1;1;1;1;1;1;1;1;1;1;1;1;1;1;1;1;1;1;1;1;1;1;1;
37030000;1970;6;0;0;0;0;0;0;0;0;0;0;0;0;0;0;0;0;0;0;0;0;0;0;0;0;0;0;0;0;0;0;-;1;1;1;1;1;1;1;1;1;1;1;1;1;1;1;1;1;1;1;1;1;1;1;1;1;1;1;1;1;1;0;
37030000;1970;7;0;0;0;0;0;0;0;0;0;0;0;0;0;0;0;0;0;0;0;0;0;0;0;0;0;0;0;0;0;0;0;1;1;1;1;1;1;1;1;1;1;1;1;1;1;1;1;1;1;1;1;1;1;1;1;1;1;1;1;1;1;1;
37030000;1970;8;0;0;0;0;0;0;0;0;0;0;0;0,068;0,068;0;0,138;0,138;0,138;0,138;0,138;0,138;0,138;0;0;0;0;0;0;0;0;0;0;1;1;1;1;1;1;1;1;1;1;1;1;1;1;1;1;1;1;1;1;1;1;1;1;1;1;1;1;1;1;1;
37030000;1970;9;0;0;0;0;0;0;0;0;0;0;0;0;0;0;0;0;0;0;0;0;0;0;0;0;0;0;0,068;0,068;0,068;0,138;-;1;1;1;1;1;1;1;1;1;1;1;1;1;1;1;1;1;1;1;1;1;1;1;1;1;1;1;1;1;1;0;
37030000;1970;10;0,138;0,138;0,138;0,138;0;0;0;0;0;0;0,211;0,211;0,211;0,286;0,286;0,286;0;0;0;0;0,197;0,286;0,113;0,067;0,099;0,182;0,286;0,364;0,364;0,396;0,444;1;1;1;1;1;1;1;1;1;1;1;1;1;1;1;1;1;1;1;1;1;1;1;1;1;1;1;1;1;1;1;
37030000;1970;11;0,477;0,444;0,444;0,444;0,444;0,444;0,527;0,463;0;0;0;0;0;0;0;0;0;0;0;0;0;0;0;0;0;0;0;0;0;0;-;1;1;1;1;1;1;1;1;1;1;1;1;1;1;1;1;1;1;1;1;1;1;1;1;1;1;1;1;1;1;0;
37030000;1970;12;0;0;0;0;0;0;0,004;0,008;0;0;0,041;0;0;0;0,068;0,027;0,068;0,068;0,068;0,068;0,068;0,068;0,051;0,034;0,017;0;0;0;0;0;0;1;1;1;1;1;1;1;1;1;1;1;1;1;1;1;1;1;1;1;1;1;1;1;1;1;1;1;1;1;1;1;
37030000;1971;1;0;0;0;0;0;0;0;0;0;0;0;0;0;0;0;0;0;0;0;0;0;0;0;0;0;0;0;0;0;0;0;1;1;1;1;1;1;1;1;1;1;1;1;1;1;1;1;1;1;1;1;1;1;1;1;1;1;1;1;1;1;1;
37030000;1971;2;0;0;0;0;0;0;0;0;0;0;0;0;0;0;0;0;0;0;0;0;0;0;0;0;0;0;0;0;-;-;-;1;1;1;1;1;1;1;1;1;1;1;1;1;1;1;1;1;1;1;1;1;1;1;1;1;1;1;1;0;0;0;
37030000;1971;3;0;0;0;0;0;0;0;0;0;0;0;0;0;0;0;0;0;0;0;0;0;0;0;0;0;0;0,151;0,602;0;0;0;1;1;1;1;1;1;1;1;1;1;1;1;1;1;1;1;1;1;1;1;1;1;1;1;1;1;1;1;1;1;1;
37030000;1971;4;0;0;0;0;0;1,53;2,3;0,808;3,86;1,35;0,904;0,47;1,54;2,07;2,41;2,02;0,197;0;0;0;0;0;1,08;8,47;2,16;0,872;0,499;1,58;2,05;1,24;-;1;1;1;1;1;1;1;1;1;1;1;1;1;1;1;1;1;1;1;1;1;1;1;1;1;1;1;1;1;1;0;
37030000;1971;5;0,967;0,413;0,182;0,138;0;0;0;0;0;0;0,211;0;0;0;0;0;0;0;0;0;0;0;0;0;0;0;0;0;0;0;0;1;1;1;1;1;1;1;1;1;1;1;1;1;1;1;1;1;1;1;1;1;1;1;1;1;1;1;1;1;1;1;
37030000;1971;6;0;0;0,333;0,718;0,527;0,864;1,51;2,02;2,14;2,06;3,55;3,97;4,06;3,91;3,75;3,34;3;2,52;2,29;1,94;1,71;1,45;1,34;1,1;1,02;0,978;0,665;0,579;0,494;0,333;-;1;1;1;1;1;1;1;1;1;1;1;1;1;1;1;1;1;1;1;1;1;1;1;1;1;1;1;1;1;1;0;
37030000;1971;7;0,182;0,138;0,068;0;0;0;0;0;0;0;0;0;0;0;0;0;0;0;0;0;0;0;0;0;0;0;0;0;0;0;0;1;1;1;1;1;1;1;1;1;1;1;1;1;1;1;1;1;1;1;1;1;1;1;1;1;1;1;1;1;1;1;
37030000;1971;8;0;0;0;0;0;0;0;0;0;0;0;0;0;0;0;0;0;0;0;0;0;0;0;0;0;0;0;0;0;0;0;1;1;1;1;1;1;1;1;1;1;1;1;1;1;1;1;1;1;1;1;1;1;1;1;1;1;1;1;1;1;1;
37030000;1971;9;0;0;0;0;0;0;0;0;0;0;0;0;0;0;0;0;0;0;0;0;0;0;0;0;0;0;0;0;0;0,026;-;1;1;1;1;1;1;1;1;1;1;1;1;1;1;1;1;1;1;1;1;1;1;1;1;1;1;1;1;1;1;0;
37030000;1971;10;0,138;0,333;0,444;0,51;0,527;0,561;0,665;0,612;0,527;0,527;0,561;0,527;0,477;0;0;0;0;0;0;0;0;0;0;0;0;0;0;0;0;0;0;1;1;1;1;1;1;1;1;1;1;1;1;1;1;1;1;1;1;1;1;1;1;1;1;1;1;1;1;1;1;1;
37030000;1971;11;0;0;0;0;0;0;0;0;0;0;0;0;0;0;0;0;0;0;0,014;0,096;0,241;0,286;0,317;0,304;0,211;0,167;0,182;0,138;0,068;0,154;-;1;1;1;1;1;1;1;1;1;1;1;1;1;1;1;1;1;1;1;1;1;1;1;1;1;1;1;1;1;1;0;
37030000;1971;12;0,182;0,138;0,068;0,027;0,11;0,286;0,364;0,364;0,444;0,494;0,527;0,527;0,527;0,333;0,333;0,317;0,286;0,429;0,286;0,055;0;0;0;0;0;0;0;0;0;0;0;1;1;1;1;1;1;1;1;1;1;1;1;1;1;1;1;1;1;1;1;1;1;1;1;1;1;1;1;1;1;1;
37030000;1972;1;0;0;0;0;0;0;0;0;0;0;0;0;0;0;0;0;0;0;0,272;0,511;0,444;0,444;0,364;0,444;0,444;0,396;0,444;0,444;0,527;2,71;0,527;1;1;1;1;1;1;1;1;1;1;1;1;1;1;1;1;1;1;1;1;1;1;1;1;1;1;1;1;1;1;1;
37030000;1972;2;0,444;0,444;0,444;0;0;0;0;0;0;0;0;0;0;0;0,801;4,88;0,993;0,603;0,112;0,142;0;0;0;0;0;0;0;0;0;-;-;1;1;1;1;1;1;1;1;1;1;1;1;1;1;1;1;1;1;1;1;1;1;1;1;1;1;1;1;1;0;0;
37030000;1972;3;0;0;0;0;0;0;0,027;0;0;0;0;0;0;0;0;0,257;0,211;0,138;0,138;0,138;0,211;0,211;0,211;0,211;0,138;0,138;0,068;0,068;0,211;0,211;0,211;1;1;1;1;1;1;1;1;1;1;1;1;1;1;1;1;1;1;1;1;1;1;1;1;1;1;1;1;1;1;1;
37030000;1972;4;0,286;0,522;1,04;0,978;0,94;0,883;0,79;0,79;0,7;0,612;0,527;0,444;0,317;0,211;0,175;0,103;0,034;0;1,26;2,44;4,74;17,2;25,6;19,8;10,5;12,2;25,6;33,4;28,4;91,9;-;1;1;1;1;1;1;1;1;1;1;1;1;1;1;1;1;1;1;1;1;1;1;1;1;1;1;1;1;1;1;0;
37030000;1972;5;95,3;54;41,8;18,6;15,2;11,7;8,41;8,66;7,51;6,93;5,86;5,15;4,64;4,16;3,77;3,25;2,97;2,77;2,5;2,19;2;1,77;1,55;1,44;1,66;1,55;1,55;2,19;2,7;3,7;4,48;1;1;1;1;1;1;1;1;1;1;1;1;1;1;1;1;1;1;1;1;1;1;1;1;1;1;1;1;1;1;1;
37030000;1972;6;4,64;4,81;4,64;4,73;4,56;4,56;4,4;4,24;4,08;3,92;3,77;3,62;3,47;3,62;3,4;3,11;2,51;1,33;1,71;2,06;2,31;2,06;1,95;1,77;1,6;1,55;1,55;1,49;1,38;1,18;-;1;1;1;1;1;1;1;1;1;1;1;1;1;1;1;1;1;1;1;1;1;1;1;1;1;1;1;1;1;1;0;
37030000;1972;7;1,08;1,18;1,03;0,883;0,79;0,57;0,612;0,527;0,404;0,249;0,249;0,211;0,138;0,068;0;0;0;0;0;0;0;0;0;0;0;0;0;0;0;0;0;1;1;1;1;1;1;1;1;1;1;1;1;1;1;1;1;1;1;1;1;1;1;1;1;1;1;1;1;1;1;1;
37030000;1972;8;0;0;0;0;0;0;0;0;0;0;0;0;0;0;0;0;0;0;0;0;0;0;0;0;0;0;0;0;0;0;0;1;1;1;1;1;1;1;1;1;1;1;1;1;1;1;1;1;1;1;1;1;1;1;1;1;1;1;1;1;1;1;
37030000;1972;9;0;0;0;0;0;0;0;0;0;0;0;0;0;0;0;0;0;0;0;0;0;0;0;0;0;0;0;0;0;0;-;1;1;1;1;1;1;1;1;1;1;1;1;1;1;1;1;1;1;1;1;1;1;1;1;1;1;1;1;1;1;0;
37030000;1972;10;0;0;0;0;0;0;0;0;0;0;0;0;0,041;0,041;0,068;0,068;0;0;0;0,208;0,247;0,286;0,249;0,211;0,286;0,286;0,249;0,211;0,286;0,364;0,325;1;1;1;1;1;1;1;1;1;1;1;1;1;1;1;1;1;1;1;1;1;1;1;1;1;1;1;1;1;1;1;
37030000;1972;11;0,286;0,286;0,286;0,286;0,286;0,364;0,364;0,364;0;0;0;0;0;0;0;0;0;0;0;0;0;0;0;0;0;0;0;0;0;0;-;1;1;1;1;1;1;1;1;1;1;1;1;1;1;1;1;1;1;1;1;1;1;1;1;1;1;1;1;1;1;0;
37030000;1972;12;0;0;0;0;0;0;0,528;0,745;0,79;0,79;0,836;0,883;0,883;0,791;0,527;0,486;0,527;0,614;1,03;1,18;0,251;0;0;0;0;0;0;0;0;0;0;1;1;1;1;1;1;1;1;1;1;1;1;1;1;1;1;1;1;1;1;1;1;1;1;1;1;1;1;1;1;1;
37030000;1973;1;0,054;0;0;0;0;0;0;0;0;0;0,063;0,054;0,045;0;0;0;0;0;0;0;0;0;0;0;0;0;0;0;0;0;0;1;1;1;1;1;1;1;1;1;1;1;1;1;1;1;1;1;1;1;1;1;1;1;1;1;1;1;1;1;1;1;
37030000;1973;2;0;0;0;0;0;0;0;0;0;0;0;0;0,036;0,036;0,036;0;0;0;0;0;0;0;0;0;0,336;0,459;0,254;0,072;-;-;-;1;1;1;1;1;1;1;1;1;1;1;1;1;1;1;1;1;1;1;1;1;1;1;1;1;1;1;1;0;0;0;
37030000;1973;3;0,063;0,081;0,86;0,254;0,172;0,09;0,09;0,418;0,788;0,716;0,644;0,295;0,09;0,09;0,172;0,131;0,09;0,081;0,081;0,072;0,072;0,072;0,072;0,072;0,063;0,063;0,063;0,131;0,081;0,081;0,072;1;1;1;1;1;1;1;1;1;1;1;1;1;1;1;1;1;1;1;1;1;1;1;1;1;1;1;1;1;1;1;
37030000;1973;4;0,081;0,172;0,131;0,072;0,063;0,063;0,072;0,172;0,213;0,377;0,254;0,295;0,377;0,788;0,5;4,88;9,35;33,3;24,5;20,5;17,6;14,1;10,7;8,45;6,53;6,53;10,4;69,8;101;145;-;1;1;1;1;1;1;1;1;1;1;1;1;1;1;1;1;1;1;1;1;1;1;1;1;1;1;1;1;1;1;0;
37030000;1973;5;157;156;93,2;77,2;54,6;26,1;16;11,7;7,52;8,96;16,6;38,3;35,4;23,2;16;12,6;10,6;6,2;4,44;5;4,26;3,54;3;2,84;2,69;2,53;3;5,8;7,04;5,8;4,8;1;1;1;1;1;1;1;1;1;1;1;1;1;1;1;1;1;1;1;1;1;1;1;1;1;1;1;1;1;1;1;
37030000;1973;6;4,08;3,54;3,9;4,44;5,8;6,2;6;5,6;5;3,9;4,08;3,9;3,54;3,54;3,54;3,54;3,9;3,9;2,84;2,53;2,69;2,53;2,53;2,22;2,22;2,53;2,38;2,38;2,38;2,53;-;1;1;1;1;1;1;1;1;1;1;1;1;1;1;1;1;1;1;1;1;1;1;1;1;1;1;1;1;1;1;0;
37030000;1973;7;2,38;2,38;2,06;1,75;1,75;1,6;1,6;1,44;1,23;1,02;0,92;0,92;0,816;0,712;0,712;0,608;0,608;0,816;0,712;0,363;0,067;0,03;0,027;0,027;0,027;0,504;1,91;1,91;1,6;1,23;0,92;1;1;1;1;1;1;1;1;1;1;1;1;1;1;1;1;1;1;1;1;1;1;1;1;1;1;1;1;1;1;1;
37030000;1973;8;0,712;0,816;0,92;0,92;0,816;0,816;0,712;0,712;0,504;0,608;0,608;0,608;0,4;0,252;0,104;0,03;0,03;0,027;0,024;0,021;0,018;0,018;0,018;0,018;0,018;0,015;0,012;0,012;0,012;0;0;1;1;1;1;1;1;1;1;1;1;1;1;1;1;1;1;1;1;1;1;1;1;1;1;1;1;1;1;1;1;1;
37030000;1973;9;0;0;0;0;0;0;0;0;0,252;0,252;0,252;0,252;0,252;0,215;0,215;0,215;0,252;0,252;0,215;0,215;0,215;0,027;0,021;0,018;0,015;0,015;0,012;0,012;0,009;0,009;-;1;1;1;1;1;1;1;1;1;1;1;1;1;1;1;1;1;1;1;1;1;1;1;1;1;1;1;1;1;1;0;
37030000;1973;10;0,009;0,006;0,006;0,006;0;0;0;0;0;0;0;0;0;0;0;0,178;0,178;0,141;0,067;0,021;0,018;0,015;0,015;0,018;0,018;0,018;0,021;0,021;0,021;0,021;0,021;1;1;1;1;1;1;1;1;1;1;1;1;1;1;1;1;1;1;1;1;1;1;1;1;1;1;1;1;1;1;1;
37030000;1973;11;0,021;0,018;0,018;0,018;0,018;0,018;0,018;0,018;0,018;0,021;0,021;0,021;0,021;0,021;0,021;0,018;0,018;0,018;0,018;0;0;0;0;0;0;0;0;0;0;0;-;1;1;1;1;1;1;1;1;1;1;1;1;1;1;1;1;1;1;1;1;1;1;1;1;1;1;1;1;1;1;0;
37030000;1973;12;0;0;0;0;0;0;0;0;0;0;0;0;0;0;0;0;0;0;0;0;0;0;0;0;0;0;0;0;0;0;0;1;1;1;1;1;1;1;1;1;1;1;1;1;1;1;1;1;1;1;1;1;1;1;1;1;1;1;1;1;1;1;
37030000;1974;1;0;0;0;0;0;0;0;0;0;0;0;0;0;0;0;0;0;0;0,03;0,363;0,215;0,178;0,504;12,6;33,3;30,2;28,9;34,3;36,5;28,9;25,7;1;1;1;1;1;1;1;1;1;1;1;1;1;1;1;1;1;1;1;1;1;1;1;1;1;1;1;1;1;1;1;
37030000;1974;2;15;17,3;29,3;80,1;63,9;66,4;51,8;35,4;23,6;15,3;10,9;7,76;6,8;22,8;33,3;29,8;20,9;15,7;18,7;141;86;47,6;37,1;37,1;43,7;41,2;57,6;60,7;-;-;-;1;1;1;1;1;1;1;1;1;1;1;1;1;1;1;1;1;1;1;1;1;1;1;1;1;1;1;1;0;0;0;
37030000;1974;3;50,4;47;44,4;43,7;36,5;37,7;32,8;27,5;21,6;20,5;18,7;21,6;54,6;59,1;50,4;37,7;31,2;24,9;27,5;29,3;56,8;182;220;207;124;99,8;62,2;49;56,1;58,4;41,2;1;1;1;1;1;1;1;1;1;1;1;1;1;1;1;1;1;1;1;1;1;1;1;1;1;1;1;1;1;1;1;
37030000;1974;4;31,7;29,8;26,1;34,3;117;142;228;124;76,2;63,9;67,2;66,4;162;215;154;87;80,1;185;475;449;359;379;113;267;665;302;124;168;284;131;-;1;1;1;1;1;1;1;1;1;1;1;1;1;1;1;1;1;1;1;1;1;1;1;1;1;1;1;1;1;1;0;
37030000;1974;5;83;69,8;59,9;73,4;46,3;50,4;41,2;40;34,9;42,4;68,1;72,5;85;81;56,8;41,8;33,3;30,7;27;27;22;19;16;15;14,7;13,8;14,1;13,2;12;50,4;72,5;1;1;1;1;1;1;1;1;1;1;1;1;1;1;1;1;1;1;1;1;1;1;1;1;1;1;1;1;1;1;1;
37030000;1974;6;53,9;47;34,9;26;20,1;14,8;13,4;9,58;9,58;8,92;7,82;7,03;6,27;5,89;5,22;5,06;4,74;4,42;4,1;3,58;4,9;4,74;4,74;4,74;4,42;4,1;3,71;3,71;3,58;3,45;-;1;1;1;1;1;1;1;1;1;1;1;1;1;1;1;1;1;1;1;1;1;1;1;1;1;1;1;1;1;1;0;
37030000;1974;7;3,06;2,7;2,28;2,38;1,75;1,67;3,06;4,1;4,42;4,9;5,22;4,58;3,84;3,58;3,45;6,27;9,14;8,48;8,04;6,46;4,74;4,1;3,71;3,71;3,32;2,7;2,38;2,06;1,75;1,52;1,37;1;1;1;1;1;1;1;1;1;1;1;1;1;1;1;1;1;1;1;1;1;1;1;1;1;1;1;1;1;1;1;
37030000;1974;8;1,22;1,07;0,835;0,615;0,413;0,265;0,265;0,191;0,117;0,08;0,064;0,064;0,056;0,064;0,064;0,064;0,064;0,056;0,056;0,048;0,04;0,302;0,67;0,615;0,45;0,117;0,064;0,04;0,04;0,032;0,024;1;1;1;1;1;1;1;1;1;1;1;1;1;1;1;1;1;1;1;1;1;1;1;1;1;1;1;1;1;1;1;
37030000;1974;9;0,016;0,032;0,376;0,413;0,376;0,302;0,191;0,08;0,08;0,08;0,117;0,117;0,08;0,08;0,08;0,08;0,228;0,339;0,302;0,302;0,302;0,339;0,339;0,339;0,339;0,302;0,302;0,302;0,302;0,302;-;1;1;1;1;1;1;1;1;1;1;1;1;1;1;1;1;1;1;1;1;1;1;1;1;1;1;1;1;1;1;0;
37030000;1974;10;0,302;0,302;0,339;0,339;0,302;0,302;0,302;0,302;0,302;0,413;0,413;0,413;0,376;0,376;0,339;0,265;0,228;0,191;0,154;0,154;0,117;0,08;0,413;0,45;0,45;0,45;0,413;0,339;0;0;0;1;1;1;1;1;1;1;1;1;1;1;1;1;1;1;1;1;1;1;1;1;1;1;1;1;1;1;1;1;1;1;
37030000;1974;11;0;0;0;0;0;0;0;0;0;0;0;0;0;0;0;0;0;0;0;0;0;0;0;0;0;0;0;0;0;0;-;1;1;1;1;1;1;1;1;1;1;1;1;1;1;1;1;1;1;1;1;1;1;1;1;1;1;1;1;1;1;0;
37030000;1974;12;0;0;0;0;0;0;0;0;0;0;0;0;0;0;0;0;0;0;0;0;0;0;0;0;0;0;0;0;0;0;0;1;1;1;1;1;1;1;1;1;1;1;1;1;1;1;1;1;1;1;1;1;1;1;1;1;1;1;1;1;1;1;
37030000;1975;1;0;0;0;0;0;0;0;0;0;0;0;0;0;0;0;0;0;0;0;0;0;0;0;0;0;0;0;0;0;0;0;1;1;1;1;1;1;1;1;1;1;1;1;1;1;1;1;1;1;1;1;1;1;1;1;1;1;1;1;1;1;1;
37030000;1975;2;0;0;0;0;0;0;0,67;0,45;0,45;0,56;0,615;0,615;0,67;0,56;0,56;0,67;0,615;0,615;0,56;0,117;0,072;0,154;0,08;0,064;0,056;0,072;0,056;0,056;-;-;-;1;1;1;1;1;1;1;1;1;1;1;1;1;1;1;1;1;1;1;1;1;1;1;1;1;1;1;1;0;0;0;
37030000;1975;3;0,056;0,064;0,08;0,376;0,615;0,505;5,54;3,58;12,9;17,3;91;83;64,7;26;10,6;1,3;3,58;8,26;10,3;8,26;6,27;6,08;5,54;5,54;6,46;7,41;6,84;6,46;6,27;5,89;5,38;1;1;1;1;1;1;1;1;1;1;1;1;1;1;1;1;1;1;1;1;1;1;1;1;1;1;1;1;1;1;1;
37030000;1975;4;4,74;4,26;3,84;3,58;3,32;2,93;2,48;2,17;1,86;1,6;1,37;1,22;1;0,835;0,615;0,56;0,505;0,45;0,67;0,89;0,78;0,725;0,67;4,9;7,22;16,7;29,8;33,8;36,5;42,4;-;1;1;1;1;1;1;1;1;1;1;1;1;1;1;1;1;1;1;1;1;1;1;1;1;1;1;1;1;1;1;0;
37030000;1975;5;59,9;87;103;136;165;180;76,2;54,6;26;16,7;12,9;9,36;9,36;9,58;9,36;9,14;9,36;18,3;72,5;109;102;65,6;46,3;26,9;19,4;16,1;15,1;14,5;13,7;13,4;13,7;1;1;1;1;1;1;1;1;1;1;1;1;1;1;1;1;1;1;1;1;1;1;1;1;1;1;1;1;1;1;1;
37030000;1975;6;13,7;13,1;12,3;11,6;11,1;10,8;9,8;9,36;8,7;8,26;7,82;7,41;6,84;6,27;5,89;5,38;5,06;4,74;4,58;4,42;4,26;4,74;4,58;4,1;3,97;3,84;4,26;4,74;5,38;6,08;-;1;1;1;1;1;1;1;1;1;1;1;1;1;1;1;1;1;1;1;1;1;1;1;1;1;1;1;1;1;1;0;
37030000;1975;7;6,08;6,08;5,7;5,38;5,38;5,22;5,06;5,06;4,9;5,38;4,9;5,06;5,54;5,89;5,54;5,38;5,22;5,22;5,06;4,9;4,58;4,42;3,97;3,58;3,19;2,93;2,59;2,38;2,38;2,28;2,17;1;1;1;1;1;1;1;1;1;1;1;1;1;1;1;1;1;1;1;1;1;1;1;1;1;1;1;1;1;1;1;
37030000;1975;8;2,17;2,06;1,86;1,52;1,3;1,15;1,15;1,07;1,07;1;1;0,945;0,835;0,725;0,67;0,615;0,505;0,45;0,413;0,376;0,302;0,265;0,228;0,154;0,117;0,08;0,08;0,056;0,048;0,04;0,032;1;1;1;1;1;1;1;1;1;1;1;1;1;1;1;1;1;1;1;1;1;1;1;1;1;1;1;1;1;1;1;
37030000;1975;9;0,024;0,024;0,016;0,008;0,008;0;-;-;-;-;-;-;0;0;0;0;0;0;0;0;0;0;0;0;0;0;0;0;0;0;-;1;1;1;1;1;1;0;0;0;0;0;0;1;1;1;1;1;1;1;1;1;1;1;1;1;1;1;1;1;1;0;
37030000;1975;10;-;-;-;-;-;1,15;1;0,89;0,725;0,615;0,78;1,15;1,22;1,22;1,22;1,22;1,15;1,15;1,15;1,15;1,22;1,22;1,22;1,15;1,15;1,15;1,07;1;1;1;1;0;0;0;0;0;1;1;1;1;1;1;1;1;1;1;1;1;1;1;1;1;1;1;1;1;1;1;1;1;1;1;
37030000;1975;11;0,89;0,78;0,56;0,56;0,56;0,505;0,45;0,413;0,339;0,302;0,191;0,08;0,117;0,191;0,339;0,56;0,78;0,835;0,835;0,835;0,835;0,835;0,835;0,835;0,835;0,78;0,78;0,78;0,78;0,78;-;1;1;1;1;1;1;1;1;1;1;1;1;1;1;1;1;1;1;1;1;1;1;1;1;1;1;1;1;1;1;0;
37030000;1975;12;0,78;0,78;0,78;0,78;0,78;0,835;0,835;0,835;0,835;0,78;0,78;0,78;0,78;0,78;0,78;0,78;0,78;0,78;0,725;0,725;0,725;0,725;0,725;0,725;0,725;0,725;0,725;0,725;0,725;0,725;0,725;1;1;1;1;1;1;1;1;1;1;1;1;1;1;1;1;1;1;1;1;1;1;1;1;1;1;1;1;1;1;1;
37030000;1976;1;0,725;0,67;0,67;0,67;0,67;0,615;0,505;0,302;0,191;0,08;0,376;0,67;0,67;0,945;1;1;1;1;1;1;1;1;1;1;1;1;1;0,835;0,615;0,302;0,302;1;1;1;1;1;1;1;1;1;1;1;1;1;1;1;1;1;1;1;1;1;1;1;1;1;1;1;1;1;1;1;
37030000;1976;2;0,302;0,302;0,339;0,376;0,376;0,376;0,376;0,376;0,376;0,376;0,376;0,339;0,339;0,339;0,339;0,339;0,302;0,265;0,191;0,154;0,154;0,117;0,064;0,056;0,056;0,056;0,032;0,024;0,016;-;-;1;1;1;1;1;1;1;1;1;1;1;1;1;1;1;1;1;1;1;1;1;1;1;1;1;1;1;1;1;0;0;
37030000;1976;3;0,064;0,339;0,835;1;0,945;0,725;8,26;38,9;177;180;120;75,1;39,6;23,8;15,4;12,9;9,8;6,95;4,5;3,01;1,48;4,01;10,4;9,8;6,95;3,68;4,72;10,7;20;65,2;211;1;1;1;1;1;1;1;1;1;1;1;1;1;1;1;1;1;1;1;1;1;1;1;1;1;1;1;1;1;1;1;
37030000;1976;4;287;203;171;189;178;157;115;90,8;76;58,7;59,6;73,3;81;93,2;109;99,2;79;85;124;166;196;171;142;113;87,2;60,6;42,2;27,8;18,7;11,3;-;1;1;1;1;1;1;1;1;1;1;1;1;1;1;1;1;1;1;1;1;1;1;1;1;1;1;1;1;1;1;0;
37030000;1976;5;5,82;3,01;2,08;1,83;1,4;1,22;1,22;1,13;1,13;0,7;0,47;0,378;0,24;0,12;0;0;0;0,144;0;0;0,048;0;0;0;0;0;0;0;0;0;0;1;1;1;1;1;1;1;1;1;1;1;1;1;1;1;1;1;1;1;1;1;1;1;1;1;1;1;1;1;1;1;
37030000;1976;6;0;0;0;0,216;0,096;0,072;0;0;0;0;0;0;0;0;0;0;0;0;0;0;0,096;0,024;0;0;0;0;0;0;0;0;-;1;1;1;1;1;1;1;1;1;1;1;1;1;1;1;1;1;1;1;1;1;1;1;1;1;1;1;1;1;1;0;
37030000;1976;7;0;0;0;0;0;0;0;0;0;0;0;0;0;0;0;0;0;0;0;0;0;0;0;0;0;0;0;0;0;0;0;1;1;1;1;1;1;1;1;1;1;1;1;1;1;1;1;1;1;1;1;1;1;1;1;1;1;1;1;1;1;1;
37030000;1976;8;0;0;0;0;0;0;0;0;0;0;0;0;0;0;0;0;0;0;0;0;0;0;0;0;0;0;0;0;0;0;0;1;1;1;1;1;1;1;1;1;1;1;1;1;1;1;1;1;1;1;1;1;1;1;1;1;1;1;1;1;1;1;
37030000;1976;9;0;0;0;0;0;0;0;0;0;0;0;0;0;0;0;0;0;0;0;0;0,192;0,192;0,216;0,24;0,216;0,216;0,216;0,216;0,216;0,216;-;1;1;1;1;1;1;1;1;1;1;1;1;1;1;1;1;1;1;1;1;1;1;1;1;1;1;1;1;1;1;0;
37030000;1976;10;0,216;0,24;0,192;0,024;0;0;0;0;0;0;0;0;0;0;0;0;0;0;0;0;0;0;0;0;0;0;0;0;0;0;0;1;1;1;1;1;1;1;1;1;1;1;1;1;1;1;1;1;1;1;1;1;1;1;1;1;1;1;1;1;1;1;
37030000;1976;11;0;0;0;0;0;0;0;0;0;0;0;0;0;0;0;0;0;0;0;0;0;0;0;0;0;0;0;0;0;0;-;1;1;1;1;1;1;1;1;1;1;1;1;1;1;1;1;1;1;1;1;1;1;1;1;1;1;1;1;1;1;0;
37030000;1976;12;0;0;0;0;0;0;0;0;0;0;0;0;0,048;0,048;0;0,072;0,096;0,168;0,168;0;0;0;0;0;0;0;0;0;0;0;0;1;1;1;1;1;1;1;1;1;1;1;1;1;1;1;1;1;1;1;1;1;1;1;1;1;1;1;1;1;1;1;
37030000;1977;1;0;0;0;0;0;0;0;0;0;0;0;0;0;0;0;0;0;0;0;0;0;0;0;0;0;0;0;0;0;0;0;1;1;1;1;1;1;1;1;1;1;1;1;1;1;1;1;1;1;1;1;1;1;1;1;1;1;1;1;1;1;1;
37030000;1977;2;0;0;0;0;0;0;0;0;0;0;0;0;0;0;0;0;0;0;0;0;0;0;0;0;0;0;0;0;-;-;-;1;1;1;1;1;1;1;1;1;1;1;1;1;1;1;1;1;1;1;1;1;1;1;1;1;1;1;1;0;0;0;
37030000;1977;3;0;0;0;0;0;0;0;0;0;0;0;0;0;0;0;0;0;0;0;0;0,608;18,3;10,7;9,2;10,7;6,7;7,7;6,04;6,7;5,6;7,95;1;1;1;1;1;1;1;1;1;1;1;1;1;1;1;1;1;1;1;1;1;1;1;1;1;1;1;1;1;1;1;
37030000;1977;4;5,82;4,94;48,8;42,2;23,8;22,3;15,8;36,3;51,2;157;59,6;38,9;31,1;26,8;32,2;29,9;29,9;29,4;27,3;25,2;24,7;38,3;37,6;35,7;35,7;34,5;56,1;93,2;146;250;-;1;1;1;1;1;1;1;1;1;1;1;1;1;1;1;1;1;1;1;1;1;1;1;1;1;1;1;1;1;1;0;
37030000;1977;5;259;224;228;605;542;224;134;86;57,8;49,5;35,7;29,9;27,3;22,3;19,6;19,6;17,9;15,8;17,1;16,2;15,1;13,6;11,9;9,2;7,45;6,7;6,26;5,16;4,34;3,68;3,18;1;1;1;1;1;1;1;1;1;1;1;1;1;1;1;1;1;1;1;1;1;1;1;1;1;1;1;1;1;1;1;
37030000;1977;6;2,85;2,47;2,21;7,45;12,2;15,8;17,9;35,1;35,7;32,8;29,9;27,8;27,3;21,9;17,9;12,2;8,7;6,7;4,5;4,5;3,35;2,85;1,57;1,57;2,21;4,17;5,16;5,38;5,16;4,5;-;1;1;1;1;1;1;1;1;1;1;1;1;1;1;1;1;1;1;1;1;1;1;1;1;1;1;1;1;1;1;0;
37030000;1977;7;3,18;3,84;4,34;2,85;3,18;3,68;6,48;5,6;2,59;1,95;2,59;3,01;2,72;1,7;1,48;0,7;0,874;1,48;1,7;0,787;1,13;0,654;0,516;0,47;0,47;0,378;0,562;0,562;0,608;0,7;0,608;1;1;1;1;1;1;1;1;1;1;1;1;1;1;1;1;1;1;1;1;1;1;1;1;1;1;1;1;1;1;1;
37030000;1977;8;0,516;0,47;0,424;0,378;0,378;0,332;0,332;0,332;0,332;0,286;0,286;0,286;0,24;0,24;0,24;0,216;0,192;0,192;0,12;0,12;0,12;0,096;0,024;0,024;0;0;0;0;0;0;0;1;1;1;1;1;1;1;1;1;1;1;1;1;1;1;1;1;1;1;1;1;1;1;1;1;1;1;1;1;1;1;
37030000;1977;9;0;0;0;0;0;0;0;0;0;0;0;0;0;0;0;0;0;0;0;0;0;0;0;0;0;0;0;0;0;0;-;1;1;1;1;1;1;1;1;1;1;1;1;1;1;1;1;1;1;1;1;1;1;1;1;1;1;1;1;1;1;0;
37030000;1977;10;0;0;0;0;0;0;0;0;0;0;0;0;0;0;0;0;0;0;0;0;0;0;0;0;0;0;0;0;0;0;0;1;1;1;1;1;1;1;1;1;1;1;1;1;1;1;1;1;1;1;1;1;1;1;1;1;1;1;1;1;1;1;
37030000;1977;11;0;0;0;0;0;0;0;0;0;0;0;0;0;0;0;0,024;0,048;0,024;0,024;0,096;0,216;0,24;0,24;0,192;0,192;0,216;0,24;0,24;0,378;0,47;-;1;1;1;1;1;1;1;1;1;1;1;1;1;1;1;1;1;1;1;1;1;1;1;1;1;1;1;1;1;1;0;
37030000;1977;12;0,516;0,47;0,516;0,516;0,424;0,378;0,378;0,332;0,332;0,424;0,424;0,424;0,378;0,286;0,332;0,332;0,286;0,24;0,216;0,216;0,216;0,216;0,24;0,192;0,168;0,168;0,144;0,096;0,096;0,072;0,048;1;1;1;1;1;1;1;1;1;1;1;1;1;1;1;1;1;1;1;1;1;1;1;1;1;1;1;1;1;1;1;
37030000;1978;1;0,048;0;0;0;0;0;0;0;0;0;0;0;0;0;0;0,072;0,12;0,024;0,216;0,072;0;0;0;0;0;0;0;0;0;0;0,24;1;1;1;1;1;1;1;1;1;1;1;1;1;1;1;1;1;1;1;1;1;1;1;1;1;1;1;1;1;1;1;
37030000;1978;2;0,192;0,286;0,24;0,47;0,7;0,608;0,24;0,24;0,332;0,378;0,7;0,654;0,7;0,286;0,24;0;0;0;0;0,024;0,47;0,7;0,654;0,378;0,424;0,47;1,13;1,57;-;-;-;1;1;1;1;1;1;1;1;1;1;1;1;1;1;1;1;1;1;1;1;1;1;1;1;1;1;1;1;0;0;0;
37030000;1978;3;0,286;0,654;0,7;0,562;3,18;6,26;7,7;8,95;20,5;24,7;17,5;11,6;8,7;7,7;8,95;7,7;6,26;5,38;4,34;3,51;3,35;2,85;2,34;1,95;1,57;0,874;0,654;0,516;0,424;0,332;0,286;1;1;1;1;1;1;1;1;1;1;1;1;1;1;1;1;1;1;1;1;1;1;1;1;1;1;1;1;1;1;1;
37030000;1978;4;0,192;0,168;0,12;0,024;0,024;0,024;0,024;0;0;0,096;0,874;0,47;0,47;0,516;4,94;4,72;3,35;2,85;1,7;1,57;1,13;1,13;1,83;3,18;2,21;2,08;1,57;1,4;2,85;2,34;-;1;1;1;1;1;1;1;1;1;1;1;1;1;1;1;1;1;1;1;1;1;1;1;1;1;1;1;1;1;1;0;
37030000;1978;5;2,59;2,72;3,35;5,6;27,8;55,3;38,3;24,7;17,1;18,3;63,3;126;100;111;77;52,8;35,7;24,7;17,5;12,9;9,8;11;7,95;6,48;5,6;4,72;4,01;3,51;3,01;2,72;2,34;1;1;1;1;1;1;1;1;1;1;1;1;1;1;1;1;1;1;1;1;1;1;1;1;1;1;1;1;1;1;1;
37030000;1978;6;1,95;1,7;1,57;1,4;1,13;0,787;0,7;0,608;0,516;0,47;0,424;0,24;0,192;0,216;0,24;0,24;0,216;0,168;0,12;0,072;0,048;0;0;0;0;0;0;1,57;3,01;3,35;-;1;1;1;1;1;1;1;1;1;1;1;1;1;1;1;1;1;1;1;1;1;1;1;1;1;1;1;1;1;1;0;
37030000;1978;7;3,01;2,47;1,57;0,7;1,4;1,22;1,05;0,787;0,7;0,608;0,562;0,424;0,424;0,378;0,424;0,332;0,24;0,192;0,168;0,216;0,216;0,168;0,144;0,096;0,048;0,024;0,024;0,024;0;0,024;0;1;1;1;1;1;1;1;1;1;1;1;1;1;1;1;1;1;1;1;1;1;1;1;1;1;1;1;1;1;1;1;
37030000;1978;8;0;0;0;0;0;0;0;0;0;0;0;0;0;0;0;0;0;0;0;0;0;0;0;0;0;0;0;0;0,096;0,072;0,024;1;1;1;1;1;1;1;1;1;1;1;1;1;1;1;1;1;1;1;1;1;1;1;1;1;1;1;1;1;1;1;
37030000;1978;9;0;0,024;0;0,024;0;0,048;0,048;0,096;0,072;0,12;0,12;0,168;0,24;0,332;0,424;0,516;0,608;0,608;0,562;0,608;0,608;0,562;0,608;0,562;0,608;0,562;0,192;0,096;0;0;-;1;1;1;1;1;1;1;1;1;1;1;1;1;1;1;1;1;1;1;1;1;1;1;1;1;1;1;1;1;1;0;
37030000;1978;10;0;0;0;0;0;0;0;0;0;0;0,072;0,144;0,12;0,144;0,12;0,144;0,12;0,096;0,096;0,048;0,024;0;0;0,024;0,144;0,144;0,144;0,144;0,12;0,144;0,12;1;1;1;1;1;1;1;1;1;1;1;1;1;1;1;1;1;1;1;1;1;1;1;1;1;1;1;1;1;1;1;
37030000;1978;11;0,096;0,144;0,144;0,168;0,192;0,192;0,168;0,168;0,192;0,192;0,192;0,192;0,192;0,168;0,192;0,192;0,192;0,192;0,168;0,192;0,168;0,168;0,168;0,168;0,168;0,144;0,168;0,24;0,286;0,286;-;1;1;1;1;1;1;1;1;1;1;1;1;1;1;1;1;1;1;1;1;1;1;1;1;1;1;1;1;1;1;0;
37030000;1978;12;0,144;0,168;0,12;0,12;0,144;0,12;0,144;0,144;0,096;0,12;0,12;0,144;0,144;0,144;0,144;0,144;0,144;0,144;0,144;0,144;0,144;0,144;0,144;0,144;0,144;0,144;0,144;0,144;0,144;0,168;0,144;1;1;1;1;1;1;1;1;1;1;1;1;1;1;1;1;1;1;1;1;1;1;1;1;1;1;1;1;1;1;1;
37030000;1979;1;0,144;0,144;0,144;0,168;0,332;0,378;0,378;0,424;0,378;0,424;0,424;0,424;0,378;0,424;0,424;0,424;0,424;0,424;0,47;0,424;0,47;0,424;0,424;0,424;0,424;0,424;0,286;0,192;0,192;0,168;0,024;1;1;1;1;1;1;1;1;1;1;1;1;1;1;1;1;1;1;1;1;1;1;1;1;1;1;1;1;1;1;1;
37030000;1979;2;0;0;0;0;0;0;0;0;0;0;0,24;0,424;0,332;0,424;0,424;0,424;0,378;0,424;0,47;0,47;0,47;0,47;0,47;1,57;3,01;2,34;1,05;0,47;-;-;-;1;1;1;1;1;1;1;1;1;1;1;1;1;1;1;1;1;1;1;1;1;1;1;1;1;1;1;1;0;0;0;
37030000;1979;3;0,516;0,516;0,47;0,424;0,47;0,47;0,47;0,378;0,286;0,24;0,216;0,096;0,096;0,072;0,144;0,168;0,168;0,096;0,048;0,144;0,12;0,096;0,072;0,072;0,048;0,048;0,024;0,096;0,216;0,378;0,24;1;1;1;1;1;1;1;1;1;1;1;1;1;1;1;1;1;1;1;1;1;1;1;1;1;1;1;1;1;1;1;
37030000;1979;4;0,216;0,168;0,168;0,144;0,096;0,072;0,048;0,024;0;0;0;0;0;0;0;0;0;0;0;0,048;0,072;0,12;0,168;0,216;0,516;0,787;7,45;2,34;0,654;0,24;-;1;1;1;1;1;1;1;1;1;1;1;1;1;1;1;1;1;1;1;1;1;1;1;1;1;1;1;1;1;1;0;
37030000;1979;5;0,332;0,378;0,516;0,378;0,424;0,072;0;0;0;0;0;0,048;0;0;0;0;0;0;0;0;0;0;0;0;0;0;0;0;0;0;0;1;1;1;1;1;1;1;1;1;1;1;1;1;1;1;1;1;1;1;1;1;1;1;1;1;1;1;1;1;1;1;
37030000;1979;6;0;0;0;0;0;0;0;0;0;0;0;0;0;0;0;0;0;0;0;0;0;0;0;0,516;0,654;0,378;0,12;0,048;0;0;-;1;1;1;1;1;1;1;1;1;1;1;1;1;1;1;1;1;1;1;1;1;1;1;1;1;1;1;1;1;1;0;
37030000;1979;7;0;0;0;0;0;0;0;0;0;0,654;0,47;0,072;0;0,072;0,332;0,378;0,378;0,378;0,378;0,424;0,516;0,516;0,378;0,12;0,096;0,096;0,096;0,096;0,096;0,096;0,096;1;1;1;1;1;1;1;1;1;1;1;1;1;1;1;1;1;1;1;1;1;1;1;1;1;1;1;1;1;1;1;
37030000;1979;8;0,096;0,096;0,096;0,24;0,424;0,378;0,424;0,424;0,424;0,424;0,378;0,378;0,378;0,378;0,424;0,424;0,424;0,516;0,608;0,608;0,562;0,24;0,192;0,192;0,192;0,12;0,096;0,072;0,048;0,048;0;1;1;1;1;1;1;1;1;1;1;1;1;1;1;1;1;1;1;1;1;1;1;1;1;1;1;1;1;1;1;1;
37030000;1979;9;0;0;0;0;0;0;0;0;0;0,144;0,24;0,424;0,654;0,516;0,47;0,332;0,286;0,24;0,24;0,168;0,096;0,12;0,096;0,096;0,096;0,096;0,096;0,096;0,096;0,096;-;1;1;1;1;1;1;1;1;1;1;1;1;1;1;1;1;1;1;1;1;1;1;1;1;1;1;1;1;1;1;0;
37030000;1979;10;0,096;0,096;0,096;0,096;0,096;0,096;0,12;0,12;0,12;0,12;0,144;0,192;0,144;0,12;0,144;0,12;0,12;0,12;0,096;0,12;0,144;0,12;0,12;0,168;0,7;1,05;1,13;1,13;1,13;1,05;1,05;1;1;1;1;1;1;1;1;1;1;1;1;1;1;1;1;1;1;1;1;1;1;1;1;1;1;1;1;1;1;1;
37030000;1979;11;1,22;1,22;1,22;1,13;1,13;1,13;1,13;1,22;1,22;1,13;1,13;1,13;0,961;1,05;0,874;1,13;1,57;2,59;5,6;2,21;1,05;0,7;0,608;0,168;0,048;0;0;0;0;0;-;1;1;1;1;1;1;1;1;1;1;1;1;1;1;1;1;1;1;1;1;1;1;1;1;1;1;1;1;1;1;0;
37030000;1979;12;0;0;0;0;0;0;0;0;0;0;0;0;0;0;0;0;0;0;0,024;0,12;0,144;0,168;0,144;0,144;0,168;0,12;0,144;0,216;0,168;0,096;0,096;1;1;1;1;1;1;1;1;1;1;1;1;1;1;1;1;1;1;1;1;1;1;1;1;1;1;1;1;1;1;1;
37030000;1980;1;0,144;0,144;0,12;0,144;0,144;0,12;0,12;0,192;0,24;0,24;0,24;0,216;0,192;0,144;0,144;0,096;0,096;0,12;0,048;0;0;0;0;0;0;0;0;0;0;0;0;1;1;1;1;1;1;1;1;1;1;1;1;1;1;1;1;1;1;1;1;1;1;1;1;1;1;1;1;1;1;1;
37030000;1980;2;0;0;0;0;0;0,608;0,7;0,7;0,787;0,874;0,874;0,787;0,424;0,424;0,562;0,562;1,48;7,45;3,01;1,83;1,22;1,22;3,68;5,16;1,7;2,85;0,961;0,787;3,84;-;-;1;1;1;1;1;1;1;1;1;1;1;1;1;1;1;1;1;1;1;1;1;1;1;1;1;1;1;1;1;0;0;
37030000;1980;3;15,8;38,3;140;685;518;283;203;108;67,9;102;104;82;62,4;38,3;66,1;54,5;38,9;26,8;18,3;13,6;11;8,2;6,7;5,6;5,16;4,72;4,01;3,35;2,72;2,34;2,08;1;1;1;1;1;1;1;1;1;1;1;1;1;1;1;1;1;1;1;1;1;1;1;1;1;1;1;1;1;1;1;
37030000;1980;4;1,95;2,21;2,59;3,51;7,95;17,9;17,9;15,1;12,6;8,45;5,6;3,84;3,18;2,72;2,47;1,83;1,83;1,48;1,22;0,961;0,961;0,874;0,7;0,7;0,654;0,562;0,516;0,424;0,378;0,378;-;1;1;1;1;1;1;1;1;1;1;1;1;1;1;1;1;1;1;1;1;1;1;1;1;1;1;1;1;1;1;0;
37030000;1980;5;0,787;0,7;0,562;0,424;0,378;0,332;0,286;0,24;0,12;0,096;0,072;0,048;0;0,024;0;0;0;0;0;0;0;0;0,608;0,286;0,144;0;0;0;0;0;0;1;1;1;1;1;1;1;1;1;1;1;1;1;1;1;1;1;1;1;1;1;1;1;1;1;1;1;1;1;1;1;
37030000;1980;6;0;0;0;0;0;0;0;0;0;0;0;0;0;0;0;0;0;0;0;0;0;0;0;0;0;0;0;0;0;0;-;1;1;1;1;1;1;1;1;1;1;1;1;1;1;1;1;1;1;1;1;1;1;1;1;1;1;1;1;1;1;0;
37030000;1980;7;0;0;0;0;0;0;0;0;0;0;0;0;0;0;0;0;0;0;0;0;0;0;0;0;0;0;0;0;0,072;0,24;0,332;1;1;1;1;1;1;1;1;1;1;1;1;1;1;1;1;1;1;1;1;1;1;1;1;1;1;1;1;1;1;1;
37030000;1980;8;0,378;0,378;0,378;0,378;0,332;0,332;0,378;0,286;0,048;0;0;0;0;0;0;0;0;0;0;0;0;0;0;0;0;0;0;0;0;0;0,192;1;1;1;1;1;1;1;1;1;1;1;1;1;1;1;1;1;1;1;1;1;1;1;1;1;1;1;1;1;1;1;
37030000;1980;9;0,424;0,424;0,378;0,286;0,192;0,024;0;0;0;0;0;0;0;0;0;0;0;0;0;0;0,024;0,048;0;0,048;0,096;0,096;0,12;0,144;0,286;0,24;-;1;1;1;1;1;1;1;1;1;1;1;1;1;1;1;1;1;1;1;1;1;1;1;1;1;1;1;1;1;1;0;
37030000;1980;10;0,192;0;0;0;0,024;0,332;0,192;0,144;0,072;0,096;0,096;0,096;0,072;0;0,024;0,048;0,096;0,144;0,192;0,332;0,286;0,332;0,286;0,24;0,332;0,286;0,286;0,192;0,096;0;0;1;1;1;1;1;1;1;1;1;1;1;1;1;1;1;1;1;1;1;1;1;1;1;1;1;1;1;1;1;1;1;
37030000;1980;11;0;0;0;0;0;0,048;0;0,048;0;0,048;0,096;0,12;0,168;0,168;0,144;0,12;0,096;0,192;0,378;0,24;0,216;0,192;0,144;0,096;0,048;0;0;0;0;0;-;1;1;1;1;1;1;1;1;1;1;1;1;1;1;1;1;1;1;1;1;1;1;1;1;1;1;1;1;1;1;0;
37030000;1980;12;0;0;0;0;0;0;0;0;0;0;0;0;0;0;0;0;0;0;0;0,024;0,048;0,072;0,096;0,12;0,144;0,168;0,192;0,216;0,216;0,192;0,192;1;1;1;1;1;1;1;1;1;1;1;1;1;1;1;1;1;1;1;1;1;1;1;1;1;1;1;1;1;1;1;
37030000;1981;1;0,216;0,192;0,144;0,12;0,168;0,144;0,192;0,192;0,168;0,192;0,192;0,168;0,168;0,144;0,144;0,168;0,168;0,168;0,168;0,192;0,216;0,332;0,787;0,7;0,654;0,286;0,192;0,168;0,24;0,47;0,286;1;1;1;1;1;1;1;1;1;1;1;1;1;1;1;1;1;1;1;1;1;1;1;1;1;1;1;1;1;1;1;
37030000;1981;2;0,216;0,216;0,24;0,24;0,286;0,378;0,24;0,24;0,24;0,216;0,216;0,216;0,286;0,24;0,216;0,216;0,192;0,096;0,048;0,048;0,024;0,024;0;0;0;0;0;0;-;-;-;1;1;1;1;1;1;1;1;1;1;1;1;1;1;1;1;1;1;1;1;1;1;1;1;1;1;1;1;0;0;0;
37030000;1981;3;0;0;0;0;0;0;0;0;0;0;0;0;0;0;0,286;0,874;1,13;1,95;3,18;6,26;1,57;3,18;21,4;232;173;79;69,7;95,6;102;74,2;76;1;1;1;1;1;1;1;1;1;1;1;1;1;1;1;1;1;1;1;1;1;1;1;1;1;1;1;1;1;1;1;
37030000;1981;4;96,8;102;67,9;47,3;34,5;21,9;20,5;17,5;12,2;6,7;6,26;5,16;4,34;3,68;3,01;2,34;2,08;1,57;1,4;1,31;1,22;0,874;0,787;0,7;0,608;0,562;0,47;0,424;0,378;0,286;-;1;1;1;1;1;1;1;1;1;1;1;1;1;1;1;1;1;1;1;1;1;1;1;1;1;1;1;1;1;1;0;
37030000;1981;5;0,216;0,24;0,192;0,168;0,12;0,096;0,096;0,024;0;0;0;0;0;0;0;0;0;0;0;0;0;0;0;0;0;0;0;0;0;0;0;1;1;1;1;1;1;1;1;1;1;1;1;1;1;1;1;1;1;1;1;1;1;1;1;1;1;1;1;1;1;1;
37030000;1981;6;0;0;0;0;0;0;0;0;0;0;0;0;0;0;0;0;0;0;0;0;0;0;0;0;0;0;0;0;0;0;-;1;1;1;1;1;1;1;1;1;1;1;1;1;1;1;1;1;1;1;1;1;1;1;1;1;1;1;1;1;1;0;
37030000;1981;7;0;0;0;0;0;0;0;0;0;0,024;0,048;0,048;0,024;0;0,024;0;0;0;0,024;0,024;0;0;0;0;0;0;0;0;0;0;0;1;1;1;1;1;1;1;1;1;1;1;1;1;1;1;1;1;1;1;1;1;1;1;1;1;1;1;1;1;1;1;
37030000;1981;8;0;0;0;0;0;0;0;0;0;0;0;0;0;0;0;0;0;0;0;0;0;0;0;0;0;0;0;0;0;0;0;1;1;1;1;1;1;1;1;1;1;1;1;1;1;1;1;1;1;1;1;1;1;1;1;1;1;1;1;1;1;1;
37030000;1981;9;0;0;0;0;0;0;0;0;0;0;0;0;0;0;0;0;0;0;0,024;0,072;0,096;0,216;0,286;0,286;0,216;0,24;0,47;0,516;0,47;0,47;-;1;1;1;1;1;1;1;1;1;1;1;1;1;1;1;1;1;1;1;1;1;1;1;1;1;1;1;1;1;1;0;
37030000;1981;10;0,516;0,378;0,24;0,192;0,192;0,192;0,168;0,192;0,192;0,192;0,192;0,192;0,192;0,192;0,168;0,192;0,168;0,168;0,168;0,192;0,144;0,168;0,168;0,192;0,192;0,192;0,168;0,192;0,192;0,144;0,168;1;1;1;1;1;1;1;1;1;1;1;1;1;1;1;1;1;1;1;1;1;1;1;1;1;1;1;1;1;1;1;
37030000;1981;11;0,168;0,144;0,144;0,168;0,168;0,168;0,192;0,192;0,168;0,192;0,168;0,168;0,168;0,192;0,192;0,192;0,168;0,144;0,096;0,096;0,096;0,096;0,096;0,096;0,096;0,096;0,096;0,096;0,096;0,096;-;1;1;1;1;1;1;1;1;1;1;1;1;1;1;1;1;1;1;1;1;1;1;1;1;1;1;1;1;1;1;0;
37030000;1981;12;0,072;0,072;0,048;0,048;0,072;0,096;0,096;0,12;0,096;0,072;0,096;0,096;0,096;0,096;0,072;0,072;0,048;0,072;0,096;0,096;0,12;0,12;0,144;0,144;0,144;0,168;0,12;0,12;0,12;0,12;0,096;1;1;1;1;1;1;1;1;1;1;1;1;1;1;1;1;1;1;1;1;1;1;1;1;1;1;1;1;1;1;1;
37030000;1982;1;0,096;0,096;0,12;0,12;0,096;0,096;0,096;0,096;0,12;0,096;0,096;0,12;0,096;0,12;0,12;0,096;0,12;0,096;0,12;0,096;0,096;0,286;0,332;0,378;0,332;0,332;0,332;0,332;0,332;0,332;0,332;1;1;1;1;1;1;1;1;1;1;1;1;1;1;1;1;1;1;1;1;1;1;1;1;1;1;1;1;1;1;1;
37030000;1982;2;0,332;0,332;0,24;0,24;0,286;0,286;0,24;0,24;0,286;0,332;0,24;0,286;0,332;0,286;0,24;0,216;0,144;0,096;0,072;0,024;0;0;0;0;0;0;0;0;-;-;-;1;1;1;1;1;1;1;1;1;1;1;1;1;1;1;1;1;1;1;1;1;1;1;1;1;1;1;1;0;0;0;
37030000;1982;3;0;0;0;0;0;0,024;0,048;0,024;0;0;0;0;0;0;0,072;0,096;0,048;0;0;0;0;0;0;0;0;0;0;0;0;0;0;1;1;1;1;1;1;1;1;1;1;1;1;1;1;1;1;1;1;1;1;1;1;1;1;1;1;1;1;1;1;1;
37030000;1982;4;0;0;0;0;0;0;0;0;0;0;0;0;0;0;2,21;0,608;1,48;0,7;0,874;1,05;1,31;1,83;2,21;2,34;2,08;1,83;1,48;1,95;3,01;4,34;-;1;1;1;1;1;1;1;1;1;1;1;1;1;1;1;1;1;1;1;1;1;1;1;1;1;1;1;1;1;1;0;
37030000;1982;5;1,48;0,608;0,608;0,516;0,378;0,24;0,24;0,216;0,216;0,168;0,12;0,168;4,5;1,05;0,654;0,192;0,144;0,072;0,048;0,024;0;0;0;0;0;0;0;0;0;0;0;1;1;1;1;1;1;1;1;1;1;1;1;1;1;1;1;1;1;1;1;1;1;1;1;1;1;1;1;1;1;1;
37030000;1982;6;0;0;0;0;0;0;0;0;0;0;0;0;0;0;0;0;0;0;0;0;0;0;0;0;0;0;0;0;0;0;-;1;1;1;1;1;1;1;1;1;1;1;1;1;1;1;1;1;1;1;1;1;1;1;1;1;1;1;1;1;1;0;
37030000;1982;7;0;0;0;0;0;0;0;0;0;0;0;0;0;0;0;0;0;0;0;0;0;0;0;0;0;0;0;0;0;0;0;1;1;1;1;1;1;1;1;1;1;1;1;1;1;1;1;1;1;1;1;1;1;1;1;1;1;1;1;1;1;1;
37030000;1982;8;0;0;0;0;0;0;0;0;0;0;0;0;0;0;0;0;0;0;0;0;0;0;0;0;0;0;0;0;0;0;0;1;1;1;1;1;1;1;1;1;1;1;1;1;1;1;1;1;1;1;1;1;1;1;1;1;1;1;1;1;1;1;
37030000;1982;9;0;0;0;0;0;0;0;0;0;0;0;0;0;0;0;0;0;0;0;0;0;0;0;0;0;0;0;0;0;0;-;1;1;1;1;1;1;1;1;1;1;1;1;1;1;1;1;1;1;1;1;1;1;1;1;1;1;1;1;1;1;0;
37030000;1982;10;0;0;0;0;0;0;0;0;0;0;0;0;0;0;0;0;0;0;0;0;0;0;0;0;0;0;0;0;0;0;0;1;1;1;1;1;1;1;1;1;1;1;1;1;1;1;1;1;1;1;1;1;1;1;1;1;1;1;1;1;1;1;
37030000;1982;11;0;0;0;0;0;0;0;0;0;0,072;0,096;0,144;0,144;0,096;0;0;0;0;0;0;0;0;0;0;0;0;0;0;0;0;-;1;1;1;1;1;1;1;1;1;1;1;1;1;1;1;1;1;1;1;1;1;1;1;1;1;1;1;1;1;1;0;
37030000;1982;12;0;0;0;0;0;0;0;0;0;0;0;0;0;0;0;0;0;0;0;0;0;0;0;0;0;0;0;0;0;0;0;1;1;1;1;1;1;1;1;1;1;1;1;1;1;1;1;1;1;1;1;1;1;1;1;1;1;1;1;1;1;1;
37030000;1983;1;0;0;0;0;0;0;0;0;0;0;0;0;0;0;0;0;0;0;0;0;0;0;0;0;0;0;0;0;0;0;0;1;1;1;1;1;1;1;1;1;1;1;1;1;1;1;1;1;1;1;1;1;1;1;1;1;1;1;1;1;1;1;
37030000;1983;2;0;0;0;0;0;0;0;0,024;0;0;0;0;0;0,024;0,024;0;0;0;0;0;0;0;0;0;0;0;0;0;-;-;-;1;1;1;1;1;1;1;1;1;1;1;1;1;1;1;1;1;1;1;1;1;1;1;1;1;1;1;1;0;0;0;
37030000;1983;3;0;0;0;0;0;0;0;0;0;0;0;0;0;0;0;0;0;0;0;0;0;0;0;0;0;0;0;0;0;0;0;1;1;1;1;1;1;1;1;1;1;1;1;1;1;1;1;1;1;1;1;1;1;1;1;1;1;1;1;1;1;1;
37030000;1983;4;0;0;0;0;0;0;0;0;0;0;0;0;0;0;0;0;0;0;0;0;0;0;0;0;0;0;0;0;0;0;-;1;1;1;1;1;1;1;1;1;1;1;1;1;1;1;1;1;1;1;1;1;1;1;1;1;1;1;1;1;1;0;
37030000;1983;5;0;0;0;0;0;0;0;0;0;0;0;0;0;0;0;0;0;0;0;0;0;0;0;0;0;0;0;0;0;0;0;1;1;1;1;1;1;1;1;1;1;1;1;1;1;1;1;1;1;1;1;1;1;1;1;1;1;1;1;1;1;1;
37030000;1983;6;0;0;0;0;0;0;0;0;0;0;0;0;0;0;0;0;0;0;0;0;0;0;0;0;0;0;0;0;0;0;-;1;1;1;1;1;1;1;1;1;1;1;1;1;1;1;1;1;1;1;1;1;1;1;1;1;1;1;1;1;1;0;
37030000;1983;7;0;0;0;0;0;0;0;0;0;0;0;0;0;0;0;0;0;0;0;0;0;0;0;0;0;0;0;0;0;0;0;1;1;1;1;1;1;1;1;1;1;1;1;1;1;1;1;1;1;1;1;1;1;1;1;1;1;1;1;1;1;1;
37030000;1983;8;0;0;0;0;0;0;0;0;0;0;0;0;0;0;0;0;0;0;0;0;0;0;0;0;0;0;0;0;0;0;0;1;1;1;1;1;1;1;1;1;1;1;1;1;1;1;1;1;1;1;1;1;1;1;1;1;1;1;1;1;1;1;
37030000;1983;9;0;0;0;0;0;0;0;0;0;0;0;0;0;0;0;0;0;0;0;0;0;0;0;0;0;0;0;0;0;0;-;1;1;1;1;1;1;1;1;1;1;1;1;1;1;1;1;1;1;1;1;1;1;1;1;1;1;1;1;1;1;0;
37030000;1983;10;0;0;0;0;0;0;0;0;0;0;0;0;0;0;0;0;0;0;0;0;0;0;0;0;0;0;0;0;0;0;0;1;1;1;1;1;1;1;1;1;1;1;1;1;1;1;1;1;1;1;1;1;1;1;1;1;1;1;1;1;1;1;
37030000;1983;11;0;-;-;-;-;-;-;-;-;-;-;-;-;-;-;-;-;-;-;-;-;-;-;-;-;-;-;-;-;0;-;1;0;0;0;0;0;0;0;0;0;0;0;0;0;0;0;0;0;0;0;0;0;0;0;0;0;0;0;0;1;0;
37030000;1983;12;0;0;0;0;0;0;0;0;0;0;0;0;0;0;0;0;0;0;0;0;0;0;0;0;0;0;0;0;0;0;0;1;1;1;1;1;1;1;1;1;1;1;1;1;1;1;1;1;1;1;1;1;1;1;1;1;1;1;1;1;1;1;
37030000;1984;1;0;0;0;0;0;0;0;0;0;0;0;0;0;0;0;0;0;0;0;0;0;0;0;0;0;0;0;0;0;0;0;1;1;1;1;1;1;1;1;1;1;1;1;1;1;1;1;1;1;1;1;1;1;1;1;1;1;1;1;1;1;1;
37030000;1984;2;0;0;0;0;0;0;0;0;0;0;0;0;0;0;0;0;0;0;0;0;0;0;0;0;0;0;0;0;0;-;-;1;1;1;1;1;1;1;1;1;1;1;1;1;1;1;1;1;1;1;1;1;1;1;1;1;1;1;1;1;0;0;
37030000;1984;3;0;0;0;0;0;0;0;0;0;0;0;0;0;0;0,024;0;0;0,048;0;0;0;0,286;4,17;0,7;0,562;0,608;0,516;0,332;0,216;0,144;0,144;1;1;1;1;1;1;1;1;1;1;1;1;1;1;1;1;1;1;1;1;1;1;1;1;1;1;1;1;1;1;1;
37030000;1984;4;3,18;0,654;1,13;0,608;0,562;0,654;0,608;3,68;1,57;0,608;0,332;0,216;0,787;0,608;5,6;9,5;3,01;11;3,18;1,95;9,8;3,35;12,2;35,7;35,1;25,2;21,4;18,3;18,7;14,4;-;1;1;1;1;1;1;1;1;1;1;1;1;1;1;1;1;1;1;1;1;1;1;1;1;1;1;1;1;1;1;0;
37030000;1984;5;8,45;7,7;5,38;20;25,2;22,3;20;9,5;8,2;6,7;5,82;4,5;4,34;8,45;7,45;9,8;14,7;10,7;12,2;21,9;14,7;10,1;7,95;5,82;8,95;12,9;17,1;13,6;10,7;8,2;6,48;1;1;1;1;1;1;1;1;1;1;1;1;1;1;1;1;1;1;1;1;1;1;1;1;1;1;1;1;1;1;1;
37030000;1984;6;6,7;6,04;5,82;6,04;5,38;4,5;4,01;3,35;3,01;2,08;1,83;1,48;0,874;0,654;0,608;0,516;0,47;0,378;0,24;0,168;0,168;0,144;0,12;0,096;0,096;0,072;0,048;0;0;0;-;1;1;1;1;1;1;1;1;1;1;1;1;1;1;1;1;1;1;1;1;1;1;1;1;1;1;1;1;1;1;0;
37030000;1984;7;0;0;0;0;0;0;0;0;0;0;0;0;0;0;0;0;0;0;0;0;0;0;0;0;0;0;0;0;0;0;0;1;1;1;1;1;1;1;1;1;1;1;1;1;1;1;1;1;1;1;1;1;1;1;1;1;1;1;1;1;1;1;
37030000;1984;8;0;0;0;0;0;0;0;0;0;0;0;0;0;0;0;0;0;0;0;0;0;0;0;0;0;0;0;0;0;0;0;1;1;1;1;1;1;1;1;1;1;1;1;1;1;1;1;1;1;1;1;1;1;1;1;1;1;1;1;1;1;1;
37030000;1984;9;0;0;0;0;0;0;0;0;0;0;0;0;0;0;0;0;0;0;0;0;0;0;0;0;0;0;0;0;0;0;-;1;1;1;1;1;1;1;1;1;1;1;1;1;1;1;1;1;1;1;1;1;1;1;1;1;1;1;1;1;1;0;
37030000;1984;10;0;0;0;0;0;0;0;0;0;0;0;0;0;0;0;0;0;0;0;0;0;0;0;0;0;0;0;0;0;0;0;1;1;1;1;1;1;1;1;1;1;1;1;1;1;1;1;1;1;1;1;1;1;1;1;1;1;1;1;1;1;1;
37030000;1984;11;0;-;-;-;-;-;-;-;-;-;-;-;-;-;-;-;-;-;-;-;-;-;-;-;-;-;-;-;-;0;-;1;0;0;0;0;0;0;0;0;0;0;0;0;0;0;0;0;0;0;0;0;0;0;0;0;0;0;0;0;1;0;
37030000;1984;12;0,072;0;0;0;0;0;0;0;0;0;0;0;0;0;0;0;-;-;0,24;0,378;0,424;0,47;0,562;0,516;0,516;0,516;0,516;0,516;0,378;0,286;0,24;1;1;1;1;1;1;1;1;1;1;1;1;1;1;1;1;0;0;1;1;1;1;1;1;1;1;1;1;1;1;1;
37030000;1985;1;0,508;0,401;0,266;0,193;0,132;0,132;0,107;0,084;0,084;0,084;0,065;0,065;0,084;0,084;0,084;0,107;0,161;0,132;0,107;0,107;0,107;0,453;0,266;0,132;0,084;0,065;0,065;0,034;0,065;0,034;0,034;1;1;1;1;1;1;1;1;1;1;1;1;1;1;1;1;1;1;1;1;1;1;1;1;1;1;1;1;1;1;1;
37030000;1985;2;0,065;0,107;0,107;0,107;0,084;0,084;0,065;0,048;0,034;0,022;0,132;0,567;1,27;2,03;3,48;2,56;2,42;9,36;7,98;197;314;155;98,7;70,4;51,7;42,5;33,7;24;-;-;-;1;1;1;1;1;1;1;1;1;1;1;1;1;1;1;1;1;1;1;1;1;1;1;1;1;1;1;1;0;0;0;
37030000;1985;3;96,6;92,4;63,5;66,9;64,4;67,8;52,4;40,5;32;34,3;29,2;22,1;16,9;11,5;12,8;21,7;25;21,7;33,1;131;86,4;57,8;41,8;46,6;43,8;38;38;41,2;44,5;38,6;33,1;1;1;1;1;1;1;1;1;1;1;1;1;1;1;1;1;1;1;1;1;1;1;1;1;1;1;1;1;1;1;1;
37030000;1985;4;29,2;30,8;84,4;184;113;173;112;91,4;249;372;163;262;163;115;85,9;173;273;279;135;113;97,9;91,8;103;92,8;88,8;74,8;69,6;79,3;128;219;-;1;1;1;1;1;1;1;1;1;1;1;1;1;1;1;1;1;1;1;1;1;1;1;1;1;1;1;1;1;1;0;
37030000;1985;5;169;142;136;117;115;115;137;186;130;101;80,2;61,5;49;43,1;39,4;42,5;36,5;29,5;25,7;25,2;29;47,7;43,1;34,8;24,8;19,3;15,7;12,5;10,2;9,46;9,21;1;1;1;1;1;1;1;1;1;1;1;1;1;1;1;1;1;1;1;1;1;1;1;1;1;1;1;1;1;1;1;
37030000;1985;6;8,73;8,49;7,8;7,15;6,94;6,94;6,73;6,94;8,03;7,8;8,97;16,4;53,2;37,1;26,6;18,9;14;13,7;19,7;20,1;16,7;13,7;11,6;10,2;8,73;8,03;7,8;7,36;7,15;6,94;-;1;1;1;1;1;1;1;1;1;1;1;1;1;1;1;1;1;1;1;1;1;1;1;1;1;1;1;1;1;1;0;
37030000;1985;7;3,93;3,78;3,36;3,1;2,85;2,85;2,73;2,62;2,62;2,62;2,39;2,39;2,62;3,23;3,1;3,64;3,64;3,1;2,73;2,39;1,98;1,79;5,57;8,03;6,14;4,54;3,78;2,85;2,29;1,98;1,89;1;1;1;1;1;1;1;1;1;1;1;1;1;1;1;1;1;1;1;1;1;1;1;1;1;1;1;1;1;1;1;
37030000;1985;8;1,62;1,37;1,22;0,951;0,722;0,53;0,53;0,487;0,409;0,373;0,373;0,306;0,248;0,221;0,196;0,338;0,276;0,221;0,221;0,152;0,152;0,132;0,132;0,115;0,098;0,098;0,083;0,083;0,07;0,07;0,058;1;1;1;1;1;1;1;1;1;1;1;1;1;1;1;1;1;1;1;1;1;1;1;1;1;1;1;1;1;1;1;
37030000;1985;9;0,058;0,047;0,047;0,047;0,038;0,038;0,038;0,03;0,03;0,023;0,023;0,023;0,017;0,017;0,012;0,008;0,008;0,005;0,003;0,003;0,001;0;0;0;0;0;0;0;0;0;-;1;1;1;1;1;1;1;1;1;1;1;1;1;1;1;1;1;1;1;1;1;1;1;1;1;1;1;1;1;1;0;
37030000;1985;10;0;0;0;0;0;0;0;0;0;0;0;0;0;0;0;0;0;0;0;0;0;0;0;0;0;0;0;0;0;0;0;1;1;1;1;1;1;1;1;1;1;1;1;1;1;1;1;1;1;1;1;1;1;1;1;1;1;1;1;1;1;1;
37030000;1985;11;0;0;0;0;0;0;0;0;0;0;0;0;0;0;0;0;0;0;0;0;0;0;0;0;0;0;0;0;0;0;-;1;1;1;1;1;1;1;1;1;1;1;1;1;1;1;1;1;1;1;1;1;1;1;1;1;1;1;1;1;1;0;
37030000;1985;12;0;0;0;0;0;0;0;0;0;0;0;0;0;0;0;0;0;0;0;0;0;0;0;0;0;0;0;0;0;0;0;1;1;1;1;1;1;1;1;1;1;1;1;1;1;1;1;1;1;1;1;1;1;1;1;1;1;1;1;1;1;1;
37030000;1986;1;0;0;0;0;0;0;0;0;0;0;0;0;0;0;0;0;0;0;0;0;0;0;0;0;0;0;0;0;0;0;0;1;1;1;1;1;1;1;1;1;1;1;1;1;1;1;1;1;1;1;1;1;1;1;1;1;1;1;1;1;1;1;
37030000;1986;2;0;0;0;0;0,115;1,01;0,671;0,409;0,248;0,196;0,196;0,173;0,173;0,173;0,173;0,173;0,152;0,152;0,132;0,132;0,115;0,115;0,152;0,132;0,115;0,115;0,115;0,115;-;-;-;1;1;1;1;1;1;1;1;1;1;1;1;1;1;1;1;1;1;1;1;1;1;1;1;1;1;1;1;0;0;0;
37030000;1986;3;0,098;0,173;0,173;0,173;4,23;1,79;0,891;1,15;3,36;9,72;31,1;31,6;28;56,9;57,6;38,2;26,6;20,5;16,4;12,5;8,03;22,1;67,1;121;149;125;69,2;45,9;36,8;35,6;47,3;1;1;1;1;1;1;1;1;1;1;1;1;1;1;1;1;1;1;1;1;1;1;1;1;1;1;1;1;1;1;1;
37030000;1986;4;53,1;70,1;69,2;62,5;45,9;35;26,2;21;18,4;19,2;30,4;27,7;25,2;25,7;36,8;69,2;78,2;66,6;53,1;38,6;83,9;101;135;88,8;70,1;50,8;40,5;32,7;28,3;24,7;-;1;1;1;1;1;1;1;1;1;1;1;1;1;1;1;1;1;1;1;1;1;1;1;1;1;1;1;1;1;1;0;
37030000;1986;5;22,8;23,3;26,7;30,4;33,8;35;28,8;24,2;20,1;16,8;13,1;10,5;9,37;8,01;6,77;5,86;4,83;4,08;3,4;2,79;2,94;2,94;4,63;11,8;23,8;37,4;43,8;37,4;31;25,2;20,1;1;1;1;1;1;1;1;1;1;1;1;1;1;1;1;1;1;1;1;1;1;1;1;1;1;1;1;1;1;1;1;
37030000;1986;6;14,9;12,8;15,6;14,9;12,1;9,37;7,5;5,86;4,44;4,63;3,56;3,56;8,27;13,1;10,8;8,54;7,25;7,01;6,77;6,54;5,43;4,44;3,56;2,94;2,38;2,12;1,88;1,55;1,36;1,17;-;1;1;1;1;1;1;1;1;1;1;1;1;1;1;1;1;1;1;1;1;1;1;1;1;1;1;1;1;1;1;0;
37030000;1986;7;1;0,846;0,705;0,579;0,466;0,367;0,322;0,243;0,175;0,12;0,097;0,097;0,097;0,12;0,097;0,076;0,097;0,097;0,097;0,12;0,12;0,12;0,097;0,076;0,097;0,12;0,097;0,097;0,097;0,097;0,097;1;1;1;1;1;1;1;1;1;1;1;1;1;1;1;1;1;1;1;1;1;1;1;1;1;1;1;1;1;1;1;
37030000;1986;8;0,097;0,076;0,058;0,012;0,012;0,006;0,012;0,058;0,058;0,03;0,02;0,02;0,012;0,006;0,006;0,003;0,003;0,001;0,001;0;0;0;0;0;0,003;0,006;0,003;0,001;0,001;0;0;1;1;1;1;1;1;1;1;1;1;1;1;1;1;1;1;1;1;1;1;1;1;1;1;1;1;1;1;1;1;1;
37030000;1986;9;0;0;0;0;0;0;0;0;0;0;0;0;0;0;0;0;0;0;0;0;0;0;0;0;0;0;0;0;0;0,043;-;1;1;1;1;1;1;1;1;1;1;1;1;1;1;1;1;1;1;1;1;1;1;1;1;1;1;1;1;1;1;0;
37030000;1986;10;0,012;0,003;0,003;0,001;0,001;0,001;0;0,012;0,006;0,001;0,001;0,001;0;0;0;0;0;0;0;0;0;0;0;0;0;0;0;0;0;0;0;1;1;1;1;1;1;1;1;1;1;1;1;1;1;1;1;1;1;1;1;1;1;1;1;1;1;1;1;1;1;1;
37030000;1986;11;0;0;0;0;0;0;0;0;0;0;0;0;0;0;0;0;0;0;0;0;0;0;0;0;0;0;0;0;0;0;-;1;1;1;1;1;1;1;1;1;1;1;1;1;1;1;1;1;1;1;1;1;1;1;1;1;1;1;1;1;1;0;
37030000;1986;12;0;0;0;0;0;0;0;0;0;0;0;0;0;0;0;0;0;0;0;0;0;0;0;0;0;0;0;0;0;0;0;1;1;1;1;1;1;1;1;1;1;1;1;1;1;1;1;1;1;1;1;1;1;1;1;1;1;1;1;1;1;1;
37030000;1987;1;0;0;0;0;0;0;0;0;0;0;0;0;0;0;0;0;0;0;0;0;0;0;0;0;0;0;0;0;0;0;0;1;1;1;1;1;1;1;1;1;1;1;1;1;1;1;1;1;1;1;1;1;1;1;1;1;1;1;1;1;1;1;
37030000;1987;2;0;0;0;0;0;0;0;0;0;0;0;0;0;0;0;0;0;0;0;0;0;0;0;0;0;0;0;0;-;-;-;1;1;1;1;1;1;1;1;1;1;1;1;1;1;1;1;1;1;1;1;1;1;1;1;1;1;1;1;0;0;0;
37030000;1987;3;0;0;0;0;0;0;0;0;0;0;0;0;0;0;0;0;0;0;0;0;0;0;0;0;0;0;0,034;0,161;0,567;1,08;2,15;1;1;1;1;1;1;1;1;1;1;1;1;1;1;1;1;1;1;1;1;1;1;1;1;1;1;1;1;1;1;1;
37030000;1987;4;7,46;14,3;27,6;43,8;56,3;55,5;32,5;23,5;18,2;18,2;17,3;14,3;11,2;8,24;6,72;5,15;2,84;2,03;1,91;1,91;1,27;0,998;0,63;0,353;0,308;0,266;0,132;0,065;0,065;0,034;-;1;1;1;1;1;1;1;1;1;1;1;1;1;1;1;1;1;1;1;1;1;1;1;1;1;1;1;1;1;1;0;
37030000;1987;5;0,022;0,007;0,003;0,048;0,132;0,266;0,266;0,161;0,107;0,048;0,007;0;0;0;0;0;0;0;0;0;0;0;0;0;0;0;0;0;0;0;0;1;1;1;1;1;1;1;1;1;1;1;1;1;1;1;1;1;1;1;1;1;1;1;1;1;1;1;1;1;1;1;
37030000;1987;6;0;0;0;0;0;0;0;0;0;0;0;0;0;0;0;0;0;0;0;0;0;0;0;0;0;0;0;0;0;0;-;1;1;1;1;1;1;1;1;1;1;1;1;1;1;1;1;1;1;1;1;1;1;1;1;1;1;1;1;1;1;0;
37030000;1987;7;0;0;0;0;0;0;0;0;0;0;0;0;0;0;0;0;0;0;0;0;0;0;0;0;0;0;0;0;0;0;0;1;1;1;1;1;1;1;1;1;1;1;1;1;1;1;1;1;1;1;1;1;1;1;1;1;1;1;1;1;1;1;
37030000;1987;8;0;0;0;0;0;0;0;0;0;0;0;0;0;0;0;0;0;0;0;0;0;0;0;0;0;0;0;0;0;0;0;1;1;1;1;1;1;1;1;1;1;1;1;1;1;1;1;1;1;1;1;1;1;1;1;1;1;1;1;1;1;1;
37030000;1987;9;0;0;0;0;0;0;0;0;0;0;0;0;0;0;0;0;0;0;0;0;0;0;0;0;0;0;0;0;0;0;-;1;1;1;1;1;1;1;1;1;1;1;1;1;1;1;1;1;1;1;1;1;1;1;1;1;1;1;1;1;1;0;
37030000;1987;10;0;0;0;0;0;0;0;0;0;0;0;0;0;0;0;0;0;0;0;0;0;0;0;0;0;0;0;0;0;0;0;1;1;1;1;1;1;1;1;1;1;1;1;1;1;1;1;1;1;1;1;1;1;1;1;1;1;1;1;1;1;1;
37030000;1987;11;0;0;0;0;0;0;0;0;0;0;0;0;0;0;0;0;0;0;0;0;0;0;0;0;0;0;0;0;0;0;-;1;1;1;1;1;1;1;1;1;1;1;1;1;1;1;1;1;1;1;1;1;1;1;1;1;1;1;1;1;1;0;
37030000;1987;12;0;0;0;0;0;0;0;0;0;0;0;0;0;0;0;0;0;0;0;0;0;0;0;0;0;0;0;0;0;0;0;1;1;1;1;1;1;1;1;1;1;1;1;1;1;1;1;1;1;1;1;1;1;1;1;1;1;1;1;1;1;1;
37030000;1988;1;0;0;0;0;0;0;0;0;0;0;0;0;0;0;0;0;0;0;0;0;0;0;0;0;0;0;0;0;0;0;0;1;1;1;1;1;1;1;1;1;1;1;1;1;1;1;1;1;1;1;1;1;1;1;1;1;1;1;1;1;1;1;
37030000;1988;2;0;0;0;0;0;0;0;0;0;0;0;0;0;0;0;0;0;0;0;0;0;0;0;0;0;0;0;0;0;-;-;1;1;1;1;1;1;1;1;1;1;1;1;1;1;1;1;1;1;1;1;1;1;1;1;1;1;1;1;1;0;0;
37030000;1988;3;0;0;0;0;0;0;0;0;0;0;0;0;0;0;0;0;0;0;0;0;0;0;5,58;8,52;2,56;0;0;0;0;0;0;1;1;1;1;1;1;1;1;1;1;1;1;1;1;1;1;1;1;1;1;1;1;1;1;1;1;1;1;1;1;1;
37030000;1988;4;0;0;0;0;0;0;0;0;0;0;0;0;0;0;0;0,107;0,161;0,107;0,084;0,107;0,193;0,266;0,453;0,567;0,453;0,401;0,353;0,228;0,193;0,161;-;1;1;1;1;1;1;1;1;1;1;1;1;1;1;1;1;1;1;1;1;1;1;1;1;1;1;1;1;1;1;0;
37030000;1988;5;0,308;0,508;0,766;1,17;1,08;1,91;8,52;6,48;5,36;4,18;3,31;3,15;2,84;2,56;2,28;1,68;1,36;1,08;0,84;0,567;0,508;0,453;0,401;0,308;0,228;0,161;0,107;0,107;0,084;0,048;0,034;1;1;1;1;1;1;1;1;1;1;1;1;1;1;1;1;1;1;1;1;1;1;1;1;1;1;1;1;1;1;1;
37030000;1988;6;0,022;0,007;0,001;0;0;0;0;0;0;0;0;0;0;0;0;0;0;0;0;0;0;0;0;0;0;0;0;0;0;0;-;1;1;1;1;1;1;1;1;1;1;1;1;1;1;1;1;1;1;1;1;1;1;1;1;1;1;1;1;1;1;0;
37030000;1988;7;0;0;0;0;0;0;0;0;0;0;0;0;0;0;0;0;0;0;0;0;0;0;0;0;0;0;0;0;0;0;0;1;1;1;1;1;1;1;1;1;1;1;1;1;1;1;1;1;1;1;1;1;1;1;1;1;1;1;1;1;1;1;
37030000;1988;8;0;0;0;0;0;0;0;0;0;0;0;0;0;0;0;0;0;0;0;0;0;0;0;0;0;0;0;0;0;0;0;1;1;1;1;1;1;1;1;1;1;1;1;1;1;1;1;1;1;1;1;1;1;1;1;1;1;1;1;1;1;1;
37030000;1988;9;0;0;0;0;0;0;0;0;0;0;0;0;0;0;0;0;0;0;0;0;0;0;0;0;0;0;0;0;0;0;-;1;1;1;1;1;1;1;1;1;1;1;1;1;1;1;1;1;1;1;1;1;1;1;1;1;1;1;1;1;1;0;
37030000;1988;10;0;0;0;0;0;0;0;0;0;0;0;0;0;0;0;0;0;0;0;0;0;0;0;0;0;0;0;0;0;0;0;1;1;1;1;1;1;1;1;1;1;1;1;1;1;1;1;1;1;1;1;1;1;1;1;1;1;1;1;1;1;1;
37030000;1988;11;0;0;0;0;0;0;0;0;0;0;0;0;0;0;0;0;0;0;0;0;0;0;0;0;0;0;0;0;0;0;-;1;1;1;1;1;1;1;1;1;1;1;1;1;1;1;1;1;1;1;1;1;1;1;1;1;1;1;1;1;1;0;
37030000;1988;12;0;0;0;0;0;0;0;0;0;0;1,27;1,46;1,57;1,68;1,57;1,36;1,27;1,27;1,17;1,17;1,08;1,17;1,17;1,27;1,27;1,27;1,46;1,46;1,36;1,46;1,36;1;1;1;1;1;1;1;1;1;1;1;1;1;1;1;1;1;1;1;1;1;1;1;1;1;1;1;1;1;1;1;
37030000;1989;1;1,27;1,17;1,08;1,17;1,17;1,27;1,17;1,27;1,36;1,36;1,27;1,36;1,46;1,46;1,27;1,27;1,36;1,27;1,27;1,17;1,27;1,17;1,17;1,08;1,17;1,27;1,27;1,17;1,17;1,17;1,17;1;1;1;1;1;1;1;1;1;1;1;1;1;1;1;1;1;1;1;1;1;1;1;1;1;1;1;1;1;1;1;
37030000;1989;2;1,17;1,08;0,998;0,917;1,08;1,17;1,27;1,27;1,17;1,27;1,17;1,17;1,08;0,998;0,998;0,696;0,917;0,998;0,998;1,27;1,17;1,36;1,36;1,46;1,27;1,36;1,46;1,46;-;-;-;1;1;1;1;1;1;1;1;1;1;1;1;1;1;1;1;1;1;1;1;1;1;1;1;1;1;1;1;0;0;0;
37030000;1989;3;1,68;1,68;1,57;1,46;1,57;1,36;1,17;0,998;0,84;0,453;0,228;0,107;0,065;0,048;0,034;0,084;0,132;0,308;0,453;0,766;0,998;1,36;0,998;0,567;0,266;0,132;0,084;0,998;1,79;2,15;3;1;1;1;1;1;1;1;1;1;1;1;1;1;1;1;1;1;1;1;1;1;1;1;1;1;1;1;1;1;1;1;
37030000;1989;4;3,64;4,18;4,55;1,27;0,508;1,46;3;2,28;1,57;1,17;2,84;12,8;20,3;21,7;19,9;32;103;115;110;112;107;102;97,7;93,5;88,4;158;153;213;279;253;-;1;1;1;1;1;1;1;1;1;1;1;1;1;1;1;1;1;1;1;1;1;1;1;1;1;1;1;1;1;1;0;
37030000;1989;5;182;152;104;94,5;90,4;74,9;58,6;39,2;30,8;29,2;28,6;28,6;27,6;27,1;26;24,5;24,5;23,5;22,6;21,7;21,2;17,3;14,6;11,8;11,5;10,9;10,2;9,36;8,52;8,52;8,52;1;1;1;1;1;1;1;1;1;1;1;1;1;1;1;1;1;1;1;1;1;1;1;1;1;1;1;1;1;1;1;
37030000;1989;6;8,52;8,24;7,72;5,8;5,15;3,82;3,64;3,64;3,64;3,64;3,64;3,64;3,64;3,99;3,99;3,64;3,64;3,64;3,15;2,7;2,7;2,42;2,42;2,28;2,15;2,03;1,91;1,91;1,79;1,68;-;1;1;1;1;1;1;1;1;1;1;1;1;1;1;1;1;1;1;1;1;1;1;1;1;1;1;1;1;1;1;0;
37030000;1989;7;1,36;0,998;0,766;0,917;1,46;2,7;3,48;8,24;11,5;24,5;27,6;20,8;15,7;14,6;14,6;12,8;9,95;8,52;7,98;7,72;6,25;5,15;3,99;3,15;2,42;2,15;2,15;1,79;1,17;0,917;0,84;1;1;1;1;1;1;1;1;1;1;1;1;1;1;1;1;1;1;1;1;1;1;1;1;1;1;1;1;1;1;1;
37030000;1989;8;0,766;0,766;0,696;0,508;0,508;0,401;0,353;0,193;0,107;0,107;0,065;0,065;0,065;0,048;0,034;0,022;0,034;0,022;0,014;0,007;0,007;0,022;0,034;0,065;0,107;0,161;0,107;0,107;0,107;0,107;0,107;1;1;1;1;1;1;1;1;1;1;1;1;1;1;1;1;1;1;1;1;1;1;1;1;1;1;1;1;1;1;1;
37030000;1989;9;0,107;0,107;0,084;0,107;0,107;0,107;0,107;0,107;0,107;0,107;0,107;0,107;0,107;0,107;0,107;0,107;0,107;0,107;0,107;0,084;0,065;0,034;0,034;0,014;0,007;0,003;0;0;0;0;-;1;1;1;1;1;1;1;1;1;1;1;1;1;1;1;1;1;1;1;1;1;1;1;1;1;1;1;1;1;1;0;
37030000;1989;10;0;0;0;0;0;0;0;0;0;0;0;0;0;0;0;0;0;0;0;0;0;0;0;0;0;0;0;0;0;0;0;1;1;1;1;1;1;1;1;1;1;1;1;1;1;1;1;1;1;1;1;1;1;1;1;1;1;1;1;1;1;1;
37030000;1989;11;0;0;0;0;0;0;0;0;0;0;0;0;0;0;0;0;0;0;0;0;0;0;0;0;0;0;0;0;0;0;-;1;1;1;1;1;1;1;1;1;1;1;1;1;1;1;1;1;1;1;1;1;1;1;1;1;1;1;1;1;1;0;
37030000;1989;12;0;0;0;0;0;0;0;0;0;0;0;0;0;0;0;0;0;0;0;0;0;0;0;0;0;0;0;0;0;0;0;1;1;1;1;1;1;1;1;1;1;1;1;1;1;1;1;1;1;1;1;1;1;1;1;1;1;1;1;1;1;1;
37030000;1990;1;0;0;0;0;0;0;0;0;0;0;0;0;0;0;0;0;0;0;0;0;0;0;0;0;0;0;0;0;0;0;0;1;1;1;1;1;1;1;1;1;1;1;1;1;1;1;1;1;1;1;1;1;1;1;1;1;1;1;1;1;1;1;
37030000;1990;2;0;0;0;0;0;0;0;0;0;0;0;0;0;0;0;0;0;0;0;0;0;0;0;0;0;0;0;0;-;-;-;1;1;1;1;1;1;1;1;1;1;1;1;1;1;1;1;1;1;1;1;1;1;1;1;1;1;1;1;0;0;0;
37030000;1990;3;0;0;0;0;0;0;0;0;0;0;0;0;0;0;0;0;0;0;0;0;0;0;0;0;0;0;0;0;0;0;0;1;1;1;1;1;1;1;1;1;1;1;1;1;1;1;1;1;1;1;1;1;1;1;1;1;1;1;1;1;1;1;
37030000;1990;4;0;0;0;0;0;0;0;0;0;0;0;0;0;0;0;0;0;0;0;0;0;0;0;0;0;0;0;0;0;0;-;1;1;1;1;1;1;1;1;1;1;1;1;1;1;1;1;1;1;1;1;1;1;1;1;1;1;1;1;1;1;0;
37030000;1990;5;0;0;0;0;0;0;0;0;0;0;0;0;0;0;0;0;0;0;0;0;0;0;0;0;0;0;0;0;0;0;0;1;1;1;1;1;1;1;1;1;1;1;1;1;1;1;1;1;1;1;1;1;1;1;1;1;1;1;1;1;1;1;
37030000;1990;6;0;0;0;0;0;0;0;0;0;0;0;0;0;0;0;0;0;0;0;0;0;0;0;0;0;0;0;0;0;0;-;1;1;1;1;1;1;1;1;1;1;1;1;1;1;1;1;1;1;1;1;1;1;1;1;1;1;1;1;1;1;0;
37030000;1990;7;0;0;0;0;0;0;0;0;0;0;0;0;0;0;0;0;0;0;0;0;0;0;0;0;0;0;0;0;0;0;0;1;1;1;1;1;1;1;1;1;1;1;1;1;1;1;1;1;1;1;1;1;1;1;1;1;1;1;1;1;1;1;
37030000;1990;8;0;0;0;0;0;0;0;0;0;0;0;0;0;0;0;0;0;0;0;0;0;0;0;0;0;0;0;0;0;0;0;1;1;1;1;1;1;1;1;1;1;1;1;1;1;1;1;1;1;1;1;1;1;1;1;1;1;1;1;1;1;1;
37030000;1990;9;0;0;0;0;0;0;0;0;0;0;0;0;0;0;0;0;0;0;0;0;0;0;0;0;0;0;0;0;0;0;-;1;1;1;1;1;1;1;1;1;1;1;1;1;1;1;1;1;1;1;1;1;1;1;1;1;1;1;1;1;1;0;
37030000;1990;10;0;0;0;0;0;0;0;0;0;0;0;0;0;0;0;0;0;0;0;0;0;0;0;0;0;0;0;0;0;0;0;1;1;1;1;1;1;1;1;1;1;1;1;1;1;1;1;1;1;1;1;1;1;1;1;1;1;1;1;1;1;1;
37030000;1990;11;0;0;0;0;0;0;0;0;0;0;0;0;0;0;0;0;0;0;0;0;0;0;0;0;0;0;0;0;0;0;-;1;1;1;1;1;1;1;1;1;1;1;1;1;1;1;1;1;1;1;1;1;1;1;1;1;1;1;1;1;1;0;
37030000;1990;12;0;0;0;0;0;0;0;0;0;0;0;0;0;0;0;0;0;0;0;0;0;0;0;0;0;0;0;0;0;0;0;1;1;1;1;1;1;1;1;1;1;1;1;1;1;1;1;1;1;1;1;1;1;1;1;1;1;1;1;1;1;1;
37030000;1991;1;0;0;0;0;0;0;0;0;0;0;0;0;0;0;0;0;0;0;0;0;0;0;0;0;0;0;0;0;0;0;0;1;1;1;1;1;1;1;1;1;1;1;1;1;1;1;1;1;1;1;1;1;1;1;1;1;1;1;1;1;1;1;
37030000;1991;2;0;0;0;0;0;0;0;0;0;0;0;0;0;0;0;0;0;0;0;0;0;0;0;0;0;0;0;0;-;-;-;1;1;1;1;1;1;1;1;1;1;1;1;1;1;1;1;1;1;1;1;1;1;1;1;1;1;1;1;0;0;0;
37030000;1991;3;0;0;0;0;0;0;0;0;0;0;0;0;0;0;0;0;0;0;0;0;0;0;0;0;0;0;0;0;0;0;0;1;1;1;1;1;1;1;1;1;1;1;1;1;1;1;1;1;1;1;1;1;1;1;1;1;1;1;1;1;1;1;
37030000;1991;4;0;0;0;0;0;0;0;0;0;0;0;0;0;0;0;0;0;0;0;0;0;0;0;0;0;0;0;0,917;1,57;2,56;-;1;1;1;1;1;1;1;1;1;1;1;1;1;1;1;1;1;1;1;1;1;1;1;1;1;1;1;1;1;1;0;
37030000;1991;5;2,7;2,28;1,57;1,27;0,998;0,917;0,84;0,696;0,508;0,508;0,453;0,308;0,228;0,161;0,132;0,107;0,107;0,084;0,065;0,266;1,57;4,55;8,24;8,24;8,52;6,02;5,15;4,55;3,99;3,64;3,31;1;1;1;1;1;1;1;1;1;1;1;1;1;1;1;1;1;1;1;1;1;1;1;1;1;1;1;1;1;1;1;
37030000;1991;6;3,31;2,84;2,42;2,15;1,91;1,57;1,27;1,17;0,998;0,917;0,63;0,508;0,508;0,508;0,508;0,508;0,453;0,453;0,401;0,266;0,228;0,228;0,228;0,107;0,107;0,107;0,084;0,084;0,065;0,065;-;1;1;1;1;1;1;1;1;1;1;1;1;1;1;1;1;1;1;1;1;1;1;1;1;1;1;1;1;1;1;0;
37030000;1991;7;0,022;0,003;0;0;0;0;0;0;0;0;0;0;0;0;0;0;0;0;0;0;0;0;0;0;0;0;0;0;0;0;0;1;1;1;1;1;1;1;1;1;1;1;1;1;1;1;1;1;1;1;1;1;1;1;1;1;1;1;1;1;1;1;
37030000;1991;8;0;0;0;0;0;0;0;0;0;0;0;0;0;0;0;0;0;0;0;0;0;0;0;0;0;0;0;0;0;0;0;1;1;1;1;1;1;1;1;1;1;1;1;1;1;1;1;1;1;1;1;1;1;1;1;1;1;1;1;1;1;1;
37030000;1991;9;0;0;0;0;0;0;0;0;0;0;0;0;0;0;0;0;0;0;0;0;0;0;0;0;0;0;0,004;0,004;0,004;0,001;-;1;1;1;1;1;1;1;1;1;1;1;1;1;1;1;1;1;1;1;1;1;1;1;1;1;1;1;1;1;1;0;
37030000;1991;10;0,004;0,004;0,004;0,004;0,001;0,001;0;0;0;0;0;0;0;0;0;0;0;0;0;0;0;0;0;0;0;0;0;0;0;0;0;1;1;1;1;1;1;1;1;1;1;1;1;1;1;1;1;1;1;1;1;1;1;1;1;1;1;1;1;1;1;1;
37030000;1991;11;0;0;0;0;0;0;0;0;0;0;0;0;0;0;0;0;0;0;0;0;0;0;0;0;0;0;0;0;0;0;-;1;1;1;1;1;1;1;1;1;1;1;1;1;1;1;1;1;1;1;1;1;1;1;1;1;1;1;1;1;1;0;
37030000;1991;12;0,004;0,004;0,018;0,018;0,018;0,018;0,018;0,018;0,018;0,018;0,018;0,018;0,018;0,018;0,018;0,018;0,018;0,018;0,018;0,018;0,018;0,004;0,004;0,004;0,004;0,004;0,004;0,004;0,004;0,004;0,004;1;1;1;1;1;1;1;1;1;1;1;1;1;1;1;1;1;1;1;1;1;1;1;1;1;1;1;1;1;1;1;
37030000;1992;1;0,004;0,004;0,004;0,018;0,018;0,018;0,018;0,018;0,018;0,018;0,018;0,018;0,018;0,018;0,018;0,03;0,03;0,044;0,044;0,044;0,044;0,03;0,03;0,044;0,044;0,044;0,044;0,044;0,044;0,044;0,044;1;1;1;1;1;1;1;1;1;1;1;1;1;1;1;1;1;1;1;1;1;1;1;1;1;1;1;1;1;1;1;
37030000;1992;2;0,044;0,044;0,044;0,044;0,044;0,044;0,044;0,044;0,044;0,044;0,044;0,044;0,044;0,044;0,044;0,044;0,044;0,044;0,044;0,03;0,018;0,018;0,018;0,018;0,018;0,044;0,044;0,044;0,044;-;-;1;1;1;1;1;1;1;1;1;1;1;1;1;1;1;1;1;1;1;1;1;1;1;1;1;1;1;1;1;0;0;
37030000;1992;3;0,018;0,018;0,018;0,018;0,018;0,018;0,018;0,018;0,03;0,044;0,083;0,083;0,083;0,136;0,136;0,136;0,203;0,242;0,331;0,436;0,557;0,623;0,769;1,31;1,52;1,52;1,88;2,27;2,71;2,86;2,86;1;1;1;1;1;1;1;1;1;1;1;1;1;1;1;1;1;1;1;1;1;1;1;1;1;1;1;1;1;1;1;
37030000;1992;4;3,71;4,08;3,89;3,19;3,19;2,86;2,71;2,27;2,27;2,27;2,13;1,88;1,75;1,52;1,52;1,41;1,31;1,31;1,21;1,11;1,11;0,931;0,694;0,623;0,557;0,382;0,242;0,167;0,136;0,108;-;1;1;1;1;1;1;1;1;1;1;1;1;1;1;1;1;1;1;1;1;1;1;1;1;1;1;1;1;1;1;0;
37030000;1992;5;0,108;0,108;0,108;0,083;0,083;0,083;0,083;0,083;0,083;0,062;0,062;0,083;0,083;0,083;0,083;0,083;0,083;0,083;0,083;0,083;0,083;0,083;0,083;0,083;0,083;0,083;0,083;0,083;0,083;0,083;0,062;1;1;1;1;1;1;1;1;1;1;1;1;1;1;1;1;1;1;1;1;1;1;1;1;1;1;1;1;1;1;1;
37030000;1992;6;0,062;0,062;0,108;0,108;0,108;0,108;0,108;0,108;0,108;0,108;0,108;0,108;0,108;0,108;0,108;0,108;0,108;0,108;0,108;0,108;0,083;0,083;0,083;0,083;0,083;0,083;0,062;0,062;0,062;0,062;-;1;1;1;1;1;1;1;1;1;1;1;1;1;1;1;1;1;1;1;1;1;1;1;1;1;1;1;1;1;1;0;
37030000;1992;7;0,062;0,062;0,062;0,062;0,062;0,062;0,062;0,062;0,108;0,284;0,331;0,331;0,331;0,331;0,331;0,136;0,018;0,018;0,018;0,018;0,018;0,03;0,108;0,284;0,436;0,623;0,769;0,769;0,769;0,769;0,769;1;1;1;1;1;1;1;1;1;1;1;1;1;1;1;1;1;1;1;1;1;1;1;1;1;1;1;1;1;1;1;
37030000;1992;8;0,769;0,769;0,623;0,694;0,769;0,769;0,769;0,769;0,769;0,769;0,623;0,623;0,623;0,623;0,623;0,623;0,623;0,623;0,623;0,623;0,623;0,623;0,557;0,557;0,494;0,494;0,494;0,494;0,494;0,494;0,494;1;1;1;1;1;1;1;1;1;1;1;1;1;1;1;1;1;1;1;1;1;1;1;1;1;1;1;1;1;1;1;
37030000;1992;9;0,494;0,494;0,136;0,136;0,136;0,136;0,136;0,136;0,136;0,136;0,136;0,136;0,108;0,108;0,108;0,108;0,108;0,108;0,083;0,083;0,083;0,083;0,083;0,062;0,062;0,062;0,062;0,062;0,044;0,044;-;1;1;1;1;1;1;1;1;1;1;1;1;1;1;1;1;1;1;1;1;1;1;1;1;1;1;1;1;1;1;0;
37030000;1992;10;0,044;0,044;0,044;0,044;0,044;0,044;0,044;0,03;0,018;0,018;0,018;0,018;0,018;0,018;0,018;0,018;0,018;0,018;0,018;0,018;0,018;0,018;0,018;0,018;0,01;0,004;0,004;0,004;0,004;0,004;0,004;1;1;1;1;1;1;1;1;1;1;1;1;1;1;1;1;1;1;1;1;1;1;1;1;1;1;1;1;1;1;1;
37030000;1992;11;0;0;0;0;0;0;0;0;0;0;0;0;0;0;0;0;0;0;0;0;0;0;0;0;0;0;0;0;0;0;-;1;1;1;1;1;1;1;1;1;1;1;1;1;1;1;1;1;1;1;1;1;1;1;1;1;1;1;1;1;1;0;
37030000;1992;12;0;0;0;0;0;0;0;0;0;0;0;0;0;0;0;0;0;0;0;0;0;0;0;0;0;0;0;0;0;0;0;1;1;1;1;1;1;1;1;1;1;1;1;1;1;1;1;1;1;1;1;1;1;1;1;1;1;1;1;1;1;1;
37030000;1993;1;0;0,004;0,004;0,136;0,136;0,136;0,136;0,242;0,242;0,382;0,382;0,382;0,494;0,494;0,494;0,557;0,623;0,623;0,769;0,769;0,694;0,694;0,694;0,623;0,694;0,694;0,694;0,694;0,694;0,694;0,694;1;1;1;1;1;1;1;1;1;1;1;1;1;1;1;1;1;1;1;1;1;1;1;1;1;1;1;1;1;1;1;
37030000;1993;2;0,694;0,694;0,694;0,694;0,623;0,623;0,623;0,623;0,623;0,623;0,623;0,623;0,623;0,557;0,557;0,557;0,494;0,494;0,494;0,494;0,494;0,494;0,494;0,494;0,494;0,494;0,494;0,494;-;-;-;1;1;1;1;1;1;1;1;1;1;1;1;1;1;1;1;1;1;1;1;1;1;1;1;1;1;1;1;0;0;0;
37030000;1993;3;0,494;0,494;0,494;0,494;0,494;0,494;0,494;0,382;0,382;0,382;0,382;0,382;0,382;0,382;0,382;0,382;0,382;0,382;0,382;0,382;0,382;0;0;0;0;0;0;0;0;0;0;1;1;1;1;1;1;1;1;1;1;1;1;1;1;1;1;1;1;1;1;1;1;1;1;1;1;1;1;1;1;1;
37030000;1993;4;0;0;0;0;0;0;0;0;0;0;0;0;0;0;0;0;0;0;0;0;0;0;0;0;0;0;0;0;0;0;-;1;1;1;1;1;1;1;1;1;1;1;1;1;1;1;1;1;1;1;1;1;1;1;1;1;1;1;1;1;1;0;
37030000;1993;5;0;0;0;0;0;0;0;0;0;0;0;0;0;0;0;0;0;0;0;0;0;0;0;0;0;0;0;0;0;0;0;1;1;1;1;1;1;1;1;1;1;1;1;1;1;1;1;1;1;1;1;1;1;1;1;1;1;1;1;1;1;1;
37030000;1993;6;0;0;0;0;0;0;0;0;0;0;0;0;0;0;0;0;0;0;0;0;0;0;0;0;0;0;0;0;0;0;-;1;1;1;1;1;1;1;1;1;1;1;1;1;1;1;1;1;1;1;1;1;1;1;1;1;1;1;1;1;1;0;
37030000;1993;7;0;0;0;0;0;0;0;0;0;0;0;0;0;0;0;0;0;0;0;0;0;0;0;0;0;0;0;0;0;0;0;1;1;1;1;1;1;1;1;1;1;1;1;1;1;1;1;1;1;1;1;1;1;1;1;1;1;1;1;1;1;1;
37030000;1993;8;0;0;0;0;0;0;0;0;0;0;0;0;0;0;0;0;0;0;0;0;0;0;0;0;0;0;0;0;0;0;0;1;1;1;1;1;1;1;1;1;1;1;1;1;1;1;1;1;1;1;1;1;1;1;1;1;1;1;1;1;1;1;
37030000;1993;9;0;0;0;0;0;0;0;0;0;0;0;0;0;0;0;0;0;0;0;0;0;0;0;0;0;0;0;0;0;0;-;1;1;1;1;1;1;1;1;1;1;1;1;1;1;1;1;1;1;1;1;1;1;1;1;1;1;1;1;1;1;0;
37030000;1993;10;0;0;0;0;0;0;0;0;0;0;0;0;0;0;0;0;0;0;0;0;0;0;0;0;0;0;0;0;0;0;0;1;1;1;1;1;1;1;1;1;1;1;1;1;1;1;1;1;1;1;1;1;1;1;1;1;1;1;1;1;1;1;
37030000;1993;11;0;0;0;0;0;0;0;0;0;0;0;0;0;0;0;0;0;0;0;0;0;0;0;0;0;0;0;0;0;0;-;1;1;1;1;1;1;1;1;1;1;1;1;1;1;1;1;1;1;1;1;1;1;1;1;1;1;1;1;1;1;0;
37030000;1993;12;0;0;0;0;0;0;0;0;0;0;0;0;0;0;0;0;0;0;0;0;0;0;0;0;0;0;0;0;0;0;0;1;1;1;1;1;1;1;1;1;1;1;1;1;1;1;1;1;1;1;1;1;1;1;1;1;1;1;1;1;1;1;
37030000;1994;1;0;0;0;0;0;0;0;0;0;0;0;0;0;0;0;0;0;0;0;0;0;0;0;0;0;0;0;0;0;0;0;1;1;1;1;1;1;1;1;1;1;1;1;1;1;1;1;1;1;1;1;1;1;1;1;1;1;1;1;1;1;1;
37030000;1994;2;0;0;0;0;0;0;0;0;0;0;0;0;0;0;0;0;0;0;0;0;0;0;0;0;0;0;0;0;-;-;-;1;1;1;1;1;1;1;1;1;1;1;1;1;1;1;1;1;1;1;1;1;1;1;1;1;1;1;1;0;0;0;
37030000;1994;3;0;0;0;0;0;0;0;0;0;0;0;0;0;0,001;0,018;0,062;0,136;0,242;0,557;0,623;0,623;0,494;0,436;0,694;0,931;1,02;1,11;1,52;1,63;1,75;1,75;1;1;1;1;1;1;1;1;1;1;1;1;1;1;1;1;1;1;1;1;1;1;1;1;1;1;1;1;1;1;1;
37030000;1994;4;2;2,13;2,27;2,27;2,27;2,41;2,41;2,41;2,86;2,71;2,41;2,56;2,86;3,02;2,71;2,56;2,71;2,56;2,86;2,86;2,71;2,56;2,56;2,27;2,27;2,27;2,56;2,71;2,71;2,71;-;1;1;1;1;1;1;1;1;1;1;1;1;1;1;1;1;1;1;1;1;1;1;1;1;1;1;1;1;1;1;0;
37030000;1994;5;1,31;0,931;0,331;0,136;0,018;0,108;0,136;0,203;0,203;0,167;0,242;0,284;0,382;0,382;0,623;0,848;1,11;1,11;1,02;1,02;1,02;0,931;0,931;0,931;0,931;0,931;0,931;0,931;0,931;0,931;0,931;1;1;1;1;1;1;1;1;1;1;1;1;1;1;1;1;1;1;1;1;1;1;1;1;1;1;1;1;1;1;1;
37030000;1994;6;0,931;0,931;0,931;1,02;1,11;1,11;1,11;1,21;1,31;0,694;0,331;0,242;0,242;0,331;0,382;0,382;0,436;0,494;0,623;0,623;0,623;0,769;0,848;0,769;0,694;0,623;0,623;0,557;0,557;0,557;-;1;1;1;1;1;1;1;1;1;1;1;1;1;1;1;1;1;1;1;1;1;1;1;1;1;1;1;1;1;1;0;
37030000;1994;7;0,557;0,494;0,494;0,494;0,382;0,382;0,382;0,382;0,382;0,382;0,382;0,382;0,382;0,331;0,331;0,331;0,331;0,284;0,284;0,284;0,284;0,284;0,284;0,284;0,284;0,242;0,242;0,242;0,242;0,242;0,242;1;1;1;1;1;1;1;1;1;1;1;1;1;1;1;1;1;1;1;1;1;1;1;1;1;1;1;1;1;1;1;
37030000;1994;8;0,242;0,242;0,203;0,167;0,136;0,136;0,108;0,108;0,108;0,083;0,083;0,044;0,044;0,044;0;0;0;0;0;0;0;0;0;0;0;0;0;0;0;0;0;1;1;1;1;1;1;1;1;1;1;1;1;1;1;1;1;1;1;1;1;1;1;1;1;1;1;1;1;1;1;1;
37030000;1994;9;0;0;0;0;0;0;0;0;0;0;0;0;0;0;0;0;0;0;0;0;0;0;0;0;0;0;0;0;0;0;-;1;1;1;1;1;1;1;1;1;1;1;1;1;1;1;1;1;1;1;1;1;1;1;1;1;1;1;1;1;1;0;
37030000;1994;10;0;0;0;0;0;0;0;0;0;0;0;0;0;0;0;0;0;0;0;0;0;0;0;0;0;0;0;0;0;0;0;1;1;1;1;1;1;1;1;1;1;1;1;1;1;1;1;1;1;1;1;1;1;1;1;1;1;1;1;1;1;1;
37030000;1994;11;0;0;0;0;0;0;0;0;0;0;0;0;0;0;0;0;0;0;0;0;0;0;0;0;0;0;0;0;0;0;-;1;1;1;1;1;1;1;1;1;1;1;1;1;1;1;1;1;1;1;1;1;1;1;1;1;1;1;1;1;1;0;
37030000;1994;12;0;0;0;0;0;0;0;0;0;0;0;0;0;0;0;0;0;0;0;0;0;0;0;0;0;0;0;0;0;0;0;1;1;1;1;1;1;1;1;1;1;1;1;1;1;1;1;1;1;1;1;1;1;1;1;1;1;1;1;1;1;1;
37030000;1995;1;0;0;0;0;0;0;0;0;0;0;0;0;0;0;0;0;0;0;0;0;0;0;0;0;0;0;0;0;0;0;0;1;1;1;1;1;1;1;1;1;1;1;1;1;1;1;1;1;1;1;1;1;1;1;1;1;1;1;1;1;1;1;
37030000;1995;2;0;0;0;0;0;0;0;0;0;0;0;0;0;0;0;0;0;0;0;0;0;0;0;0;0;0;0;0;-;-;-;1;1;1;1;1;1;1;1;1;1;1;1;1;1;1;1;1;1;1;1;1;1;1;1;1;1;1;1;0;0;0;
37030000;1995;3;0;0;0;0;0;0;0;0;0;0;0;0;0;0;0;0;0;0;0;0;0;0;0;0;0;0;0;0;0;0;0;1;1;1;1;1;1;1;1;1;1;1;1;1;1;1;1;1;1;1;1;1;1;1;1;1;1;1;1;1;1;1;
37030000;1995;4;0;0;0;0;0;0;0;0;0,044;0,136;0,382;-;-;-;-;-;-;-;-;-;-;-;-;-;-;-;-;-;-;-;-;1;1;1;1;1;1;1;1;1;1;1;0;0;0;0;0;0;0;0;0;0;0;0;0;0;0;0;0;0;0;0;
37030000;1995;5;0,5;0,5;1;1,21;1,63;3,02;4,68;5,1;4,89;4,68;4,48;4,68;3,89;3,89;3,89;3,53;3,19;2,86;2,86;2,71;2,71;2,71;5,32;6,99;45,1;141;69,1;45,1;27;16,2;9,5;2;2;2;1;1;1;1;1;1;1;1;1;1;1;1;1;1;1;1;1;1;1;1;1;1;1;1;1;1;1;1;
37030000;1995;6;8,91;6,99;6,73;6,49;6;5,54;5,1;4,68;4,68;3,89;3,02;2,86;2,27;2;1,75;1,75;1,52;1,52;1,41;1,11;1,02;0,931;0,769;0,769;0,769;0,769;0,769;0,769;0,769;0,769;-;1;1;1;1;1;1;1;1;1;1;1;1;1;1;1;1;1;1;1;1;1;1;1;1;1;1;1;1;1;1;0;
37030000;1995;7;0;0;0;0;0;0;0;0;0;0;0;0;0;0;0;0;0;0;0;0;0;0;0;0;0;0;0;0;0;0;0;1;1;1;1;1;1;1;1;1;1;1;1;1;1;1;1;1;1;1;1;1;1;1;1;1;1;1;1;1;1;1;
37030000;1995;8;0;0;0;0;0;0;0;0;0;0;0;0;0;0;0;0;0;0;0;0;0;0;0;0;0;0;0;0;0;0;0;1;1;1;1;1;1;1;1;1;1;1;1;1;1;1;1;1;1;1;1;1;1;1;1;1;1;1;1;1;1;1;
37030000;1995;9;0;0;0;0;0;0;0;0;0;0;0;0;0;0;0;0;0;0;0;0;0;0;0;0;0;0;0;0;0;0;-;1;1;1;1;1;1;1;1;1;1;1;1;1;1;1;1;1;1;1;1;1;1;1;1;1;1;1;1;1;1;0;
37030000;1995;10;0;0;0;0;0;0;0;0;0;0;0;0;0;0;0;0;0;0;0;0;0;0;0;0;0;0;0;0;0;0;0;1;1;1;1;1;1;1;1;1;1;1;1;1;1;1;1;1;1;1;1;1;1;1;1;1;1;1;1;1;1;1;
37030000;1995;11;0;0;0;0;0;0;0;0;0;0;0;0;0;0;0;0;0;0;0;0;0;0;0;0;0;0;0;0;0;0;-;1;1;1;1;1;1;1;1;1;1;1;1;1;1;1;1;1;1;1;1;1;1;1;1;1;1;1;1;1;1;0;
37030000;1995;12;0;0;0;0;0;0;0;0;0;0;0;0;0;0;0;0;0;0;0;0;0;0;0;0;0;0;0;0;0;0;0;1;1;1;1;1;1;1;1;1;1;1;1;1;1;1;1;1;1;1;1;1;1;1;1;1;1;1;1;1;1;1;
37030000;1996;1;0;0;0;0;0;0;0;0;0;0;0;0;0;0;0;0;0;0;0;0;0;0;0;0;0;0;0;0;0;0;0;1;1;1;1;1;1;1;1;1;1;1;1;1;1;1;1;1;1;1;1;1;1;1;1;1;1;1;1;1;1;1;
37030000;1996;2;0;0;0;0;0;0;0;0;0;0;0;0;0;0;0;0;0;0;0;0;0;0;0;0;0;0;0;0;0;-;-;1;1;1;1;1;1;1;1;1;1;1;1;1;1;1;1;1;1;1;1;1;1;1;1;1;1;1;1;1;0;0;
37030000;1996;3;0;0;0;0;0;0;0;0;0;0;0;0;1,63;2,27;2,13;2;1,88;1,52;1,52;1,31;1,11;0,769;0,557;0,557;0,382;0,203;0;0;0;0;0;1;1;1;1;1;1;1;1;1;1;1;1;1;1;1;1;1;1;1;1;1;1;1;1;1;1;1;1;1;1;1;
37030000;1996;4;0;0;0;0;0;0;0;5,32;4,68;3,36;0,284;0;0;0;0;0;0;1,52;2,56;2,86;3,02;3,53;4,68;6;20,6;56,4;47,2;38,3;45,1;64,7;-;1;1;1;1;1;1;1;1;1;1;1;1;1;1;1;1;1;1;1;1;1;1;1;1;1;1;1;1;1;1;0;
37030000;1996;5;60,5;56,4;41,6;48,7;132;96,6;69,1;69,1;63;60,5;54,8;50,2;48;33,9;22;17,9;10,1;9,2;8,91;9,5;10,1;9,5;8,05;6,49;4,68;4,28;3,71;3,02;2,41;2;2,86;1;1;1;1;1;1;1;1;1;1;1;1;1;1;1;1;1;1;1;1;1;1;1;1;1;1;1;1;1;1;1;
37030000;1996;6;2,41;6;7,51;5,32;3,89;3,89;3,89;3,36;2,56;2;1,63;1,02;0,694;0,284;0,136;0;0;0;0;0;0;0;0;0;0;0;0;0;0;0;-;1;1;1;1;1;1;1;1;1;1;1;1;1;1;1;1;1;1;1;1;1;1;1;1;1;1;1;1;1;1;0;
37030000;1996;7;0;0;0;0;0;0;0;0;0;0;0;0;0;0;0;0;0;0;0;0;0;0;0;0;0;0;0;0;0;0;0;1;1;1;1;1;1;1;1;1;1;1;1;1;1;1;1;1;1;1;1;1;1;1;1;1;1;1;1;1;1;1;
37030000;1996;8;0;0;0;0;0;0;0;0;0;0;0;0;0;0;0;0;0;0;0;0;0;0;0;0;0;0;0;0;0;0;0;1;1;1;1;1;1;1;1;1;1;1;1;1;1;1;1;1;1;1;1;1;1;1;1;1;1;1;1;1;1;1;
37030000;1996;9;0;0;0;0;0;0;0;0;0;0;0;0;0;0;0;0;0;0;0;0;0;0;0;0;0;0;0;0;0;0;-;1;1;1;1;1;1;1;1;1;1;1;1;1;1;1;1;1;1;1;1;1;1;1;1;1;1;1;1;1;1;0;
37030000;1996;10;0;0;0;0;0;0;0;0;0;0;0;0;0;0;0;0;0;0;0;0;0;0;0;0;0;0;0;0;0;0;0;1;1;1;1;1;1;1;1;1;1;1;1;1;1;1;1;1;1;1;1;1;1;1;1;1;1;1;1;1;1;1;
37030000;1996;11;0;0;0;0;0;0;0;0;0;0;0;0;0;0;0;0;0;0;0;0;0;0;0;0;0;0;0;0;0;0;-;1;1;1;1;1;1;1;1;1;1;1;1;1;1;1;1;1;1;1;1;1;1;1;1;1;1;1;1;1;1;0;
37030000;1996;12;0;0;0;0;0;0;0;0;0;0;0;0;0;0;0;0;0;0;0;0;0;0;0;0;0;0;0;0;0;0;0;1;1;1;1;1;1;1;1;1;1;1;1;1;1;1;1;1;1;1;1;1;1;1;1;1;1;1;1;1;1;1;
37030000;1997;1;0;0;0;0;0;0;0;0;0;0;0;0;0;0;0;0;0;0;0;0;0;0;0;0;0;0;0;0;0;0;0;1;1;1;1;1;1;1;1;1;1;1;1;1;1;1;1;1;1;1;1;1;1;1;1;1;1;1;1;1;1;1;
37030000;1997;2;0;0;0;0;0;0;0;0;0;0;0;0;0;0;0;0;0;0;0;0;0;0;0;0;0;0;0;0;-;-;-;1;1;1;1;1;1;1;1;1;1;1;1;1;1;1;1;1;1;1;1;1;1;1;1;1;1;1;1;0;0;0;
37030000;1997;3;0;0;0;0;0;0;0;0;0;0;0;0;0;0;0;0;0;0;0;0;0;0;0;0;0;0;0;0;0;0;0;1;1;1;1;1;1;1;1;1;1;1;1;1;1;1;1;1;1;1;1;1;1;1;1;1;1;1;1;1;1;1;
37030000;1997;4;0;0;0;0;0;0;0;0;0;0;0;0;0;0;0;0;0;0;0;0;0;0;0;0;0;0;0;0;0;0;-;1;1;1;1;1;1;1;1;1;1;1;1;1;1;1;1;1;1;1;1;1;1;1;1;1;1;1;1;1;1;0;
37030000;1997;5;0;0;0;0;0;0;0;0;0;0;0;0;0;0;0;0;0;0;0;0;0;0;0;0;0;0;0;0;0;0;0;1;1;1;1;1;1;1;1;1;1;1;1;1;1;1;1;1;1;1;1;1;1;1;1;1;1;1;1;1;1;1;
37030000;1997;6;0;0;0;0;0;0;0;0;0;0;0;0;0;0;0;0;0;0;0;0;0;0;0;0;0;0;0;0;0;0;-;1;1;1;1;1;1;1;1;1;1;1;1;1;1;1;1;1;1;1;1;1;1;1;1;1;1;1;1;1;1;0;
37030000;1997;7;0;0;0;0;0;0;0;0;0;0;0;0;0;0;0;0;0;0;0;0;0;0;0;0;0;0;0;0;0;0;0;1;1;1;1;1;1;1;1;1;1;1;1;1;1;1;1;1;1;1;1;1;1;1;1;1;1;1;1;1;1;1;
37030000;1997;8;0;0;0;0;0;0;0;0;0;0;0;0;0;0;0;0;0;0;0;0;0;0;0;0;0;0;0;0;0;0;0;1;1;1;1;1;1;1;1;1;1;1;1;1;1;1;1;1;1;1;1;1;1;1;1;1;1;1;1;1;1;1;
37030000;1997;9;0;0;0;0;0;0;0;0;0;0;0;0;0;0;0;0;0;0;0;0;0;0;0;0;0;0;0;0;0;0;-;1;1;1;1;1;1;1;1;1;1;1;1;1;1;1;1;1;1;1;1;1;1;1;1;1;1;1;1;1;1;0;
37030000;1997;10;0;0;0;0;0;0;0;0;0;0;0;0;0;0;0;0;0;0;0;0;0;0;0;0;0;0;0;0;0;0;0;1;1;1;1;1;1;1;1;1;1;1;1;1;1;1;1;1;1;1;1;1;1;1;1;1;1;1;1;1;1;1;
37030000;1997;11;0;0;0;0;0;0;0;0;0;0;0;0;0;0;0;0;0;0;0;0;0;0;0;0;0;0;0;0;0;0;-;1;1;1;1;1;1;1;1;1;1;1;1;1;1;1;1;1;1;1;1;1;1;1;1;1;1;1;1;1;1;0;
37030000;1997;12;0;0;0;0;0;0;0;0;0;0;0;0;0;0;0;0;0;0;0;0;0;0;0;0;0;0;0;0;0;0;0;1;1;1;1;1;1;1;1;1;1;1;1;1;1;1;1;1;1;1;1;1;1;1;1;1;1;1;1;1;1;1;
37030000;1998;1;0;0;0;0;0;0;0;0;0;0;0;0;0;0;0;0;0;0;0;0;0;0;0;0;0;0;0;0;0;0;0;1;1;1;1;1;1;1;1;1;1;1;1;1;1;1;1;1;1;1;1;1;1;1;1;1;1;1;1;1;1;1;
37030000;1998;2;0;0;0;0;0;0;0;0;0;0;0;0;0;0;0;0;0;0;0;0;0;0;0;0;0;0;0;0;-;-;-;1;1;1;1;1;1;1;1;1;1;1;1;1;1;1;1;1;1;1;1;1;1;1;1;1;1;1;1;0;0;0;
37030000;1998;3;0;0;0;0;0;0;0;0;0;0;0;0;0;0;0;0;0;0;0;0;0;0;0;0;0;0;0;0;0;0;0;1;1;1;1;1;1;1;1;1;1;1;1;1;1;1;1;1;1;1;1;1;1;1;1;1;1;1;1;1;1;1;
37030000;1998;4;0;0;0;0;0;0;0;0;0;0;0;0;0;0;0;0;0;0;0;0;0;0;0;0;0;0;0;0;0;0;-;1;1;1;1;1;1;1;1;1;1;1;1;1;1;1;1;1;1;1;1;1;1;1;1;1;1;1;1;1;1;0;
37030000;1998;5;0;0;0;0;0;0;0;0;0;0;0;0;0;0;0;0;0;0;0;0;0;0;0;0;0;0;0;0;0;0;0;1;1;1;1;1;1;1;1;1;1;1;1;1;1;1;1;1;1;1;1;1;1;1;1;1;1;1;1;1;1;1;
37030000;1998;6;0;0;0;0;0;0;0;0;0;0;0;0;0;0;0;0;0;0;0;0;0;0;0;0;0;0;0;0;0;0;-;1;1;1;1;1;1;1;1;1;1;1;1;1;1;1;1;1;1;1;1;1;1;1;1;1;1;1;1;1;1;0;
37030000;1998;7;0;0;0;0;0;0;0;0;0;0;0;0;0;0;0;0;0;0;0;0;0;0;0;0;0;0;0;0;0;0;0;1;1;1;1;1;1;1;1;1;1;1;1;1;1;1;1;1;1;1;1;1;1;1;1;1;1;1;1;1;1;1;
37030000;1998;8;0;0;0;0;0;0;0;0;0;0;0;0;0;0;0;0;0;0;0;0;0;0;0;0;0;0;0;0;0;0;0;1;1;1;1;1;1;1;1;1;1;1;1;1;1;1;1;1;1;1;1;1;1;1;1;1;1;1;1;1;1;1;
37030000;1998;9;0;0;0;0;0;0;0;0;0;0;0;0;0;0;0;0;0;0;0;0;0;0;0;0;0;0;0;0;0;0;-;1;1;1;1;1;1;1;1;1;1;1;1;1;1;1;1;1;1;1;1;1;1;1;1;1;1;1;1;1;1;0;
37030000;1998;10;0;0;0;0;0;0;0;0;0;0;0;0;0;0;0;0;0;0;0;0;0;0;0;0;0;0;0;0;0;0;0;1;1;1;1;1;1;1;1;1;1;1;1;1;1;1;1;1;1;1;1;1;1;1;1;1;1;1;1;1;1;1;
37030000;1998;11;0;0;0;0;0;0;0;0;0;0;0;0;0;0;0;0;0;0;0;0;0;0;0;0;0;0;0;0;0;0;-;1;1;1;1;1;1;1;1;1;1;1;1;1;1;1;1;1;1;1;1;1;1;1;1;1;1;1;1;1;1;0;
37030000;1998;12;0;0;0;0;0;0;0;0;0;0;0;0;0;0;0;0;0;0;0;0;0;0;0;0;0;0;0;0;0;0;0;1;1;1;1;1;1;1;1;1;1;1;1;1;1;1;1;1;1;1;1;1;1;1;1;1;1;1;1;1;1;1;
37030000;1999;1;0;0;0;0;0;0;0;0;0;0;0;0;0;0;0;0;0;0;0;0;0;0;0;0;0;0;0;0;0;0;0;1;1;1;1;1;1;1;1;1;1;1;1;1;1;1;1;1;1;1;1;1;1;1;1;1;1;1;1;1;1;1;
37030000;1999;2;0;0;0;0;0;0;0;0;0;0;0;0;0;0;0;0;0;0;0;0;0;0;0;0;0;0;0;0;-;-;-;1;1;1;1;1;1;1;1;1;1;1;1;1;1;1;1;1;1;1;1;1;1;1;1;1;1;1;1;0;0;0;
37030000;1999;3;0;0;0;0;0;0;0;0;0;0;0;0;0;0;0;0;0;0;0;0;0;0;0;0;0;0;0;0;0;0;0;1;1;1;1;1;1;1;1;1;1;1;1;1;1;1;1;1;1;1;1;1;1;1;1;1;1;1;1;1;1;1;
37030000;1999;4;0;0;0;0;0;0;0;0;0;0;0;0;0;0;0;0;0;0;0;0;0;0;0;0;0;0;0;0;0;0;-;1;1;1;1;1;1;1;1;1;1;1;1;1;1;1;1;1;1;1;1;1;1;1;1;1;1;1;1;1;1;0;
37030000;1999;5;0;0;0;0;0;0;0;0;0;0;0;0;0;0;0;0;0;0;0;0;0;0;0;0;0;0;0;0;0;0;0;1;1;1;1;1;1;1;1;1;1;1;1;1;1;1;1;1;1;1;1;1;1;1;1;1;1;1;1;1;1;1;
37030000;1999;6;0;0;0;0;0;0;0;0;0;0;0;0;0;0;0;0;0;0;0;0;0;0;0;0;0;0;0;0;0;0;-;1;1;1;1;1;1;1;1;1;1;1;1;1;1;1;1;1;1;1;1;1;1;1;1;1;1;1;1;1;1;0;
37030000;1999;7;0;0;0;0;0;0;0;0;0;0;0;0;0;0;0;0;0;0;0;0;0;0;0;0;0;0;0;0;0;0;0;1;1;1;1;1;1;1;1;1;1;1;1;1;1;1;1;1;1;1;1;1;1;1;1;1;1;1;1;1;1;1;
37030000;1999;8;0;0;0;0;0;0;0;0;0;0;0;0;0;0;0;0;0;0;0;0;0;0;0;0;0;0;0;0;0;0;0;1;1;1;1;1;1;1;1;1;1;1;1;1;1;1;1;1;1;1;1;1;1;1;1;1;1;1;1;1;1;1;
37030000;1999;9;0;0;0;0;0;0;0;0;0;0;0;0;0;0;0;0;0;0;0;0;0;0;0;0;0;0;0;0;0;0;-;1;1;1;1;1;1;1;1;1;1;1;1;1;1;1;1;1;1;1;1;1;1;1;1;1;1;1;1;1;1;0;
37030000;1999;10;0;0;0;0;0;0;0;0;0;0;0;0;0;0;0;0;0;0;0;0;0;0;0;0;0;0;0;0;0;0;0;1;1;1;1;1;1;1;1;1;1;1;1;1;1;1;1;1;1;1;1;1;1;1;1;1;1;1;1;1;1;1;
37030000;1999;11;0;0;0;0;0;0;0;0;0;0;0;0;0;0;0;0;0;0;0;0;0;0;0;0;0;0;0;0;0;0;-;1;1;1;1;1;1;1;1;1;1;1;1;1;1;1;1;1;1;1;1;1;1;1;1;1;1;1;1;1;1;0;
37030000;1999;12;0;0;0;0;0;0;0;0;0;0;0;0;0;0;0;0;0;0;0;0;0;0;0;0;0;0;0;0;0;0;0;1;1;1;1;1;1;1;1;1;1;1;1;1;1;1;1;1;1;1;1;1;1;1;1;1;1;1;1;1;1;1;
