//------------------------------------------------------------------------------
//
// Sistema de Informações Hidrológicas (Hidro)
// Versão Web 2.0
// © 2001 Agência Nacional de Energia Elétrica (ANEEL)
//
// Dia XX - status: 0 = Branco, 1 = Real, 2 = Estimado, 3 = Duvidoso, 4 = Régua Seca
//
// Restrições da consulta:
//   Código da estação: 37080000
//   Ano: 1900 até 2000
//
//------------------------------------------------------------------------------

//Código;Ano;Mês;Dia 01 (m3/s);Dia 02 (m3/s);Dia 03 (m3/s);Dia 04 (m3/s);Dia 05 (m3/s);Dia 06 (m3/s);Dia 07 (m3/s);Dia 08 (m3/s);Dia 09 (m3/s);Dia 10 (m3/s);Dia 11 (m3/s);Dia 12 (m3/s);Dia 13 (m3/s);Dia 14 (m3/s);Dia 15 (m3/s);Dia 16 (m3/s);Dia 17 (m3/s);Dia 18 (m3/s);Dia 19 (m3/s);Dia 20 (m3/s);Dia 21 (m3/s);Dia 22 (m3/s);Dia 23 (m3/s);Dia 24 (m3/s);Dia 25 (m3/s);Dia 26 (m3/s);Dia 27 (m3/s);Dia 28 (m3/s);Dia 29 (m3/s);Dia 30 (m3/s);Dia 31 (m3/s);Dia 01 (m3/s) - status;Dia 02 (m3/s) - status;Dia 03 (m3/s) - status;Dia 04 (m3/s) - status;Dia 05 (m3/s) - status;Dia 06 (m3/s) - status;Dia 07 (m3/s) - status;Dia 08 (m3/s) - status;Dia 09 (m3/s) - status;Dia 10 (m3/s) - status;Dia 11 (m3/s) - status;Dia 12 (m3/s) - status;Dia 13 (m3/s) - status;Dia 14 (m3/s) - status;Dia 15 (m3/s) - status;Dia 16 (m3/s) - status;Dia 17 (m3/s) - status;Dia 18 (m3/s) - status;Dia 19 (m3/s) - status;Dia 20 (m3/s) - status;Dia 21 (m3/s) - status;Dia 22 (m3/s) - status;Dia 23 (m3/s) - status;Dia 24 (m3/s) - status;Dia 25 (m3/s) - status;Dia 26 (m3/s) - status;Dia 27 (m3/s) - status;Dia 28 (m3/s) - status;Dia 29 (m3/s) - status;Dia 30 (m3/s) - status;Dia 31 (m3/s) - status;
37080000;1964;1;-;-;-;-;-;-;-;-;-;-;-;-;-;-;-;-;-;-;-;8,61;6,95;3,6;3,6;3,6;3,6;18,7;14,6;19,2;22;17,2;11;0;0;0;0;0;0;0;0;0;0;0;0;0;0;0;0;0;0;0;1;1;1;1;1;1;1;1;1;1;1;1;
37080000;1964;2;9,45;3,6;3,6;3,6;3,6;20,1;20,1;20,1;21,1;13;49,1;55,2;28,3;44,4;42,1;50,2;32,7;28,3;20,1;18,2;20,1;9,65;19,1;23;21,5;19,1;27,7;30,5;24,6;-;-;1;1;1;1;1;1;1;1;1;1;1;1;1;1;1;1;1;1;1;1;1;1;1;1;1;1;1;1;1;0;0;
37080000;1964;3;17,4;25,8;82,3;132;148;121;81,9;71,9;110;142;157;160;164;120;86;68;50;38,3;31;33,9;45,1;29,7;27,2;23;19,3;49,2;40,5;41;61,7;57,6;41;1;1;1;1;1;1;1;1;1;1;1;1;1;1;1;1;1;1;1;1;1;1;1;1;1;1;1;1;1;1;1;
37080000;1964;4;29,7;27,4;26,4;38,2;72,1;103;145;153;120;128;163;153;161;178;192;208;206;162;107;80,4;70,4;59,7;52,4;72,5;98,6;153;180;166;127;88,7;-;1;1;1;1;1;1;1;1;1;1;1;1;1;1;1;1;1;1;1;1;1;1;1;1;1;1;1;1;1;1;0;
37080000;1964;5;63,6;50,4;54,8;65,2;159;240;261;215;128;83,9;66,5;56,3;52,1;55;72,4;71,8;69,1;74,6;65,1;50,2;46,4;37;32,7;29,2;29,6;27,6;31,6;46,4;58,9;57,7;67,9;1;1;1;1;1;1;1;1;1;1;1;1;1;1;1;1;1;1;1;1;1;1;1;1;1;1;1;1;1;1;1;
37080000;1964;6;81,3;85,4;63,3;48,1;37,5;30,5;22,1;21,6;18,9;16,9;15,4;14,3;12,5;10,9;9,63;8,59;9,71;8,75;9,55;11,4;13,4;10,9;9,07;7,8;6,27;5,97;4,8;4,8;4,13;3,89;-;1;1;1;1;1;1;1;1;1;1;1;1;1;1;1;1;1;1;1;1;1;1;1;1;1;1;1;1;1;1;0;
37080000;1964;7;3,54;2,97;2,74;1,94;1,68;9,07;26,9;27,5;22;16,8;13,4;11,7;9,64;7,26;5,9;4,82;3,89;3,48;3,13;2,91;2,36;1,94;1,58;1,42;1,27;1,73;1,52;1,03;0,878;0,454;0,095;1;1;1;1;1;1;1;1;1;1;1;1;1;1;1;1;1;1;1;1;1;1;1;1;1;1;1;1;1;1;1;
37080000;1964;8;0;0;0;0;0;0;0;0;0;0;0;0;0;0;0;0;0;0;0;0;0;0;0;0;0;0;0;0;0;0;0;1;1;1;1;1;1;1;1;1;1;1;1;1;1;1;1;1;1;1;1;1;1;1;1;1;1;1;1;1;1;1;
37080000;1964;9;0;0;0;0;0;0;0;0;0;0;0;0;0;0;0;0;0;0;0;0;0;0;0;0;0;0;0;0;0;0;-;1;1;1;1;1;1;1;1;1;1;1;1;1;1;1;1;1;1;1;1;1;1;1;1;1;1;1;1;1;1;0;
37080000;1964;10;0;0;0;0;0;0;0;0;0;0;0;0;0;0;0;0;0;0;0;0;0;0;0;0;0;0;0;0;0;0;0;1;1;1;1;1;1;1;1;1;1;1;1;1;1;1;1;1;1;1;1;1;1;1;1;1;1;1;1;1;1;1;
37080000;1964;11;0;0;0;0;0;0;0;0;0;0;0;0;0;0;0;0;0;0;0;0;0;0;0;0;0;0;0;0;0;0;-;1;1;1;1;1;1;1;1;1;1;1;1;1;1;1;1;1;1;1;1;1;1;1;1;1;1;1;1;1;1;0;
37080000;1964;12;0;0;0;0;0;0;0;0;0;0;0;0;0;0;0;0;0;0;0;0;0;0;0;0;0;0;0;0;0;0;0;1;1;1;1;1;1;1;1;1;1;1;1;1;1;1;1;1;1;1;1;1;1;1;1;1;1;1;1;1;1;1;
37080000;1965;1;0;0;0;0;0;0;0;0;0;0;0;0;0;0;0;0;0;0;0;0;0;0;0;0;0;0;0;0;0;0;0;1;1;1;1;1;1;1;1;1;1;1;1;1;1;1;1;1;1;1;1;1;1;1;1;1;1;1;1;1;1;1;
37080000;1965;2;0;0;0;0;0;0;0;0;0;0;0;0;0;0;0;0;0;0;0;0;0;0;0;0;0;0;0;0;-;-;-;1;1;1;1;1;1;1;1;1;1;1;1;1;1;1;1;1;1;1;1;1;1;1;1;1;1;1;1;0;0;0;
37080000;1965;3;0;0;0;0;0;0;0;0;0;0;0;0;0;0;0;0;0;0;5;8,13;2,53;0,668;2,43;2,16;6,68;3,08;3,43;3,13;13,1;11,4;24,4;1;1;1;1;1;1;1;1;1;1;1;1;1;1;1;1;1;1;1;1;1;1;1;1;1;1;1;1;1;1;1;
37080000;1965;4;43,9;45,5;54,1;46;54,1;67,9;75,9;58,4;58,3;77,7;111;127;95,9;84;82,4;85,4;123;135;163;195;303;480;510;520;472;416;369;263;175;119;-;1;1;1;1;1;1;1;1;1;1;1;1;1;1;1;1;1;1;1;1;1;1;1;1;1;1;1;1;1;1;0;
37080000;1965;5;151;222;353;476;484;434;394;310;254;193;139;99,2;77,4;66,2;57,1;51,1;45,5;39,3;34,2;32,1;30;27,2;27,2;20,5;16;13;10,5;8,4;6,8;5,5;4,6;1;1;1;1;1;1;1;1;1;1;1;1;1;1;1;1;1;1;1;1;1;1;1;1;1;1;1;1;1;1;1;
37080000;1965;6;3,6;2,9;2,7;1,95;1,7;7;12,5;14,2;14,7;12,6;11,7;11,5;12,9;15,7;29,3;36,5;34;43,7;38,1;39,1;34,4;28,7;23,4;19,2;17;15,9;14,2;12,3;10,4;9,63;-;1;1;1;1;1;1;1;1;1;1;1;1;1;1;1;1;1;1;1;1;1;1;1;1;1;1;1;1;1;1;0;
37080000;1965;7;8,59;7,65;7,18;6,96;6,5;6,42;6,27;5,75;5,16;4,8;4,49;4,01;3,19;2,91;2,47;2,04;1,68;1,42;1,17;0,928;0,689;0,689;0,454;0,454;0,225;0,225;0;-;-;-;-;1;1;1;1;1;1;1;1;1;1;1;1;1;1;1;1;1;1;1;1;1;1;1;1;1;1;1;4;4;4;4;
37080000;1965;8;0;0;0;0;0;0;0;0;0;0;0;0;0;0;0;0;0;0;0;0;0;0;0;0;0;0;0;0;0;0;0;1;1;1;1;1;1;1;1;1;1;1;1;1;1;1;1;1;1;1;1;1;1;1;1;1;1;1;1;1;1;1;
37080000;1965;9;0;0;0;0;0;0;0;0;0;0;0;0;0;0;0;0;0;0;0;0;0;0;0;0;0;0;0;0;0;0;-;1;1;1;1;1;1;1;1;1;1;1;1;1;1;1;1;1;1;1;1;1;1;1;1;1;1;1;1;1;1;0;
37080000;1965;10;0;0;0;0;0;0;0;0;0;0;0;0;0;0;0;0;0;0;0;0;0;0;0;0;0;0;0;0;0;0;0;1;1;1;1;1;1;1;1;1;1;1;1;1;1;1;1;1;1;1;1;1;1;1;1;1;1;1;1;1;1;1;
37080000;1965;11;0;0;0;0;0;0;0;0;0;0;0;0;0;0;0;0;0;0;0;0;0;0;0;0;0;0;0;0;0;0;-;1;1;1;1;1;1;1;1;1;1;1;1;1;1;1;1;1;1;1;1;1;1;1;1;1;1;1;1;1;1;0;
37080000;1965;12;0;0;0;0;0;0;0;0;0;0;0;0;0;0;0;0;0;0;0;0;0;0;0;0;0;0;0;0;0;0;0;1;1;1;1;1;1;1;1;1;1;1;1;1;1;1;1;1;1;1;1;1;1;1;1;1;1;1;1;1;1;1;
37080000;1966;1;0;0;0;0;0;0;0;0;0;0;0;0;0;0;0;0;0;0;0;0;0;0;0;0;0;0;0;0;0;0;0;1;1;1;1;1;1;1;1;1;1;1;1;1;1;1;1;1;1;1;1;1;1;1;1;1;1;1;1;1;1;1;
37080000;1966;2;0;0;0;0;0;0;0;0;23;21,5;20,7;12,6;5,53;2,31;0,981;0,408;9,23;17,4;17,8;27,9;17,2;10,6;8,28;6,43;4,2;4,2;3,02;1,83;-;-;-;1;1;1;1;1;1;1;1;1;1;1;1;1;1;1;1;1;1;1;1;1;1;1;1;1;1;1;1;0;0;0;
37080000;1966;3;2,26;1,13;1,63;1,03;0,456;0,225;0,178;0,089;0,089;3,78;8,97;3,19;1,32;0,689;0,547;3,46;6,74;3,37;2,04;0,642;1,68;1,58;1,17;1,03;0,689;0,454;0,454;0,225;0,225;0,225;0,136;1;1;1;1;1;1;1;1;1;1;1;1;1;1;1;1;1;1;1;1;1;1;1;1;1;1;1;1;1;1;1;
37080000;1966;4;0,136;0,225;0,225;0;0;0;0;0;0;0;0;0;17;20,7;20,9;34,2;18,4;17,4;8,75;6,13;3,95;4,07;2,74;5,98;3,6;3,02;4,32;3,31;3,02;3,31;-;1;1;1;1;1;1;1;1;1;1;1;1;1;1;1;1;1;1;1;1;1;1;1;1;1;1;1;1;1;1;0;
37080000;1966;5;2,63;1,83;1,32;1,08;0,689;0,596;0,454;0,547;2,76;1,62;1,68;0,975;1,68;1,52;1,08;0,739;0,689;0,689;1,73;1,78;0,689;0,689;0,689;0,454;3,13;1,68;0,689;4,14;22,9;9,24;4,08;1;1;1;1;1;1;1;1;1;1;1;1;1;1;1;1;1;1;1;1;1;1;1;1;1;1;1;1;1;1;1;
37080000;1966;6;1,63;1,42;0,928;0,928;0,689;0,454;0,503;18,3;15,6;5,68;3,13;3,19;2,91;2,47;1,94;1,94;1,94;1,67;1,42;1,42;1,17;0,834;0,454;0;0;0;0;0;0;0;-;1;1;1;1;1;1;1;1;1;1;1;1;1;1;1;1;1;1;1;1;1;1;1;1;1;1;1;1;1;1;0;
37080000;1966;7;0;0;0;0;0;0;0;0;0;0;0;0;0;0;0;0;0;0;0;0;0;0;0;0;0;0;0;0;0;0;0;1;1;1;1;1;1;1;1;1;1;1;1;1;1;1;1;1;1;1;1;1;1;1;1;1;1;1;1;1;1;1;
37080000;1966;8;0;0;0;0;0;0;0;0;0;0;0;0;0;0;0;0;0;0;0;0;0;0;0;0;0;0;0;0;0;0;0;1;1;1;1;1;1;1;1;1;1;1;1;1;1;1;1;1;1;1;1;1;1;1;1;1;1;1;1;1;1;1;
37080000;1966;9;0;0;0;0;0;0;0;0;0;0;0;0;0;0;0;0;0;0;0;0;0;0;0;0;0;0;0;0;0;0;-;1;1;1;1;1;1;1;1;1;1;1;1;1;1;1;1;1;1;1;1;1;1;1;1;1;1;1;1;1;1;0;
37080000;1966;10;0;0;0;0;0;0;0;0;0;0;0;0;0;0;0;0;0;0;0;0;0;0;0;0;0;0;0;0;0;0;0;1;1;1;1;1;1;1;1;1;1;1;1;1;1;1;1;1;1;1;1;1;1;1;1;1;1;1;1;1;1;1;
37080000;1966;11;0;0;0;0;0;0;0;0;0;0;0;0;0;0;0;0;0;0;0;0;0;0;0;0;0;0;0;0;0;0;-;1;1;1;1;1;1;1;1;1;1;1;1;1;1;1;1;1;1;1;1;1;1;1;1;1;1;1;1;1;1;0;
37080000;1966;12;0;0;0;0;0;0;0;0;0;0;0;0;0;0;0;0;0;0;0;0;0;0;0;0;0;0;0;0;0;0;0;1;1;1;1;1;1;1;1;1;1;1;1;1;1;1;1;1;1;1;1;1;1;1;1;1;1;1;1;1;1;1;
37080000;1967;1;0;0;0;0;0;0;0;0;0;0;0;0;0;0;0;0;0;0;0;0;0;0;0;0;0;0;0;0;0;0;0;1;1;1;1;1;1;1;1;1;1;1;1;1;1;1;1;1;1;1;1;1;1;1;1;1;1;1;1;1;1;1;
37080000;1967;2;0;0;0;0;0;0;0;0;0;0;0;0;0;0;0;0;0;0;0,834;0;0;0;0;0;0,689;0;0;0;-;-;-;1;1;1;1;1;1;1;1;1;1;1;1;1;1;1;1;1;1;1;1;1;1;1;1;1;1;1;1;0;0;0;
37080000;1967;3;0;0;0;0;0;7,01;21,8;2,34;39,5;55,8;45,6;13,4;4,8;4,02;23;51,3;65,2;61;35,4;25,5;56;55,2;43,7;33,7;27,8;26,1;40;43,2;38,9;40,6;107;1;1;1;1;1;1;1;1;1;1;1;1;1;1;1;1;1;1;1;1;1;1;1;1;1;1;1;1;1;1;1;
37080000;1967;4;116;107;114;161;219;374;546;600;680;500;480;370;277;247;217;214;221;160;135;105;111;494;587;587;450;305;242;260;202;140;-;1;1;1;1;1;1;1;1;1;1;1;1;1;1;1;1;1;1;1;1;1;1;1;1;1;1;1;1;1;1;0;
37080000;1967;5;109;177;169;199;184;224;297;250;191;272;466;570;601;462;275;259;234;197;130;93,7;78,4;75,4;67,2;57,4;61,9;50,1;43,1;38,5;33,7;29,4;27,2;1;1;1;1;1;1;1;1;1;1;1;1;1;1;1;1;1;1;1;1;1;1;1;1;1;1;1;1;1;1;1;
37080000;1967;6;27,2;24;21,3;19,1;15,8;13;12;13,7;13,6;12,7;12,1;11,6;11,2;10,4;9,23;7,8;6,65;6,65;6,65;5,75;5,24;4,8;4,37;4,19;3,6;2,97;2,31;2,2;1,94;1,94;-;1;1;1;1;1;1;1;1;1;1;1;1;1;1;1;1;1;1;1;1;1;1;1;1;1;1;1;1;1;1;0;
37080000;1967;7;1,94;1,94;1,94;5,47;5,53;3,6;3,19;2,74;1,94;1,94;1,42;1,03;0,689;0,689;0,689;0,689;0,454;0,698;1,12;1,47;1,47;0,834;0;0;0;0;0;0;0;0;0;1;1;1;1;1;1;1;1;1;1;1;1;1;1;1;1;1;1;1;1;1;1;1;1;1;1;1;1;1;1;1;
37080000;1967;8;0;0;0;0;0;0;0;0;0;0;0;0;0;0;0;0;0;0;0;0;0;0;0;0;0;0;0;0;0;0;0;1;1;1;1;1;1;1;1;1;1;1;1;1;1;1;1;1;1;1;1;1;1;1;1;1;1;1;1;1;1;1;
37080000;1967;9;0;0;0;0;0;0;0;0;0;0;0;0;0;0;0;0;0;0;0;0;0;0;0;0;0;0;0;0;0;0;-;1;1;1;1;1;1;1;1;1;1;1;1;1;1;1;1;1;1;1;1;1;1;1;1;1;1;1;1;1;1;0;
37080000;1967;10;0;0;0;0;0;0;0;0;0;0;0;0;0;0;0;0;0;0;0;0;0;0;0;0;0;0;0;0;0;0;0;1;1;1;1;1;1;1;1;1;1;1;1;1;1;1;1;1;1;1;1;1;1;1;1;1;1;1;1;1;1;1;
37080000;1967;11;0;0;0;0;0;0;0;0;0;0;0;0;0;0;0;0;0;0;0;0;0;0;0;0;0;0;0;0;0;0;-;1;1;1;1;1;1;1;1;1;1;1;1;1;1;1;1;1;1;1;1;1;1;1;1;1;1;1;1;1;1;0;
37080000;1967;12;0;0;0;0;0;0;0;0;0;0;0;0;0;0;0;0;0;0;0;0;0;0;0;0;0;0;0;0;0;0;0;1;1;1;1;1;1;1;1;1;1;1;1;1;1;1;1;1;1;1;1;1;1;1;1;1;1;1;1;1;1;1;
37080000;1968;1;0;0;0;0;0;0;0;0;0;0;0;0;0;0;0;0;0;0;0;0;0;0;0;0;5,25;0,596;0,136;0;0;0;0;1;1;1;1;1;1;1;1;1;1;1;1;1;1;1;1;1;1;1;1;1;1;1;1;1;1;1;1;1;1;1;
37080000;1968;2;0;0;0;0;0;0;0;0;0;0;0;0;0;0;0;0;0;0;0;0;0;0;0;0;0;0;0;0;0;-;-;1;1;1;1;1;1;1;1;1;1;1;1;1;1;1;1;1;1;1;1;1;1;1;1;1;1;1;1;1;0;0;
37080000;1968;3;0;0;0;0;0;0;0;0;0;0;0;0;0;31;30,4;24,4;22,8;46,8;60,3;134;154;151;130;107;103;157;143;111;81,5;59,5;46,1;1;1;1;1;1;1;1;1;1;1;1;1;1;1;1;1;1;1;1;1;1;1;1;1;1;1;1;1;1;1;1;
37080000;1968;4;40,3;32;26;24,8;20,2;17,5;14,7;12,4;10,2;8,75;8,04;6,65;6,28;5,9;6,28;5,02;5,46;4,8;4,49;5,5;26,2;30,9;26;32,3;53,9;48,2;37,6;43,7;32;31,4;-;1;1;1;1;1;1;1;1;1;1;1;1;1;1;1;1;1;1;1;1;1;1;1;1;1;1;1;1;1;1;0;
37080000;1968;5;27,8;25;32;31,6;34,8;33,2;30,7;107;149;206;209;156;122;107;84,6;66,8;60,7;61,3;63;55;48,1;39,4;34,1;28,9;24,4;21,5;18,7;17,5;20,3;15,8;14,3;1;1;1;1;1;1;1;1;1;1;1;1;1;1;1;1;1;1;1;1;1;1;1;1;1;1;1;1;1;1;1;
37080000;1968;6;12,6;11,8;10,5;9,66;7,85;6,9;6,55;6,07;5,21;5,02;4,59;4,06;3,44;3,44;3,06;2,65;2,8;5,43;3,55;2,9;2,55;2,4;2,07;2,07;1,93;1,93;1,93;1,61;1,48;1,27;-;1;1;1;1;1;1;1;1;1;1;1;1;1;1;1;1;1;1;1;1;1;1;1;1;1;1;1;1;1;1;0;
37080000;1968;7;1,07;0,948;0,681;0,326;0,326;0,572;0,326;0,326;0,326;0;0;0;0;0;0;0;0;0;0;0;0;0;0;0;0;0;0;0;0;0;0;1;1;1;1;1;1;1;1;1;1;1;1;1;1;1;1;1;1;1;1;1;1;1;1;1;1;1;1;1;1;1;
37080000;1968;8;0;0;0;0;0;0;0;0;0;0;0;0;0;0;0;0;0;0;0;0;0;0;0;0;0;0;0;0;0;0;0;1;1;1;1;1;1;1;1;1;1;1;1;1;1;1;1;1;1;1;1;1;1;1;1;1;1;1;1;1;1;1;
37080000;1968;9;0;0;0;0;0;0;0;0;0;0;0;0;0;0;0;0;0;0;0;0;0;0;0;0;0;0;0;0;0;0;-;1;1;1;1;1;1;1;1;1;1;1;1;1;1;1;1;1;1;1;1;1;1;1;1;1;1;1;1;1;1;0;
37080000;1968;10;0;0;0;0;0;0;0;0;0;0;0;0;0;0;0;0;0;0;0;0;0;0;0;0;0;0;0;0;0;0;0;1;1;1;1;1;1;1;1;1;1;1;1;1;1;1;1;1;1;1;1;1;1;1;1;1;1;1;1;1;1;1;
37080000;1968;11;0;0;0;0;0;0;0;0;0;0;0;0;0;0;0;0;0;0;0;0;0;0;0;0;0;0;0;0;0;0;-;1;1;1;1;1;1;1;1;1;1;1;1;1;1;1;1;1;1;1;1;1;1;1;1;1;1;1;1;1;1;0;
37080000;1968;12;0;0;0;0;0;0;0;0;0;0;0;0;0;0;0;0;0;0;0;0;0;0;0;0;0;0;0;0;0;0;0;1;1;1;1;1;1;1;1;1;1;1;1;1;1;1;1;1;1;1;1;1;1;1;1;1;1;1;1;1;1;1;
37080000;1969;1;0;0;0;0;0;0;0;0;0;0;0;0;0;0;0;0;0;0;0;0;0;0;0;0;5,64;8,34;2,04;0;2,8;1,03;0,87;1;1;1;1;1;1;1;1;1;1;1;1;1;1;1;1;1;1;1;1;1;1;1;1;1;1;1;1;1;1;1;
37080000;1969;2;0,294;0;0;0;0;0;0;0;0;0;0;0;0;0;0;0;0;0;0;0;0;0;0;0;2,86;0;0;0;-;-;-;1;1;1;1;1;1;1;1;1;1;1;1;1;1;1;1;1;1;1;1;1;1;1;1;1;1;1;1;0;0;0;
37080000;1969;3;0;0;0;0;8,31;2,58;0,989;0,5;1,27;0;0;0;0,512;0;0;0;1,96;8,54;3,06;3,77;1,84;1,27;1,19;1,48;1,27;1,19;0,87;0,681;0,681;0,681;0,998;1;1;1;1;1;1;1;1;1;1;1;1;1;1;1;1;1;1;1;1;1;1;1;1;1;1;1;1;1;1;1;
37080000;1969;4;6,2;11,6;25,2;18,9;9,73;14,9;22;12,8;20,2;15,2;10,4;6,77;4,59;3,06;2,5;2,4;1,93;1,4;1,27;1,27;0,87;0,681;0,681;0,26;0,159;0,159;0,159;0,708;1,45;0,572;-;1;1;1;1;1;1;1;1;1;1;1;1;1;1;1;1;1;1;1;1;1;1;1;1;1;1;1;1;1;1;0;
37080000;1969;5;0;0;0;0;0;0;0;0;0;0;1,26;6,03;5,04;5,87;5,36;4,3;3,71;3,06;2,55;3,55;2,65;1,93;1,75;3,07;2,35;1,79;1,35;1,15;1,07;1,07;1,07;1;1;1;1;1;1;1;1;1;1;1;1;1;1;1;1;1;1;1;1;1;1;1;1;1;1;1;1;1;1;1;
37080000;1969;6;1,07;1,07;1,07;1,07;1,07;1,07;1,07;0,948;0,87;0,87;0,87;0,87;1,07;0,681;0,681;0,681;0,681;0,681;0,87;0,87;0,87;0,87;0,87;0;0;0;0;0;6,73;3,31;-;1;1;1;1;1;1;1;1;1;1;1;1;1;1;1;1;1;1;1;1;1;1;1;1;1;1;1;1;1;1;0;
37080000;1969;7;1,84;1,88;2,3;1,63;0,6;0,88;0;0;0;0;0;0;0;0;0;0;0;0;0;0;0;0;0;0;0;0;0;0;0;0;0;1;1;1;1;1;1;1;1;1;1;1;1;1;1;1;1;1;1;1;1;1;1;1;1;1;1;1;1;1;1;1;
37080000;1969;8;0;0;0;0;0;0;0;0;0;0;0;0;0;0;0;0;0;0;0;0;0;0;0;0;0;0;0;0;0;0;0;1;1;1;1;1;1;1;1;1;1;1;1;1;1;1;1;1;1;1;1;1;1;1;1;1;1;1;1;1;1;1;
37080000;1969;9;0;0;0;0;0;0;0;0;0;0;0;0;0;0;0;0;0;0;0;0;0;0;0;0;0;0;0;0;0;0;-;1;1;1;1;1;1;1;1;1;1;1;1;1;1;1;1;1;1;1;1;1;1;1;1;1;1;1;1;1;1;0;
37080000;1969;10;0;0;0;0;0;0;0;0;0;0;0;0;0;0;0;0;0;0;0;0;0;0;0;0;0;0;0;0;0;0;0;1;1;1;1;1;1;1;1;1;1;1;1;1;1;1;1;1;1;1;1;1;1;1;1;1;1;1;1;1;1;1;
37080000;1969;11;0;0;0;0;0;0;0;0;0;0;0;0;0;0;0;0;0;0;0;0;0;0;0;0;0;0;0;0;0;0;-;1;1;1;1;1;1;1;1;1;1;1;1;1;1;1;1;1;1;1;1;1;1;1;1;1;1;1;1;1;1;0;
37080000;1969;12;0;0;0;0;0;0;0;0;0;0;0;0;0;0;0;0;0;0;0;0;0;0;0;0;0;0;0;0;0;0;0;1;1;1;1;1;1;1;1;1;1;1;1;1;1;1;1;1;1;1;1;1;1;1;1;1;1;1;1;1;1;1;
37080000;1970;1;0;0;0;0;0;0;0;0;0;0;0;0;0;0;0;0;0;0;0;0;0;0;0;0;0;0;0;0;0;0;0;1;1;1;1;1;1;1;1;1;1;1;1;1;1;1;1;1;1;1;1;1;1;1;1;1;1;1;1;1;1;1;
37080000;1970;2;0;0;0;0;0;0;0;0;0;0;0;0;0;0;0;0;0;0;0;0;0;0;0;0;0;0;0;0;-;-;-;1;1;1;1;1;1;1;1;1;1;1;1;1;1;1;1;1;1;1;1;1;1;1;1;1;1;1;1;0;0;0;
37080000;1970;3;20,6;28,2;24;9,42;3,55;1,26;3,36;1,34;1,01;0,689;6,56;27;17,4;39,5;10,5;2,99;1,95;1,58;1,53;3,05;1,12;6,97;9,91;13;6,52;3,9;2,04;0,93;0,227;3,2;6,06;1;1;1;1;1;1;1;1;1;1;1;1;1;1;1;1;1;1;1;1;1;1;1;1;1;1;1;1;1;1;1;
37080000;1970;4;6,11;0,697;0;0;0;0;0;0;0;0;0;0;0;0;0;0;0;0;0;0;0;0;0;2,76;20,7;9,67;5,43;3,38;3,29;2,11;-;1;1;1;1;1;1;1;1;1;1;1;1;1;1;1;1;1;1;1;1;1;1;1;1;1;1;1;1;1;1;0;
37080000;1970;5;4,99;2,11;1,4;1,79;1,11;0,796;0,681;0,326;0,096;0;0;0;0;0;0;0;0;0;0;0;0;0;0;0;0;0;0;0;0;0;0;1;1;1;1;1;1;1;1;1;1;1;1;1;1;1;1;1;1;1;1;1;1;1;1;1;1;1;1;1;1;1;
37080000;1970;6;0;0;0;0;0;0;0;0;0;0;0;0;0;0;0;0;0;0;0;0;0;0;0;0;0;0;0;0;0;0;-;1;1;1;1;1;1;1;1;1;1;1;1;1;1;1;1;1;1;1;1;1;1;1;1;1;1;1;1;1;1;0;
37080000;1970;7;0;0;0;0;0;0;0;0;0;0;0;0;0;0;0;0;0;0;0;0;0;0;0;0;0;0;0;0;0;0;0;1;1;1;1;1;1;1;1;1;1;1;1;1;1;1;1;1;1;1;1;1;1;1;1;1;1;1;1;1;1;1;
37080000;1970;8;0;0;0;0;0;0;0;0;0;0;0;0;0;0;0;0;0;0;0;0;0;0;0;0;0;0;0;0;0;0;0;1;1;1;1;1;1;1;1;1;1;1;1;1;1;1;1;1;1;1;1;1;1;1;1;1;1;1;1;1;1;1;
37080000;1970;9;0;0;0;0;0;0;0;0;0;0;0;0;0;0;0;0;0;0;0;0;0;0;0;0;0;0;0;0;0;0;-;1;1;1;1;1;1;1;1;1;1;1;1;1;1;1;1;1;1;1;1;1;1;1;1;1;1;1;1;1;1;0;
37080000;1970;10;0;0;0;0;0;0;0;0;0;0;0;0;0;0;0;0;0;0;0;0;0;0;0;0;0;0;0;0;0;0;0;1;1;1;1;1;1;1;1;1;1;1;1;1;1;1;1;1;1;1;1;1;1;1;1;1;1;1;1;1;1;1;
37080000;1970;11;0;0;0;0;0;0;0;0;0;0;0;0;0;0;0;0;0;0;0;0;0;0;0;0;0;0;0;0;0;0;-;1;1;1;1;1;1;1;1;1;1;1;1;1;1;1;1;1;1;1;1;1;1;1;1;1;1;1;1;1;1;0;
37080000;1970;12;0;0;0;0;0;0;0;0;0;0;0;0;0;0;0;0;0;0;0;0;0;0;0;0;0;0;0;0;0;0;0;1;1;1;1;1;1;1;1;1;1;1;1;1;1;1;1;1;1;1;1;1;1;1;1;1;1;1;1;1;1;1;
37080000;1971;1;0;0;0;0;0;0;0;0;0;0;0;0;0;0;0;0;0;0;0;0;0;0;0;0;0;0;0;0;0;0;0;1;1;1;1;1;1;1;1;1;1;1;1;1;1;1;1;1;1;1;1;1;1;1;1;1;1;1;1;1;1;1;
37080000;1971;2;0;0;0;0;0;0;0;0;0;0;0;0;0;0;0;0;0;0;0;0;0;0;0;0;0;0;0;0;-;-;-;1;1;1;1;1;1;1;1;1;1;1;1;1;1;1;1;1;1;1;1;1;1;1;1;1;1;1;1;0;0;0;
37080000;1971;3;2,59;0;0;0;0;0;0;2,42;0,227;0;0;0;0;0;0;0;0;0;0;0;0;0;0;10,3;5,43;4,44;8,35;6,37;6,39;4,08;5,9;1;1;1;1;1;1;1;1;1;1;1;1;1;1;1;1;1;1;1;1;1;1;1;1;1;1;1;1;1;1;1;
37080000;1971;4;4,23;2,79;7,44;2,65;1,7;3,38;36;49,5;33;34,3;46,5;27,1;23,7;23,9;22,9;28;20,4;13,4;8,62;6,07;6,04;8,64;5,47;21,2;15,8;19,9;16,4;21,1;57;45,4;-;1;1;1;1;1;1;1;1;1;1;1;1;1;1;1;1;1;1;1;1;1;1;1;1;1;1;1;1;1;1;0;
37080000;1971;5;35,4;25,5;14,8;12,4;8,93;6,55;5,74;4,29;4;4;9,72;5,67;5,28;4,3;3,33;2,8;6,16;3,28;2,4;1,93;1,61;1,27;1,27;1,27;1,07;1,07;0,948;1,93;1,93;3,01;2,4;1;1;1;1;1;1;1;1;1;1;1;1;1;1;1;1;1;1;1;1;1;1;1;1;1;1;1;1;1;1;1;
37080000;1971;6;5,88;4,24;3,95;6,69;7,29;8,94;5,87;4,47;4;3,89;3,17;12,3;8,46;7,65;6,62;5,21;4,59;4;3,44;2,9;2,52;1,93;1,93;1,93;1,93;1,84;1,48;1,48;1,48;1,48;-;1;1;1;1;1;1;1;1;1;1;1;1;1;1;1;1;1;1;1;1;1;1;1;1;1;1;1;1;1;1;0;
37080000;1971;7;1,48;1,48;1,48;1,4;1,27;1,27;1,27;1,07;1,07;0,87;0,681;0,681;0,681;0,26;0,159;0,159;0,159;1,24;3,66;2,4;1,61;1,57;0,87;0,681;3,18;2,07;1,48;1,07;1,07;1,07;0,87;1;1;1;1;1;1;1;1;1;1;1;1;1;1;1;1;1;1;1;1;1;1;1;1;1;1;1;1;1;1;1;
37080000;1971;8;0,681;0,681;0,5;0,326;0,326;0;0;0;0;0;0;0;0;0;0;0;0;0;0;0;0;0;0;0;0;0;0;0;0;0;0;1;1;1;1;1;1;1;1;1;1;1;1;1;1;1;1;1;1;1;1;1;1;1;1;1;1;1;1;1;1;1;
37080000;1971;9;0;0;0;0;0;0;0;0;0;0;0;0;0;0;0;0;0;0;0;0;0;0;0;0;0;0;0;0;0;0;-;1;1;1;1;1;1;1;1;1;1;1;1;1;1;1;1;1;1;1;1;1;1;1;1;1;1;1;1;1;1;0;
37080000;1971;10;0;0;0;0;0;0;0;0;0;0;0;0;0;0;0;0;0;0;0;0;0;0;0;0;0;0;0;0;0;0;0;1;1;1;1;1;1;1;1;1;1;1;1;1;1;1;1;1;1;1;1;1;1;1;1;1;1;1;1;1;1;1;
37080000;1971;11;0;0;0;0;0;0;0;0;0;0;0;0;0;0;0;0;0;0;0;0;0;0;0;0;0;0;0;0;0;0;-;1;1;1;1;1;1;1;1;1;1;1;1;1;1;1;1;1;1;1;1;1;1;1;1;1;1;1;1;1;1;0;
37080000;1971;12;0;0;0;0;0;0;0;0;0;0;0;0;0;0;0;0;0;0;0;0;0;0;0;0;0;0;0;0;0;0;0;1;1;1;1;1;1;1;1;1;1;1;1;1;1;1;1;1;1;1;1;1;1;1;1;1;1;1;1;1;1;1;
37080000;1972;1;0;0;0;0;0;0;0;0;0;0;0;0;0;0;0;0;0;0;0;0;0;0;0;0;0;0;0;0;0;0;0;1;1;1;1;1;1;1;1;1;1;1;1;1;1;1;1;1;1;1;1;1;1;1;1;1;1;1;1;1;1;1;
37080000;1972;2;0;0;0;0;0;0;0;0;0;0;0;0;0;0;0;0;0;0;0;0;0;0;0;0;0;0;0;0;0;-;-;1;1;1;1;1;1;1;1;1;1;1;1;1;1;1;1;1;1;1;1;1;1;1;1;1;1;1;1;1;0;0;
37080000;1972;3;0,029;0,378;3,85;18;9,26;13;13,4;8,78;6,49;4,59;3,06;2,02;1,4;1,07;0,87;0,5;0,395;0,159;1,03;10,5;7,26;2,76;4,9;3,44;2,65;2,11;2,26;1,15;1,68;0,572;0,326;1;1;1;1;1;1;1;1;1;1;1;1;1;1;1;1;1;1;1;1;1;1;1;1;1;1;1;1;1;1;1;
37080000;1972;4;0,159;1,35;0,87;2,12;1,7;0,989;0,87;0,681;0,5;0,326;0,096;0;0;0;0;0;0;0;0;0,738;48,3;49,8;146;242;162;142;166;159;119;93,8;-;1;1;1;1;1;1;1;1;1;1;1;1;1;1;1;1;1;1;1;1;1;1;1;1;1;1;1;1;1;1;0;
37080000;1972;5;139;196;181;113;71,7;50,5;39,7;32,2;27,1;22,2;18,7;15,7;13,8;11,8;10,4;9,17;8;7,12;6,41;5,87;5,41;4,78;4,59;4,29;4,59;4;3,44;3,17;2,9;2,4;4,17;1;1;1;1;1;1;1;1;1;1;1;1;1;1;1;1;1;1;1;1;1;1;1;1;1;1;1;1;1;1;1;
37080000;1972;6;5,61;4,71;4,59;4,53;4,97;4,9;4,12;3,89;3,44;3,17;4;3,27;2,9;2,8;2,4;2,16;2,11;1,93;1,93;1,7;1,48;2,83;4,84;11;9,11;5,81;4;3,33;2,9;2,4;-;1;1;1;1;1;1;1;1;1;1;1;1;1;1;1;1;1;1;1;1;1;1;1;1;1;1;1;1;1;1;0;
37080000;1972;7;2,4;2,16;1,93;1,7;1,7;1,57;1,48;1,48;1,48;1,27;1,35;3,66;2,16;1,7;1,48;1,48;1,27;1,27;1,27;1,07;1,07;0,87;0,87;0,796;0,681;0,718;0,5;0,5;0,5;0,5;0,5;1;1;1;1;1;1;1;1;1;1;1;1;1;1;1;1;1;1;1;1;1;1;1;1;1;1;1;1;1;1;1;
37080000;1972;8;0;0;0;0;0;0;0;0;0;0;0;0;0;0;0;0;0;0;0;0;0;0;0;0;0;0;0;0;0;0;0;1;1;1;1;1;1;1;1;1;1;1;1;1;1;1;1;1;1;1;1;1;1;1;1;1;1;1;1;1;1;1;
37080000;1972;9;0;0;0;0;0;0;0;0;0;0;0;0;0;0;0;0;0;0;0;0;0;0;0;0;0;0;0;0;0;0;-;1;1;1;1;1;1;1;1;1;1;1;1;1;1;1;1;1;1;1;1;1;1;1;1;1;1;1;1;1;1;0;
37080000;1972;10;0;0;0;0;0;0;0;0;0;0;0;0;0;0;0;0;0;0;0;0;0;0;0;0;0;0;0;0;0;0;0;1;1;1;1;1;1;1;1;1;1;1;1;1;1;1;1;1;1;1;1;1;1;1;1;1;1;1;1;1;1;1;
37080000;1972;11;0,193;0,193;0,193;0,193;0,193;0,193;0,193;0,193;0,193;0,193;0,193;0,193;0,193;0,193;0,193;0,193;0,193;0,193;0,193;0,193;0,193;0,193;0,193;0,193;0,193;0,193;0,193;0,193;0,193;0,193;-;1;1;1;1;1;1;1;1;1;1;1;1;1;1;1;1;1;1;1;1;1;1;1;1;1;1;1;1;1;1;0;
37080000;1972;12;0,193;0,193;0,193;0,193;0,193;0,193;0,193;0,193;0,193;0,193;0,193;0,193;0,193;0,193;0,193;0,193;0,193;0,193;0,193;0,193;0,193;0,193;0,193;0,193;0,193;0,193;0,193;0,193;0,193;0,193;0,193;1;1;1;1;1;1;1;1;1;1;1;1;1;1;1;1;1;1;1;1;1;1;1;1;1;1;1;1;1;1;1;
37080000;1973;1;0,473;0,473;0,473;0,473;0,473;0,473;0,473;0,473;0,473;0,473;0,473;0,473;0,473;0,473;0,473;0,473;0,473;0,473;0,473;0,473;0,473;0,473;0,473;0,473;0,473;0,473;0,473;0,473;0,473;0,473;0,473;1;1;1;1;1;1;1;1;1;1;1;1;1;1;1;1;1;1;1;1;1;1;1;1;1;1;1;1;1;1;1;
37080000;1973;2;0,473;0,473;0,473;0,473;0,473;0,473;0,473;0,473;0,473;0,473;0,473;0,473;0,473;0,473;0,473;0,473;0,473;0,473;0,473;0,473;0,473;0,473;0,473;0,473;0,473;0,473;0,473;0,473;-;-;-;1;1;1;1;1;1;1;1;1;1;1;1;1;1;1;1;1;1;1;1;1;1;1;1;1;1;1;1;0;0;0;
37080000;1973;3;0,473;0,473;0,67;0,867;0,67;0,67;0,67;0,67;0,67;0,67;0,67;0,67;0,67;0,67;0,67;1,46;0,867;2,05;2,05;2,25;1,85;1,85;2,05;4,82;2,25;2,05;5,8;5,45;5,45;2,54;18,2;1;1;1;1;1;1;1;1;1;1;1;1;1;1;1;1;1;1;1;1;1;1;1;1;1;1;1;1;1;1;1;
37080000;1973;4;7,9;5,1;3,11;3,96;3,68;2,54;3,96;17,3;66,8;137;137;111;102;74;50,5;55;57;49,8;51,1;49,2;40,4;35,1;32,9;27,8;22,5;22,5;28,9;100;134;150;-;1;1;1;1;1;1;1;1;1;1;1;1;1;1;1;1;1;1;1;1;1;1;1;1;1;1;1;1;1;1;0;
37080000;1973;5;213;276;342;351;254;129;80;59,1;46,2;38,5;48;52,4;68,9;69,6;57;45,5;35,7;29,3;24,3;20,5;17,8;15,1;13;10,6;11;13,8;16;18,2;16;14,2;12,6;1;1;1;1;1;1;1;1;1;1;1;1;1;1;1;1;1;1;1;1;1;1;1;1;1;1;1;1;1;1;1;
37080000;1973;6;29,8;20,5;17,3;37,4;44,3;42,6;33,5;26,2;25,2;20,5;16,9;15,6;17,8;14,2;16;13,8;11,8;22,3;17,8;13,4;11,4;9,11;7,73;7,04;9,8;20;16,4;13,8;12,2;10,2;-;1;1;1;1;1;1;1;1;1;1;1;1;1;1;1;1;1;1;1;1;1;1;1;1;1;1;1;1;1;1;0;
37080000;1973;7;9,46;8,76;8,76;7,73;6,35;9,46;8,76;7,04;6,35;4,93;4,08;3,51;2,91;3,11;3,11;6,07;3,79;3,51;3,11;3,11;2,91;2,71;2,51;2,3;2,3;2,1;1,9;39,1;18,2;13;9,46;1;1;1;1;1;1;1;1;1;1;1;1;1;1;1;1;1;1;1;1;1;1;1;1;1;1;1;1;1;1;1;
37080000;1973;8;7,39;6,07;5,21;4,36;3,79;3,31;3,51;3,51;3,11;2,71;2,3;2,1;1,9;1,7;1,7;1,5;1,5;1,38;1,27;1,27;1,15;1,04;0,92;0,92;0,688;0,572;0,456;0,34;0,34;0,34;-;1;1;1;1;1;1;1;1;1;1;1;1;1;1;1;1;1;1;1;1;1;1;1;1;1;1;1;1;1;1;0;
37080000;1973;9;0,34;0,34;0,34;0,34;0,34;-;-;-;-;-;-;-;-;-;-;-;-;-;-;-;-;-;-;-;-;-;0,456;0,34;-;0,572;-;1;1;1;1;1;0;0;0;0;0;0;0;0;0;0;0;0;0;0;0;0;0;0;0;0;0;1;1;0;1;0;
37080000;1973;10;0,34;0,34;0,34;0,572;0,804;0,804;0,688;0,688;0,688;0,688;0,688;0,688;-;-;-;0,804;0,804;0,804;0,804;0,804;0,804;0,804;0,804;0,804;0,804;0,804;0,804;0,804;0,804;0,804;0,804;1;1;1;1;1;1;1;1;1;1;1;1;0;0;0;1;1;1;1;1;1;1;1;1;1;1;1;1;1;1;1;
37080000;1973;11;0,804;0,804;0,804;0,804;0,688;0,688;0,688;0,688;0,688;0,688;0,688;0,688;0,688;0,688;0,688;0,688;0,688;0,688;0,688;0,688;0,688;0,688;0,688;0,688;0,688;0,688;0,572;0,572;0,572;0,572;-;1;1;1;1;1;1;1;1;1;1;1;1;1;1;1;1;1;1;1;1;1;1;1;1;1;1;1;1;1;1;0;
37080000;1973;12;0,572;0,572;0,572;0,572;0,572;0,572;0,572;0,572;0,572;0,572;0,572;0,572;0,572;0,572;0,572;0,572;0,572;0,572;0,572;0,572;0,572;0,572;0,572;0,572;0,572;0,572;0,572;0,572;0,572;0,572;0,572;1;1;1;1;1;1;1;1;1;1;1;1;1;1;1;1;1;1;1;1;1;1;1;1;1;1;1;1;1;1;1;
37080000;1974;1;0,572;0,572;0,572;0,572;0,572;0,572;0,572;0,572;0,572;0,572;0,572;0,572;0,572;0,572;0,572;0,572;0,572;0,572;0,572;0,572;0,572;0,572;0,572;0,572;0,572;0,572;43,7;44,9;42,6;50,5;47,4;1;1;1;1;1;1;1;1;1;1;1;1;1;1;1;1;1;1;1;1;1;1;1;1;1;1;1;1;1;1;1;
37080000;1974;2;40,8;34,6;30,3;39,1;61,2;69,6;63,3;59,1;49,9;42;33,5;27,7;27,7;27,2;26,7;28,2;31,9;29,3;26,2;40,8;61,2;87,6;71;58,4;53,7;57,7;83,7;77;-;-;-;1;1;1;1;1;1;1;1;1;1;1;1;1;1;1;1;1;1;1;1;1;1;1;1;1;1;1;1;0;0;0;
37080000;1974;3;75,5;76,2;77,7;71;67,5;55;46,2;43,7;52,4;54,4;53,1;45,5;67,5;107;146;133;117;83;95,6;93,2;98,8;163;193;361;506;697;562;443;322;222;158;1;1;1;1;1;1;1;1;1;1;1;1;1;1;1;1;1;1;1;1;1;1;1;1;1;1;1;1;1;1;1;
37080000;1974;4;117;94;107;116;175;282;344;404;489;489;468;411;315;329;455;506;487;452;484;518;669;833;683;550;489;614;949;786;641;550;-;1;1;1;1;1;1;1;1;1;1;1;1;1;1;1;1;1;1;1;1;1;1;1;1;1;1;1;1;1;1;0;
37080000;1974;5;432;331;359;287;215;172;140;167;144;124;140;157;178;239;277;225;142;110;94;82,2;72,5;64;57,7;52,4;59,8;53,7;47,4;43,1;40,2;49,3;87,6;1;1;1;1;1;1;1;1;1;1;1;1;1;1;1;1;1;1;1;1;1;1;1;1;1;1;1;1;1;1;1;
37080000;1974;6;118;110;94,8;78,5;64,7;53,7;45,5;39,1;34,1;31,4;27,2;23,8;20,5;18,2;16,9;15,1;13,8;13,4;12,6;15,6;12,6;12,2;14,2;13,4;12,2;11,8;10,6;10,2;9,46;8,76;-;1;1;1;1;1;1;1;1;1;1;1;1;1;1;1;1;1;1;1;1;1;1;1;1;1;1;1;1;1;1;0;
37080000;1974;7;8,42;8,42;7,73;7,39;6,35;6,07;6,07;6,7;9,8;9,8;9,8;9,46;8,76;8,08;7,39;7,04;7,73;10,6;14,2;12,6;11;9,8;8,76;7,73;7,04;6,35;5,5;5,21;4,65;4,36;3,79;1;1;1;1;1;1;1;1;1;1;1;1;1;1;1;1;1;1;1;1;1;1;1;1;1;1;1;1;1;1;1;
37080000;1974;8;3,51;3,31;3,11;2,91;2,71;2,51;2,3;2,1;1,9;1,5;1,38;1,38;1,38;1,27;1,15;1,15;1,15;1,04;1,04;0,92;0,92;0,92;0,804;0,804;0,804;0,572;0,572;0,572;0,456;0,456;0,34;1;1;1;1;1;1;1;1;1;1;1;1;1;1;1;1;1;1;1;1;1;1;1;1;1;1;1;1;1;1;1;
37080000;1974;9;0,34;0,34;0,34;0,92;1,5;1,5;1,5;1,38;1,38;1,38;1,38;1,38;1,38;1,38;1,38;1,38;1,38;1,38;1,38;1,38;1,38;1,38;1,38;1,38;1,38;1,38;1,38;1,38;1,38;1,38;-;1;1;1;1;1;1;1;1;1;1;1;1;1;1;1;1;1;1;1;1;1;1;1;1;1;1;1;1;1;1;0;
37080000;1974;10;1,38;1,38;1,38;1,38;1,38;1,38;1,38;1,38;1,38;1,38;1,38;1,38;1,38;1,38;1,38;1,9;1,9;1,9;1,9;1,9;1,9;1,9;1,9;1,9;1,9;1,9;1,9;1,9;1,9;1,9;1,9;1;1;1;1;1;1;1;1;1;1;1;1;1;1;1;1;1;1;1;1;1;1;1;1;1;1;1;1;1;1;1;
37080000;1974;11;1,9;1,9;1,9;1,9;1,9;1,9;1,9;1,9;1,9;1,9;1,9;1,9;1,9;1,9;1,9;1,9;1,9;1,9;1,9;1,9;1,9;1,9;1,9;1,9;1,9;1,9;1,9;1,9;1,9;1,9;-;1;1;1;1;1;1;1;1;1;1;1;1;1;1;1;1;1;1;1;1;1;1;1;1;1;1;1;1;1;1;0;
37080000;1974;12;1,9;1,9;1,9;1,9;1,9;1,9;4,36;2,71;2,1;1,9;1,9;1,9;1,9;1,5;1,5;1,5;1,5;1,5;1,5;1,5;1,5;1,5;1,5;1,5;1,5;1,5;1,5;1,5;1,5;1,5;1,5;1;1;1;1;1;1;1;1;1;1;1;1;1;1;1;1;1;1;1;1;1;1;1;1;1;1;1;1;1;1;1;
37080000;1975;1;1,5;1,5;1,5;1,5;1,5;1,5;1,5;1,5;1,5;1,5;1,5;1,5;1,5;1,5;1,5;1,5;1,5;1,5;1,5;1,5;1,5;1,5;1,5;1,5;1,5;1,5;1,5;1,5;1,5;1,5;1,5;1;1;1;1;1;1;1;1;1;1;1;1;1;1;1;1;1;1;1;1;1;1;1;1;1;1;1;1;1;1;1;
37080000;1975;2;1,5;1,38;1,38;1,38;1,38;1,38;1,38;1,38;1,38;1,38;1,38;1,38;1,38;1,38;1,38;1,38;1,38;1,38;2,91;4,93;3,51;2,91;2,71;2,3;2,3;3,31;3,51;8,08;-;-;-;1;1;1;1;1;1;1;1;1;1;1;1;1;1;1;1;1;1;1;1;1;1;1;1;1;1;1;1;0;0;0;
37080000;1975;3;7,04;10,2;11;7,04;6,7;9,8;62,6;87,6;59,8;42,6;53,1;70,3;98,8;59,1;56,3;46,2;40,8;34,6;30,9;25,2;25,2;20,5;16,9;14,7;14,2;17,8;21;16,9;14,2;12,2;11,8;1;1;1;1;1;1;1;1;1;1;1;1;1;1;1;1;1;1;1;1;1;1;1;1;1;1;1;1;1;1;1;
37080000;1975;4;11;9,8;8,42;7,39;9,8;9,46;7,73;6,35;13,4;7,73;7,73;6,35;5,78;6,07;4,93;4,93;3,51;3,51;4,36;3,51;3,31;3,11;10,2;30,3;55;43,7;67,5;67,5;51,8;39,1;-;1;1;1;1;1;1;1;1;1;1;1;1;1;1;1;1;1;1;1;1;1;1;1;1;1;1;1;1;1;1;0;
37080000;1975;5;29,3;31,9;113;160;248;786;726;466;287;168;92;82,2;63,8;56,1;54,4;47,1;41,6;56,1;89,7;157;229;299;233;118;116;105;81,5;66,9;57,8;50,5;43,8;1;1;1;1;1;1;1;1;1;1;1;1;1;1;1;1;1;1;1;1;1;1;1;1;1;1;1;1;1;1;1;
37080000;1975;6;38,9;37,8;37,8;49,4;50,5;50,5;49,4;43,8;38,3;34,8;30,3;26,4;24,1;29,3;26;22,8;20,6;18,4;19,2;18,4;19,7;16,7;18,4;15,4;13,8;13,4;14,2;15,4;13,8;12,2;-;1;1;1;1;1;1;1;1;1;1;1;1;1;1;1;1;1;1;1;1;1;1;1;1;1;1;1;1;1;1;0;
37080000;1975;7;14,6;13;30,8;17,5;18;21,4;23,2;27,8;23,7;21;19,7;19,2;22,8;20,1;18,8;18;21;23,2;29,8;29,8;25;21;18;15;13;11,4;9,46;8,32;7,18;6,1;5,4;1;1;1;1;1;1;1;1;1;1;1;1;1;1;1;1;1;1;1;1;1;1;1;1;1;1;1;1;1;1;1;
37080000;1975;8;4,7;4;3,65;3,05;2,79;2,79;2,54;2,28;2,03;2,03;2,03;1,52;1,27;1,01;0,76;0,704;0,704;0,648;0,592;0,536;0,536;0,536;0,48;0,48;0,48;0,48;0,48;0,48;0,48;0,48;0,48;1;1;1;1;1;1;1;1;1;1;1;1;1;1;1;1;1;1;1;1;1;1;1;1;1;1;1;1;1;1;1;
37080000;1975;9;0,48;0,48;0,48;0,48;0,48;0,48;0,48;0,48;0,48;0,48;0,48;0,48;0,48;0,48;0,48;0,48;0,48;0,48;0,48;0,48;0,48;0,48;0,48;0,48;0,48;0,48;0,48;0,48;0,48;0,48;-;1;1;1;1;1;1;1;1;1;1;1;1;1;1;1;1;1;1;1;1;1;1;1;1;1;1;1;1;1;1;0;
37080000;1975;10;0,48;0,48;0,48;0,48;0,48;0,48;0,48;0,48;0,48;0,48;0,2;0,2;0,2;0,2;0,2;0,2;0,2;0,2;0,2;0,2;0,2;0,2;0,2;0,2;0,2;0,2;0,2;0,2;0,2;0,2;0,2;1;1;1;1;1;1;1;1;1;1;1;1;1;1;1;1;1;1;1;1;1;1;1;1;1;1;1;1;1;1;1;
37080000;1975;11;0,2;0,2;0,2;0,2;0,2;0,2;0,2;0,2;0,2;0,2;0,2;0,2;0,2;0,2;0,2;0,2;0,2;0,2;0,2;0,2;0,2;0,2;0,2;0,2;0,2;0,2;0,2;0,2;0,2;0,2;-;1;1;1;1;1;1;1;1;1;1;1;1;1;1;1;1;1;1;1;1;1;1;1;1;1;1;1;1;1;1;0;
37080000;1975;12;0,2;0,2;0,2;10,6;0,48;6,8;0,368;0,2;0,2;0,2;0,2;0,2;0,2;0,2;0,2;0,2;0,2;0,2;0,2;0,2;0,2;0,2;0,2;0,2;0,2;0,2;0,2;0,2;0,2;0,2;0,2;1;1;1;1;1;1;1;1;1;1;1;1;1;1;1;1;1;1;1;1;1;1;1;1;1;1;1;1;1;1;1;
37080000;1976;1;0,2;0,2;0,2;0,2;0,2;0,2;0,2;0,2;0,2;0,2;0,2;0,2;0,2;0,2;0,2;0,2;0,2;0,2;0,2;0,2;0,2;0,2;0,2;0,2;0,2;0,2;0,2;0,2;0,2;0,2;0,2;1;1;1;1;1;1;1;1;1;1;1;1;1;1;1;1;1;1;1;1;1;1;1;1;1;1;1;1;1;1;1;
37080000;1976;2;0,2;0,2;0,2;0,2;0,2;0,2;0,2;0,2;0,2;0,48;3,3;2,18;2,18;1,05;0,525;0,525;0,525;0,525;0,525;0,525;0,525;0,525;1,05;2,85;1,05;0,525;0,525;0,525;0,525;-;-;1;1;1;1;1;1;1;1;1;1;1;1;1;1;1;1;1;1;1;1;1;1;1;1;1;1;1;1;1;0;0;
37080000;1976;3;0,525;0,525;0,525;1,05;10,8;11,6;17,8;17;77,2;125;166;138;158;98,7;62,8;45,1;55;59,9;50,2;42;31,8;26,4;40,8;44,5;27,4;21,4;17,8;15,7;24,8;34,1;61,3;1;1;1;1;1;1;1;1;1;1;1;1;1;1;1;1;1;1;1;1;1;1;1;1;1;1;1;1;1;1;1;
37080000;1976;4;85,2;106;104;78,9;78;106;86,1;63,6;48,9;38,9;29;31,8;35,9;32,9;30;31,8;42;40,2;56,4;59,2;56,4;78,9;70,8;54,3;43,9;34,7;29;22,4;19,1;15,7;-;1;1;1;1;1;1;1;1;1;1;1;1;1;1;1;1;1;1;1;1;1;1;1;1;1;1;1;1;1;1;0;
37080000;1976;5;13,7;11,6;9,5;9,5;7,4;7,4;5,35;5,35;3,3;3,3;2,18;2,18;2,18;1,05;1,05;1,05;1,05;0,84;0,63;0,63;0,525;0,315;1,95;1,28;0,84;0,735;0,63;0,42;2,4;1,95;0,945;1;1;1;1;1;1;1;1;1;1;1;1;1;1;1;1;1;1;1;1;1;1;1;1;1;1;1;1;1;1;1;
37080000;1976;6;0,735;0,63;0,63;0,63;0,63;0,42;0,42;0,42;2,85;1,05;0,84;0,63;0,525;0,525;0,525;0,525;0,525;0,525;0,42;0,42;0,42;0,42;0,42;0,42;0,42;0,21;0,21;0,21;0,21;0,21;-;1;1;1;1;1;1;1;1;1;1;1;1;1;1;1;1;1;1;1;1;1;1;1;1;1;1;1;1;1;1;0;
37080000;1976;7;0,21;0,21;0,21;0,21;0,21;0,21;0;0;0;0;0;0;0;0;0;0;0;0;0;0;0;0;0;0;0;0;0;0;0;0;0;1;1;1;1;1;1;1;1;1;1;1;1;1;1;1;1;1;1;1;1;1;1;1;1;1;1;1;1;1;1;1;
37080000;1976;8;0;0;0;0;0;0;0;0;0;0;0;0;0;0;0;0;0;0;0;0;0;0;0;0;0;0;0;0;0;0;0;1;1;1;1;1;1;1;1;1;1;1;1;1;1;1;1;1;1;1;1;1;1;1;1;1;1;1;1;1;1;1;
37080000;1976;9;0;0;0;0;0;0;0;0;0;0;0;0;0;0;0;0;0;0;0;0;0;0;0;0;0;0;0;0;0;0;-;1;1;1;1;1;1;1;1;1;1;1;1;1;1;1;1;1;1;1;1;1;1;1;1;1;1;1;1;1;1;0;
37080000;1976;10;0;0;0;0;0;0;0;0;0;0;0;0;0;0;0;14,1;13,2;9,92;6,17;3,3;1,05;0,735;0,63;0,315;0;0;0;0;0;0;0;1;1;1;1;1;1;1;1;1;1;1;1;1;1;1;1;1;1;1;1;1;1;1;1;1;1;1;1;1;1;1;
37080000;1976;11;0;0;0;0;0;0;0;0;0;0;0;0;0;0;0;0;0;0;0;0;0;0;0;0;0;0;0;0;0;0;-;1;1;1;1;1;1;1;1;1;1;1;1;1;1;1;1;1;1;1;1;1;1;1;1;1;1;1;1;1;1;0;
37080000;1976;12;0;0;0;0;0;0;0;0;0;0;0;0;0;0;0;0;0;0;0;0;0;0;0;0;0;0;0;0;0;0;0;1;1;1;1;1;1;1;1;1;1;1;1;1;1;1;1;1;1;1;1;1;1;1;1;1;1;1;1;1;1;1;
37080000;1977;1;0;0;0;0;0;0;0;0;0;0;0;0;0;0;0;0;0;0;0;0;0;0;0;0;0;0;0;0;0;3,3;3,3;1;1;1;1;1;1;1;1;1;1;1;1;1;1;1;1;1;1;1;1;1;1;1;1;1;1;1;1;1;1;1;
37080000;1977;2;3,3;3,3;3,3;3,3;3,3;1,05;1,05;1,05;0,525;0;0;0;0;0;0;0;0;0;0;0;0;0;0;0;0;0;0;0;-;-;-;1;1;1;1;1;1;1;1;1;1;1;1;1;1;1;1;1;1;1;1;1;1;1;1;1;1;1;1;0;0;0;
37080000;1977;3;0;0;0;0;0;0,945;1,95;2,18;7,82;4,12;4,53;4,53;6,58;9,08;10,3;8,24;4,12;8,24;12,4;5,35;4,53;5,35;93,3;48,2;23,8;15,7;37,1;53,6;53,6;42;26,9;1;1;1;1;1;1;1;1;1;1;1;1;1;1;1;1;1;1;1;1;1;1;1;1;1;1;1;1;1;1;1;
37080000;1977;4;32,4;35,9;34,1;64,4;70,8;103;96;96,9;101;141;146;129;116;102;93,3;84,3;71,6;59,9;60,6;71,6;75,6;74,8;74,8;60,6;47;40,2;75,6;109;132;184;-;1;1;1;1;1;1;1;1;1;1;1;1;1;1;1;1;1;1;1;1;1;1;1;1;1;1;1;1;1;1;0;
37080000;1977;5;220;336;505;514;627;768;812;616;415;236;143;109;89,7;74;62,8;56,4;53;52,3;58,5;55;71,6;74,8;63,6;60,6;49,6;41,4;35,3;30,6;27,4;24,3;22,4;1;1;1;1;1;1;1;1;1;1;1;1;1;1;1;1;1;1;1;1;1;1;1;1;1;1;1;1;1;1;1;
37080000;1977;6;21,4;21;46,3;50,2;48,9;64,4;63,6;62,8;155;177;141;103;78;59,9;48,2;42,6;37,1;30,6;26,9;23,4;21,4;21;32,9;42,6;38,3;34,7;30,6;26,4;24,3;20,5;-;1;1;1;1;1;1;1;1;1;1;1;1;1;1;1;1;1;1;1;1;1;1;1;1;1;1;1;1;1;1;0;
37080000;1977;7;18,7;16,6;14,5;14,1;12,4;12;10,8;13,7;12,8;12,4;12;10,8;9,5;8,66;6,99;6,99;6,17;5,35;4,94;4,53;3,3;3,08;2,85;2,62;2,4;2,85;4,12;3,08;2,85;2,4;1,95;1;1;1;1;1;1;1;1;1;1;1;1;1;1;1;1;1;1;1;1;1;1;1;1;1;1;1;1;1;1;1;
37080000;1977;8;1,95;1,95;2,4;3,08;3,08;2,85;2,18;1,95;1,73;1,28;1,05;1,05;1,05;1,05;0,945;0,945;0,84;0,84;0,84;0,63;0,63;0,63;0,63;0,63;0,63;0,525;0,525;0,42;0,42;0,42;0,42;1;1;1;1;1;1;1;1;1;1;1;1;1;1;1;1;1;1;1;1;1;1;1;1;1;1;1;1;1;1;1;
37080000;1977;9;0,42;0,42;0,42;0,42;0,42;0,42;0,42;0,42;0,42;0,42;0,42;0,42;0,42;0,42;0,42;0,42;0,42;0,42;0,42;0,42;0,42;0,42;0,42;0,42;0,42;0,42;0,42;0,42;0,42;0,42;-;1;1;1;1;1;1;1;1;1;1;1;1;1;1;1;1;1;1;1;1;1;1;1;1;1;1;1;1;1;1;0;
37080000;1977;10;0,42;0,42;0,42;0,42;0,42;0,42;0,42;0,42;0,42;0,42;0,42;0,42;0,42;0,42;0,21;0;0;0;0;0;0;0;0;0;0;0;0;0;0;0;0;1;1;1;1;1;1;1;1;1;1;1;1;1;1;1;1;1;1;1;1;1;1;1;1;1;1;1;1;1;1;1;
37080000;1977;11;0;0;0;0,105;0,21;0,21;0,21;0,21;0,21;0,21;0,21;0,21;0,21;0,21;0,21;0,21;0;0;0;0;0;0;0;0;0;0;0;0;0;0;-;1;1;1;1;1;1;1;1;1;1;1;1;1;1;1;1;1;1;1;1;1;1;1;1;1;1;1;1;1;1;0;
37080000;1977;12;0;0;0;0;0;0;0;0;0;0;0;0;0;0;0;0;0;0;0;0;0;0;0;0;0;0;0;0;0;0;0;1;1;1;1;1;1;1;1;1;1;1;1;1;1;1;1;1;1;1;1;1;1;1;1;1;1;1;1;1;1;1;
37080000;1978;1;0;0;0;0;0;0;0;0;0;0;0;0;0;0;0;0;0;0;0;0;0;0;0;0;0;0;0;0;0;0;0;1;1;1;1;1;1;1;1;1;1;1;1;1;1;1;1;1;1;1;1;1;1;1;1;1;1;1;1;1;1;1;
37080000;1978;2;0;0;0;0;0;0;0;0;0;0;0;0;0;0;0;11,6;6,58;4,12;2,62;2,18;1,28;0,945;0,63;0,525;0,21;0,21;0,21;0,21;-;-;-;1;1;1;1;1;1;1;1;1;1;1;1;1;1;1;1;1;1;1;1;1;1;1;1;1;1;1;1;0;0;0;
37080000;1978;3;10,8;21,9;12;14,5;24,8;28,4;21,4;14,9;14,1;34,1;42;31,8;22,9;20,5;17,4;16,6;16,6;14,9;14,5;11,2;8,66;7,4;6,58;5,35;4,53;3,71;3,08;3,08;2,85;2,62;2,4;1;1;1;1;1;1;1;1;1;1;1;1;1;1;1;1;1;1;1;1;1;1;1;1;1;1;1;1;1;1;1;
37080000;1978;4;2,18;1,95;1,5;1,5;1,28;1,05;1,73;1,5;2,62;1,73;1,95;2,62;2,18;4,94;3,08;2,85;3,08;4,94;4,12;2,62;2,85;2,62;3,71;2,85;2,85;6,58;5,35;4,53;19,6;16,6;-;1;1;1;1;1;1;1;1;1;1;1;1;1;1;1;1;1;1;1;1;1;1;1;1;1;1;1;1;1;1;0;
37080000;1978;5;29,5;27,9;33,5;31,2;24,8;31,8;45,1;45,7;36,5;30,6;48,2;66;132;173;179;152;112;80,7;59,2;45,7;35,3;32,4;32,4;24,8;20;17;14,1;12,8;10,8;9,5;7,82;1;1;1;1;1;1;1;1;1;1;1;1;1;1;1;1;1;1;1;1;1;1;1;1;1;1;1;1;1;1;1;
37080000;1978;6;6,99;6,17;5,35;4,53;3,71;2,85;2,62;2,85;2,18;1,73;1,28;1,05;1,5;1,5;1,28;1,05;0,945;0,945;0,84;0,735;0,63;0,525;0,42;0,42;0,21;0,105;0;0;0;0,525;-;1;1;1;1;1;1;1;1;1;1;1;1;1;1;1;1;1;1;1;1;1;1;1;1;1;1;1;1;1;1;0;
37080000;1978;7;0,735;2,18;2,62;2,4;1,95;1,95;1,5;1,05;1,05;1,5;1,5;0,735;0,525;0,315;0,21;0;0;0;0;0;0;0;0;0;0;0;0;0;0;0;0;1;1;1;1;1;1;1;1;1;1;1;1;1;1;1;1;1;1;1;1;1;1;1;1;1;1;1;1;1;1;1;
37080000;1978;8;0;0;0;0;0;0;0;0;0;0;0;0;0;0;0;0;0;0;0;0;0;0;0;0;0;0;0;0;0;0;0;1;1;1;1;1;1;1;1;1;1;1;1;1;1;1;1;1;1;1;1;1;1;1;1;1;1;1;1;1;1;1;
37080000;1978;9;0;0;0;0;0;0;0;0;0;0;0;0;0;0;0;0;0;0;0;0;0;0;0;0;0;0;0;0;0;0;-;1;1;1;1;1;1;1;1;1;1;1;1;1;1;1;1;1;1;1;1;1;1;1;1;1;1;1;1;1;1;0;
37080000;1978;10;0;0;0;0;0;0;0;0;0;0;0;0;0;0;0;0;0;0;0;0;0;0;0;0;0;0;0;0;0;0;0;1;1;1;1;1;1;1;1;1;1;1;1;1;1;1;1;1;1;1;1;1;1;1;1;1;1;1;1;1;1;1;
37080000;1978;11;0;0;0;0;0;0;0;0;0;0;0;0;0;0;0;0;0;0;0;0;0;0;0;0;0;0;0;0;0;0;-;1;1;1;1;1;1;1;1;1;1;1;1;1;1;1;1;1;1;1;1;1;1;1;1;1;1;1;1;1;1;0;
37080000;1978;12;0;0;0;0;0;0;0;0;0;0;0;0;0;0;0;0;0;0;0;0;0;0;0;0;0;0;0;0;0;0;0;1;1;1;1;1;1;1;1;1;1;1;1;1;1;1;1;1;1;1;1;1;1;1;1;1;1;1;1;1;1;1;
37080000;1979;1;0;0;0;0;0;0;0;0;0;0;0;0;0;0;0;0;0;0;0;0;0;0;0;0;0;0;0;0;0;0;0;1;1;1;1;1;1;1;1;1;1;1;1;1;1;1;1;1;1;1;1;1;1;1;1;1;1;1;1;1;1;1;
37080000;1979;2;0;0;0;0;0;0;0;0;0;0;0;0;0;0;0;0;0;0;0;0;0;0;0;0,105;7,4;25,8;14,1;9,5;-;-;-;1;1;1;1;1;1;1;1;1;1;1;1;1;1;1;1;1;1;1;1;1;1;1;1;1;1;1;1;0;0;0;
37080000;1979;3;6,17;5,76;4,12;1,95;1,05;2,18;0,945;4,12;7,82;8,24;7,82;5,35;5,76;2,62;1,5;4,53;13,7;11,2;7,82;6,17;3,08;1,73;0,945;0,63;0,735;0,525;0,21;0,21;0,735;13,2;12,8;1;1;1;1;1;1;1;1;1;1;1;1;1;1;1;1;1;1;1;1;1;1;1;1;1;1;1;1;1;1;1;
37080000;1979;4;6,17;2,85;1,73;0,945;0,735;0,525;0,315;0,21;0,105;0;0;0;0;0;0;0;0;0;0;0;17,4;16,6;4,94;2,18;0,945;48,9;50,9;21;20;14,1;-;1;1;1;1;1;1;1;1;1;1;1;1;1;1;1;1;1;1;1;1;1;1;1;1;1;1;1;1;1;1;0;
37080000;1979;5;16,6;14,1;7,4;9,08;30;29;16,6;12,8;7,4;5,76;10,8;8,66;4,94;3,08;2,62;1,95;1,73;5,76;8,66;5,76;4,53;2,62;1,95;1,95;0,945;0,63;0,42;0,21;0,105;0,105;0,105;1;1;1;1;1;1;1;1;1;1;1;1;1;1;1;1;1;1;1;1;1;1;1;1;1;1;1;1;1;1;1;
37080000;1979;6;0;0;0;0;0;0;0;0;0;0;0;0;0;0;0;0;0;0;0;0;0;0;0;0;0;0;0;0;0;0;-;1;1;1;1;1;1;1;1;1;1;1;1;1;1;1;1;1;1;1;1;1;1;1;1;1;1;1;1;1;1;0;
37080000;1979;7;0;0;0;0;0;0;0;0;0;0;0;0;0;0;0;0;0;0;0;0;0;0;0;0;0;0;0;0;0;0;0;1;1;1;1;1;1;1;1;1;1;1;1;1;1;1;1;1;1;1;1;1;1;1;1;1;1;1;1;1;1;1;
37080000;1979;8;0;0;0;0;0;0;0;0;0;0;0;0;0;0;0;0;0;0;0;0;0;0;0;0;0;0;0;0;0;0;0;1;1;1;1;1;1;1;1;1;1;1;1;1;1;1;1;1;1;1;1;1;1;1;1;1;1;1;1;1;1;1;
37080000;1979;9;0;0;0;0;0;0;0;0;0;0;0;0;0;0;0;0;0;0;0;0;0;0;0;0;0;0;0;0;0;0;-;1;1;1;1;1;1;1;1;1;1;1;1;1;1;1;1;1;1;1;1;1;1;1;1;1;1;1;1;1;1;0;
37080000;1979;10;0;0;0;0;0;0;0;0;0;0;0;0;0;0;0;0;0;0;0;0;0;0;0;0;0;0;0;0;0;0;0;1;1;1;1;1;1;1;1;1;1;1;1;1;1;1;1;1;1;1;1;1;1;1;1;1;1;1;1;1;1;1;
37080000;1979;11;0;0;0;0;0;0;0;0;0;0;0;0;0;0;0;0;0;0;0;0;0;0;0;0;0;0;0;0;0;0;-;1;1;1;1;1;1;1;1;1;1;1;1;1;1;1;1;1;1;1;1;1;1;1;1;1;1;1;1;1;1;0;
37080000;1979;12;0;0;0;0;0;0;0;0;0;0;0;0;0;0;0;0;0;0;0;0;0;0;0;0;0;0;0;0;0;0;0;1;1;1;1;1;1;1;1;1;1;1;1;1;1;1;1;1;1;1;1;1;1;1;1;1;1;1;1;1;1;1;
37080000;1980;1;0;0;0;0;0;0;0;0;0;0;0;0;0;0;0;0;0;0;0;0;0;0;0;0;0;0;0;0;0;0;0;1;1;1;1;1;1;1;1;1;1;1;1;1;1;1;1;1;1;1;1;1;1;1;1;1;1;1;1;1;1;1;
37080000;1980;2;0;0;0;0;0;0;0;0;0;0;0;0;8,24;0,735;13,7;40,2;15,3;22,4;36,5;84,3;47,6;62,8;38,9;26,9;52,3;38,9;43,2;34,7;34,1;-;-;1;1;1;1;1;1;1;1;1;1;1;1;1;1;1;1;1;1;1;1;1;1;1;1;1;1;1;1;1;0;0;
37080000;1980;3;45,7;45,7;44,5;120;263;603;730;603;498;288;143;181;170;138;155;185;162;116;84,3;63,6;51,6;43,9;38,3;31,2;26,4;23,4;20,5;18,7;17;15,3;14,5;1;1;1;1;1;1;1;1;1;1;1;1;1;1;1;1;1;1;1;1;1;1;1;1;1;1;1;1;1;1;1;
37080000;1980;4;12,8;11,6;10,8;13,7;11,2;14,1;33,5;34,7;30,6;26,4;24,3;21,4;19,1;16,1;13,7;11,2;9,5;7,82;6,99;5,76;4,94;3,71;3,3;3,08;3,08;2,85;2,4;1,95;1,73;1,5;-;1;1;1;1;1;1;1;1;1;1;1;1;1;1;1;1;1;1;1;1;1;1;1;1;1;1;1;1;1;1;0;
37080000;1980;5;1,5;1,5;1,05;1,05;1,05;0,945;0,84;0,84;0,735;0,735;0,63;0,525;0,42;0,42;0,42;0,63;0,42;0,315;0,42;0,42;0,42;0,42;0,42;0,315;0,105;0,105;0,105;0,105;0,105;0,105;0,105;1;1;1;1;1;1;1;1;1;1;1;1;1;1;1;1;1;1;1;1;1;1;1;1;1;1;1;1;1;1;1;
37080000;1980;6;0;0;0;0;0;0;0;0;0;0;0;0,735;0,63;0,42;0,21;0;0;0;0;0;0;0;0;0;0;0;0;0;0;0;-;1;1;1;1;1;1;1;1;1;1;1;1;1;1;1;1;1;1;1;1;1;1;1;1;1;1;1;1;1;1;0;
37080000;1980;7;0;0;0;0;0;0;0;0;0;0;0;0;0;0;0;0;0;0;0;0;0;0;0;0;0;0;0;0;0;0;0;1;1;1;1;1;1;1;1;1;1;1;1;1;1;1;1;1;1;1;1;1;1;1;1;1;1;1;1;1;1;1;
37080000;1980;8;0;0;0;0;0;0;0;0;0;0;0;0;0;0;0;0;0;0;0;0;0;0;0;0;0;0;0;0;0;0;0;1;1;1;1;1;1;1;1;1;1;1;1;1;1;1;1;1;1;1;1;1;1;1;1;1;1;1;1;1;1;1;
37080000;1980;9;0;0;0;0;0;0;0;0;0;0;0;0;0;0;0;0;0;0;0;0;0;0;0;0;0;0;0;0;0;0;-;1;1;1;1;1;1;1;1;1;1;1;1;1;1;1;1;1;1;1;1;1;1;1;1;1;1;1;1;1;1;0;
37080000;1980;10;0;0;0;0;0;0;0;0;0;0;0;0;0;0;0;0;0;0;0;0;0;0;0;0;0;0;0;0;0;0;0;1;1;1;1;1;1;1;1;1;1;1;1;1;1;1;1;1;1;1;1;1;1;1;1;1;1;1;1;1;1;1;
37080000;1980;11;0;0;0;0;0;0;0;0;0;0;0;0;0;0;0;0;0;0;0;0;0;0;0;0;0;0;0;0;0;0;-;1;1;1;1;1;1;1;1;1;1;1;1;1;1;1;1;1;1;1;1;1;1;1;1;1;1;1;1;1;1;0;
37080000;1980;12;0;0;0;0;0;0;0;0;0;0;0;0;0;0;0;0;0;0;0;0;0;0;0;0;0;0;0;0;0;0;0;1;1;1;1;1;1;1;1;1;1;1;1;1;1;1;1;1;1;1;1;1;1;1;1;1;1;1;1;1;1;1;
37080000;1981;1;0;0;0;0;0;0;0;0;0;0;0;0;0;0;0;0;0;0;0;0;0;0;0;0;0;0;0;0;0;0;0;1;1;1;1;1;1;1;1;1;1;1;1;1;1;1;1;1;1;1;1;1;1;1;1;1;1;1;1;1;1;1;
37080000;1981;2;0;0;0;0;0;0;0;0;0;0;0;0;0;0;0;0;0;0;0;0;0;0;0;0;0;0;0;0;-;-;-;1;1;1;1;1;1;1;1;1;1;1;1;1;1;1;1;1;1;1;1;1;1;1;1;1;1;1;1;0;0;0;
37080000;1981;3;0;0;0;0;0;0;0;0;0;0;0;0;0;0;0,945;11,2;31,8;40,2;34,7;42,6;66,8;55;102;227;339;431;404;255;221;244;248;1;1;1;1;1;1;1;1;1;1;1;1;1;1;1;1;1;1;1;1;1;1;1;1;1;1;1;1;1;1;1;
37080000;1981;4;256;279;299;272;179;111;81,6;69,2;56,4;47,6;38,9;30,6;25,8;22,4;20;18,3;15,3;14,1;12,4;11,2;9,08;8,24;7,4;6,58;5,35;4,53;3,71;3,08;2,85;2,4;-;1;1;1;1;1;1;1;1;1;1;1;1;1;1;1;1;1;1;1;1;1;1;1;1;1;1;1;1;1;1;0;
37080000;1981;5;2,18;1,95;1,73;1,5;1,95;1,73;1,28;1,05;0,84;0,84;0,735;0,63;0,525;0,525;0,42;0,315;0,21;0,105;0;0;0,105;0,105;0,105;0;0;0;0;0;0;0;0;1;1;1;1;1;1;1;1;1;1;1;1;1;1;1;1;1;1;1;1;1;1;1;1;1;1;1;1;1;1;1;
37080000;1981;6;0;0;0;0;0;0;0;0;0,525;0,525;0,525;0,525;0,525;0,525;0,525;0,525;0,525;0,525;0,42;0,42;0,42;0,42;0,42;0,42;0,84;0,84;0,84;0,84;0,84;0,84;-;1;1;1;1;1;1;1;1;1;1;1;1;1;1;1;1;1;1;1;1;1;1;1;1;1;1;1;1;1;1;0;
37080000;1981;7;0,84;0,84;0,84;0,84;0,945;1,05;1,05;1,05;1,05;1,05;1,05;1,05;1,05;1,05;1,05;1,05;1,05;1,05;1,05;1,05;1,05;0,945;0,84;0,735;0,63;0,525;0,42;0,315;0,21;0,105;0;1;1;1;1;1;1;1;1;1;1;1;1;1;1;1;1;1;1;1;1;1;1;1;1;1;1;1;1;1;1;1;
37080000;1981;8;0;0;0;0;0;0;0;0;0;0;0;0;0;0;0;0;0;0;0;0;0;0;0;0;0;0;0;0;0;0;0;1;1;1;1;1;1;1;1;1;1;1;1;1;1;1;1;1;1;1;1;1;1;1;1;1;1;1;1;1;1;1;
37080000;1981;9;0;0;0;0;0;0;0;0;0;0;0;0;0;0;0;0;0;0;0;0;0;0;0;0;0;0;0;0;0;0;-;1;1;1;1;1;1;1;1;1;1;1;1;1;1;1;1;1;1;1;1;1;1;1;1;1;1;1;1;1;1;0;
37080000;1981;10;0;0;0;0;0;0;0;0;0;0;0;0;0;0;0;0;0;0;0;0;0;0;0;0;0;0;0;0;0;0;0;1;1;1;1;1;1;1;1;1;1;1;1;1;1;1;1;1;1;1;1;1;1;1;1;1;1;1;1;1;1;1;
37080000;1981;11;0;0;0;0;0;0;0;0;0;0;0;0;0;0;0;0;0;0;0;0;0;0;0;0;0;0;0;0;0;0;-;1;1;1;1;1;1;1;1;1;1;1;1;1;1;1;1;1;1;1;1;1;1;1;1;1;1;1;1;1;1;0;
37080000;1981;12;0;0;0;0;0;0;0;0;0;0;0;0;0;0;0;0;0;0;0;0;0;0;0;0;0;0;0;0;0;0;0;1;1;1;1;1;1;1;1;1;1;1;1;1;1;1;1;1;1;1;1;1;1;1;1;1;1;1;1;1;1;1;
37080000;1982;1;0;0;0;0;0;0;0;0;0;0;0;0;0;0;0;0;0;0;0;0;0;0;0;0;0;0;0;0;0;0;0;1;1;1;1;1;1;1;1;1;1;1;1;1;1;1;1;1;1;1;1;1;1;1;1;1;1;1;1;1;1;1;
37080000;1982;2;1,05;1,05;1,05;1,05;1,05;1,05;1,05;1,05;1,05;1,05;1,05;1,05;1,05;1,05;1,05;1,73;1,73;1,73;1,73;1,73;1,73;1,73;1,73;1,73;1,73;2,85;2,85;8,24;-;-;-;1;1;1;1;1;1;1;1;1;1;1;1;1;1;1;1;1;1;1;1;1;1;1;1;1;1;1;1;0;0;0;
37080000;1982;3;2,85;2,18;6,17;4,12;2,4;1,95;1,95;1,95;1,95;1,95;1,95;1,95;1,95;1,95;1,73;30;23,8;15,3;10,8;7,82;5,76;6,99;6,58;4,53;3,3;3,08;2,62;2,18;1,73;1,73;1,73;1;1;1;1;1;1;1;1;1;1;1;1;1;1;1;1;1;1;1;1;1;1;1;1;1;1;1;1;1;1;1;
37080000;1982;4;1,5;1,73;1,5;1,5;1,5;1,5;1,5;1,5;1,5;1,5;1,28;1,28;1,28;1,28;1,28;34,1;48,2;21,4;13,7;9,5;7,4;50,2;24,3;22,4;16,1;15,7;14,5;25,8;46,3;25,8;-;1;1;1;1;1;1;1;1;1;1;1;1;1;1;1;1;1;1;1;1;1;1;1;1;1;1;1;1;1;1;0;
37080000;1982;5;16,6;12;9,92;18,3;14,1;12;9,5;7,82;12,4;10,3;7,4;7,82;12,4;21;20,5;14,1;9,08;6,99;6,58;4,94;3,3;2,85;2,85;1,95;1,28;0,945;0,735;0,525;0,42;0,21;0,21;1;1;1;1;1;1;1;1;1;1;1;1;1;1;1;1;1;1;1;1;1;1;1;1;1;1;1;1;1;1;1;
37080000;1982;6;0;0;0;0;0;0;0;0;0;0;0;0;0;0;0;0;0;0;0;0;0;0;0;0;0;0;0;0;0;0;-;1;1;1;1;1;1;1;1;1;1;1;1;1;1;1;1;1;1;1;1;1;1;1;1;1;1;1;1;1;1;0;
37080000;1982;7;0;0;0;0;0;0;0;0;0;0;0;0;0;0;0;0;0;0;0;0;0;0;0;0;0;0;0;0;0;0;0;1;1;1;1;1;1;1;1;1;1;1;1;1;1;1;1;1;1;1;1;1;1;1;1;1;1;1;1;1;1;1;
37080000;1982;8;0;0;0;0;0;0;0;0;0;0;0;0;0;0;0;0;0;0;0;0;0;0;0;0;0;0;0;0;0;0;0;1;1;1;1;1;1;1;1;1;1;1;1;1;1;1;1;1;1;1;1;1;1;1;1;1;1;1;1;1;1;1;
37080000;1982;9;0;0;0;0;0;0;0;0;0;0;0;0;0;0;0;0;0;0;0;0;0;0;0;0;0;0;0;0;0;0;-;1;1;1;1;1;1;1;1;1;1;1;1;1;1;1;1;1;1;1;1;1;1;1;1;1;1;1;1;1;1;0;
37080000;1982;10;0;0;0;0;0;0;0;0;0;0;0;0;0;0;0;0;0;0;0;0;0;0;0;0;0;0;0;0;0;0;0;1;1;1;1;1;1;1;1;1;1;1;1;1;1;1;1;1;1;1;1;1;1;1;1;1;1;1;1;1;1;1;
37080000;1982;11;0;0;0;0;0;0;0;0;0;0;0;0;0;0;0;0;0;0;0;0;0;0;0;0;0;0;0;0;0;0;-;1;1;1;1;1;1;1;1;1;1;1;1;1;1;1;1;1;1;1;1;1;1;1;1;1;1;1;1;1;1;0;
37080000;1982;12;0;0;0;0;0;0;0;0;0;0;0;0;0;0;0;0;0;0;0;0;0;0;0;0;0;0;0;0;0;0;0;1;1;1;1;1;1;1;1;1;1;1;1;1;1;1;1;1;1;1;1;1;1;1;1;1;1;1;1;1;1;1;
37080000;1983;1;0;0;0;0;0;0;0;0;0;0;0;0;0;0;0;0;0;0;0;0;0;0;0;0;0;0;0;0;0;0;0;1;1;1;1;1;1;1;1;1;1;1;1;1;1;1;1;1;1;1;1;1;1;1;1;1;1;1;1;1;1;1;
37080000;1983;2;0;0;0;0;0;0;0;0;0;0;0;0;0;0;0;0;0;0;0;0;0;0;0;0;0;0;0;0;-;-;-;1;1;1;1;1;1;1;1;1;1;1;1;1;1;1;1;1;1;1;1;1;1;1;1;1;1;1;1;0;0;0;
37080000;1983;3;0;0;0;0;0;0;0;0;0;0;0;0;0;0;0;0;0;0;0;0;0;0;0;0;0;0;0;0;0;0;0;1;1;1;1;1;1;1;1;1;1;1;1;1;1;1;1;1;1;1;1;1;1;1;1;1;1;1;1;1;1;1;
37080000;1983;4;10,8;9,08;5,76;2,85;2,18;1,73;1,73;1,28;3,08;1,95;1,5;1,28;0,945;0,945;0,63;0,63;0,63;0,945;1,05;0,945;0,525;1,28;0,63;0,525;0,525;0,42;0,42;0,42;0,42;0,42;-;1;1;1;1;1;1;1;1;1;1;1;1;1;1;1;1;1;1;1;1;1;1;1;1;1;1;1;1;1;1;0;
37080000;1983;5;0;0;0;0;0;0;0;0;0;0;0;0;0;0;0;0;0;0;0;0;0;0;0;0;0;0;0;0;0;0;0;1;1;1;1;1;1;1;1;1;1;1;1;1;1;1;1;1;1;1;1;1;1;1;1;1;1;1;1;1;1;1;
37080000;1983;6;0;0;0;0;0;0;0;0;0;0;0;0;0;0;0;0;0;0;0;0;0;0;0;0;0;0;0;0;0;0;-;1;1;1;1;1;1;1;1;1;1;1;1;1;1;1;1;1;1;1;1;1;1;1;1;1;1;1;1;1;1;0;
37080000;1983;7;0;0;0;0;0;0;0;0;0;0;0;0;0;0;0;0;0;0;0;0;0;0;0;0;0;0;0;0;0;0;0;1;1;1;1;1;1;1;1;1;1;1;1;1;1;1;1;1;1;1;1;1;1;1;1;1;1;1;1;1;1;1;
37080000;1983;8;0;0;0;0;0;0;0;0;0;0;0;0;0;0;0;0;0;0;0;0;0;0;0;0;0;0;0;0;0;0;0;1;1;1;1;1;1;1;1;1;1;1;1;1;1;1;1;1;1;1;1;1;1;1;1;1;1;1;1;1;1;1;
37080000;1983;9;0;0;0;0;0;0;0;0;0;0;0;0;0;0;0;0;0;0;0;0;0;0;0;0;0;0;0;0;0;0;-;1;1;1;1;1;1;1;1;1;1;1;1;1;1;1;1;1;1;1;1;1;1;1;1;1;1;1;1;1;1;0;
37080000;1983;10;0;0;0;0;0;0;0;0;0;0;0;0;0;0;0;0;0;0;0;0;0;0;0;0;0;0;0;0;0;0;0;1;1;1;1;1;1;1;1;1;1;1;1;1;1;1;1;1;1;1;1;1;1;1;1;1;1;1;1;1;1;1;
37080000;1983;11;0;0;0;0;0;0;0;0;0;0;0;0;0;0;0;0;0;0;0;0;0;0;0;0;0;0;0;0;0;0;-;1;1;1;1;1;1;1;1;1;1;1;1;1;1;1;1;1;1;1;1;1;1;1;1;1;1;1;1;1;1;0;
37080000;1983;12;0;0;0;0;0;0;0;0;0;0;0;0;0;0;0;0;0;0;0;0;0;0;0;0;0;0;0;0;0;0;0;1;1;1;1;1;1;1;1;1;1;1;1;1;1;1;1;1;1;1;1;1;1;1;1;1;1;1;1;1;1;1;
37080000;1984;1;0;0;0;0;0;0;0;0;0;0;0;0;0;0;0;0;0;0;0;0;0;0;0;0;0;0;0;0;0;0;0;1;1;1;1;1;1;1;1;1;1;1;1;1;1;1;1;1;1;1;1;1;1;1;1;1;1;1;1;1;1;1;
37080000;1984;2;0;0;0;0;0;0;0;0;0;0;0;0;0;0;0;0;0;0;0;0;0;0;0;0;0;0;0;0;0;-;-;1;1;1;1;1;1;1;1;1;1;1;1;1;1;1;1;1;1;1;1;1;1;1;1;1;1;1;1;1;0;0;
37080000;1984;3;0;0;0;0;0;0;0;0;0;0;0;0;0;0;23,4;34,7;12;1,95;14,5;5,76;1,28;0;15,7;38,9;22,4;14,1;13,2;11,2;13,7;9,92;8,66;1;1;1;1;1;1;1;1;1;1;1;1;1;1;1;1;1;1;1;1;1;1;1;1;1;1;1;1;1;1;1;
37080000;1984;4;41,4;22,4;25,8;21,4;40,2;48,9;59,9;36,5;22,9;22,4;23,4;30,6;47;35,9;43,2;113;124;160;189;140;164;201;144;185;190;146;126;89,7;73,2;70;-;1;1;1;1;1;1;1;1;1;1;1;1;1;1;1;1;1;1;1;1;1;1;1;1;1;1;1;1;1;1;0;
37080000;1984;5;52,3;40,2;32,4;45,7;83,4;92,4;82,5;63,6;54,3;43,9;39,6;31,2;25,3;42;64,4;78,9;86,1;59,9;78;99,6;81,6;66,8;52,3;43,9;63,6;50,2;44,5;42;35,9;29;24,8;1;1;1;1;1;1;1;1;1;1;1;1;1;1;1;1;1;1;1;1;1;1;1;1;1;1;1;1;1;1;1;
37080000;1984;6;20,5;17,4;15,3;14,1;32,9;44,5;31,8;27,9;24,8;18,7;14,5;14,5;14,1;12;9,08;6,99;5,35;4,12;3,3;2,62;1,95;1,73;1,28;0,945;0,84;0,735;0,525;0,315;0,315;0;-;1;1;1;1;1;1;1;1;1;1;1;1;1;1;1;1;1;1;1;1;1;1;1;1;1;1;1;1;1;1;0;
37080000;1984;7;0;0;0;0;0;0;0,105;0;0;0;0;0;0;0;0;0;0;2,62;0,84;0,105;0;0;0;0;0;0;0;0;0;0;0;1;1;1;1;1;1;1;1;1;1;1;1;1;1;1;1;1;1;1;1;1;1;1;1;1;1;1;1;1;1;1;
37080000;1984;8;0;0;0;0;0;0;0;0;0;0;0;0;0;0;0;0;0;0;0;0;0;0;0;0;0;0;0;0;0;0;0;1;1;1;1;1;1;1;1;1;1;1;1;1;1;1;1;1;1;1;1;1;1;1;1;1;1;1;1;1;1;1;
37080000;1984;9;0;0;0;0;0;0;0;0;0;0;0;0;0;0;0;0;0;0;0;0;0;0;0;0;0;0;0;0;0;0;-;1;1;1;1;1;1;1;1;1;1;1;1;1;1;1;1;1;1;1;1;1;1;1;1;1;1;1;1;1;1;0;
37080000;1984;10;0;0;0;0;0;0;0;0;0;0;0;0;0;0;0;0;0;0;0;0;0;0;0;0;0;0;0;0;0;0;0;1;1;1;1;1;1;1;1;1;1;1;1;1;1;1;1;1;1;1;1;1;1;1;1;1;1;1;1;1;1;1;
37080000;1984;11;0;0;0;0;0;0;0;0;0;0;0;0;0;0;0;0;0;0;0;0;0;0;0;0;0;0;0;0;0;0;-;1;1;1;1;1;1;1;1;1;1;1;1;1;1;1;1;1;1;1;1;1;1;1;1;1;1;1;1;1;1;0;
37080000;1984;12;0;0;0;0;0;0;0;0;0;0;0;0;0;0;0;0;0;0;0;0;0;0;0;0;0;0;0;0;0;0;0;1;1;1;1;1;1;1;1;1;1;1;1;1;1;1;1;1;1;1;1;1;1;1;1;1;1;1;1;1;1;1;
37080000;1985;1;0;0;0;0;0;0;0;0;0;0;0;0;0;0;0;0;0;0;0;0;0;0;0;0;0;0;0;0;0;0;0;1;1;1;1;1;1;1;1;1;1;1;1;1;1;1;1;1;1;1;1;1;1;1;1;1;1;1;1;1;1;1;
37080000;1985;2;0;9,57;25,1;19,4;16,8;18,9;15,1;15,9;16,3;8,59;63,8;109;50,1;59,3;62,3;57,9;84;98,1;133;182;275;408;515;491;396;259;146;104;-;-;-;1;1;1;1;1;1;1;1;1;1;1;1;1;1;1;1;1;1;1;1;1;1;1;1;1;1;1;1;0;0;0;
37080000;1985;3;120;207;231;206;210;261;327;333;233;139;110;90,9;73,2;57,1;69,2;74;91,8;89,2;130;321;418;415;339;235;321;464;425;318;415;453;411;1;1;1;1;1;1;1;1;1;1;1;1;1;1;1;1;1;1;1;1;1;1;1;1;1;1;1;1;1;1;1;
37080000;1985;4;321;281;303;491;-;-;-;-;-;-;-;-;-;-;-;-;-;-;-;-;-;-;-;-;-;-;-;315;368;721;-;1;1;1;1;0;0;0;0;0;0;0;0;0;0;0;0;0;0;0;0;0;0;0;0;0;0;0;1;1;1;0;
37080000;1985;5;-;-;-;678;-;-;-;-;-;-;441;-;-;-;-;-;135;115;93,6;80,6;85,7;86,5;94,5;86,5;76,4;59,3;52,2;44,1;38,5;34,3;30,9;0;0;0;1;0;0;0;0;0;0;1;0;0;0;0;0;1;1;1;1;1;1;1;1;1;1;1;1;1;1;1;
37080000;1985;6;28,2;27,2;25,1;25,1;23,6;23,6;22,2;20,8;20,3;20,8;20,3;64,6;74,8;84,8;78,9;57,9;45,4;46,8;63,8;66,9;52,2;42,9;37,3;33,2;28,8;25,1;21,7;18,5;16,8;14,7;-;1;1;1;1;1;1;1;1;1;1;1;1;1;1;1;1;1;1;1;1;1;1;1;1;1;1;1;1;1;1;0;
37080000;1985;7;13,1;12;10,9;8,28;7,07;6,5;5,95;8,91;10,9;12;10,9;10,2;10,9;37,3;28,8;22,2;16,8;13,9;11,6;10,2;8,59;7,37;16,8;14,7;12,8;12,4;10,2;8,59;8,91;7,66;7,07;1;1;1;1;1;1;1;1;1;1;1;1;1;1;1;1;1;1;1;1;1;1;1;1;1;1;1;1;1;1;1;
37080000;1985;8;6,22;5,16;4,43;3,74;3,31;2,71;2,52;2,16;1,82;1,67;1,67;1,37;1,37;1,23;0,97;0;0;0;0;0;0;0;0;0;0;0;0;0;0;0;0;1;1;1;1;1;1;1;1;1;1;1;1;1;1;1;1;1;1;1;1;1;1;1;1;1;1;1;1;1;1;1;
37080000;1985;9;0;0;0;0;0;0;0;0;0;0;0;0;0;0;0;0;0;0;0;0;0;0;0;0;0;0;0;0;0;0;-;1;1;1;1;1;1;1;1;1;1;1;1;1;1;1;1;1;1;1;1;1;1;1;1;1;1;1;1;1;1;0;
37080000;1985;10;0;0;0;0;0;0;0;0;0;0;0;0;0;0;0;0;0;0;0;0;0;0;0;0;0;0;0;0;0;0;0;1;1;1;1;1;1;1;1;1;1;1;1;1;1;1;1;1;1;1;1;1;1;1;1;1;1;1;1;1;1;1;
37080000;1985;11;0;0;0;0;0;0;0;0;0;0;0;0;0;0;0;0;0;0;0;0;0;0;0;0;0;0;0;0;0;0;-;1;1;1;1;1;1;1;1;1;1;1;1;1;1;1;1;1;1;1;1;1;1;1;1;1;1;1;1;1;1;0;
37080000;1985;12;0;0;0;0;0;0;0;0;0;0;0;0;0;0;0;0;0;0;0;0;0;0;0;0;0;0;0;0;0;0;0;1;1;1;1;1;1;1;1;1;1;1;1;1;1;1;1;1;1;1;1;1;1;1;1;1;1;1;1;1;1;1;
37080000;1986;1;0;0;0;0;0;0;0;0;0;0;0;0;0;0;0;0;0;0;0;0;0;0;0;0;0;0;0;0;0;0;0;1;1;1;1;1;1;1;1;1;1;1;1;1;1;1;1;1;1;1;1;1;1;1;1;1;1;1;1;1;1;1;
37080000;1986;2;0;0;0;0;0;0;0;0;0;0;0;0;0;0;0;0;0;0;0;0;0;0;0;0;0;0;0;0;-;-;-;1;1;1;1;1;1;1;1;1;1;1;1;1;1;1;1;1;1;1;1;1;1;1;1;1;1;1;1;0;0;0;
37080000;1986;3;0;0;0;0;0;71,6;79,7;48,1;108;220;196;195;124;114;122;124;90,9;63;46,8;40,3;30,9;30,4;40,3;137;236;324;386;393;300;191;174;1;1;1;1;1;1;1;1;1;1;1;1;1;1;1;1;1;1;1;1;1;1;1;1;1;1;1;1;1;1;1;
37080000;1986;4;194;248;292;241;166;116;85,7;74,8;74,8;67,6;70,8;93,6;96,3;83,1;102;231;309;420;478;410;352;362;390;415;383;287;172;132;121;105;-;1;1;1;1;1;1;1;1;1;1;1;1;1;1;1;1;1;1;1;1;1;1;1;1;1;1;1;1;1;1;0;
37080000;1986;5;92,7;87;82,3;83,8;83,1;69,4;70,9;84,6;68,7;55,6;45,5;39;33,6;30;28;44,9;34,6;28;23,7;21,9;19,4;24,2;25,6;46,1;75,4;87,8;243;207;147;113;85,4;1;1;1;1;1;1;1;1;1;1;1;1;1;1;1;1;1;1;1;1;1;1;1;1;1;1;1;1;1;1;1;
37080000;1986;6;69,4;66,6;79,2;90,3;90,3;70,2;58,2;48,5;37,4;31,5;34,1;33;83,1;92,7;89,4;64,4;46,7;41,3;41,9;38,5;32;27,5;22,8;19,8;19,4;15,8;14,7;13,6;12,5;11,5;-;1;1;1;1;1;1;1;1;1;1;1;1;1;1;1;1;1;1;1;1;1;1;1;1;1;1;1;1;1;1;0;
37080000;1986;7;10,6;12,2;13,6;12,2;11,2;10,6;10,6;10,6;11,5;11,5;10,2;9,32;7,31;6,78;5,52;4,82;8,72;7,86;21,5;20,6;16,6;14,3;12,5;10,6;9,02;7,31;6,26;5,28;4,82;4,17;3,75;1;1;1;1;1;1;1;1;1;1;1;1;1;1;1;1;1;1;1;1;1;1;1;1;1;1;1;1;1;1;1;
37080000;1986;8;3,36;2,8;2,45;2,29;1,97;1,97;1,82;1,82;2,63;3,55;3,55;3,17;2,63;2,13;1,97;1,82;1,68;1,54;1,28;1,28;1,28;1,28;1,28;1,28;1,28;1,28;1,28;1,28;1,28;1,28;1,28;1;1;1;1;1;1;1;1;1;1;1;1;1;1;1;1;1;1;1;1;1;1;1;1;1;1;1;1;1;1;1;
37080000;1986;9;1,28;1,28;1,28;1,28;1,28;1,28;1,28;1,28;1,28;1,28;1,28;1,28;1,28;1,28;1,28;1,28;1,28;1,28;1,28;1,28;1,28;1,28;1,28;1,28;1,28;1,28;1,28;1,28;1,28;1,28;-;1;1;1;1;1;1;1;1;1;1;1;1;1;1;1;1;1;1;1;1;1;1;1;1;1;1;1;1;1;1;0;
37080000;1986;10;1,28;1,28;1,28;1,28;1,28;1,28;1,28;1,28;1,28;1,28;1,28;1,28;1,28;1,28;1,28;1,28;1,28;1,28;1,28;1,28;1,28;1,28;0;0;0;0;0;0;0;0;0;1;1;1;1;1;1;1;1;1;1;1;1;1;1;1;1;1;1;1;1;1;1;1;1;1;1;1;1;1;1;1;
37080000;1986;11;0;0;0;0;0;0;0;0;0;0;0;0;0;0;0;0;0;0;0;0;0;0;0;0;0;0;0;0;0;0;-;1;1;1;1;1;1;1;1;1;1;1;1;1;1;1;1;1;1;1;1;1;1;1;1;1;1;1;1;1;1;0;
37080000;1986;12;0;0;0;0;0;0;0;0;0;0;0;0;0;0;0;0;0;0;0;0;0;0;0;0;0;0;0;0;0;0;0;1;1;1;1;1;1;1;1;1;1;1;1;1;1;1;1;1;1;1;1;1;1;1;1;1;1;1;1;1;1;1;
37080000;1987;1;0;0;0;0;0;160;34,6;17,3;10,9;7,86;5,76;4,38;4,17;3,96;3,75;3,75;4,38;3,75;3,75;4,17;9,02;4,82;3,75;3,75;3,75;3,75;3,75;3,75;3,75;3,75;3,75;1;1;1;1;1;1;1;1;1;1;1;1;1;1;1;1;1;1;1;1;1;1;1;1;1;1;1;1;1;1;1;
37080000;1987;2;3,75;3,75;3,75;3,75;3,75;3,75;3,75;3,75;3,75;3,75;3,75;3,75;3,75;3,75;3,75;3,75;3,75;3,75;3,75;3,75;3,75;3,75;3,75;3,75;3,75;3,75;3,75;3,75;-;-;-;1;1;1;1;1;1;1;1;1;1;1;1;1;1;1;1;1;1;1;1;1;1;1;1;1;1;1;1;0;0;0;
37080000;1987;3;3,75;3,75;3,75;9,93;6,01;3,75;3,75;3,75;3,75;3,75;3,75;3,75;3,75;3,75;6,26;6,01;6,01;6,01;5,05;6,01;24,2;33;30,5;23,3;33;24,2;17,7;51;113;91,9;81,5;1;1;1;1;1;1;1;1;1;1;1;1;1;1;1;1;1;1;1;1;1;1;1;1;1;1;1;1;1;1;1;
37080000;1987;4;74,6;54,9;49,1;40,2;58,2;100;87;61,6;46,7;59,6;91,1;67,3;63;46,1;35,7;29,4;25,1;23,7;17,3;13,9;12,2;10,2;9,02;8,14;7,58;7,04;12,2;8,72;8,72;7,04;-;1;1;1;1;1;1;1;1;1;1;1;1;1;1;1;1;1;1;1;1;1;1;1;1;1;1;1;1;1;1;0;
37080000;1987;5;6,26;6,52;4,6;5,05;5,28;6,78;6,78;6,01;5,28;5,28;4,17;3,55;3,17;2,8;2,45;2,29;2,29;2,29;2,29;2,13;1,97;1,97;1,97;1,82;1,82;1,68;1,68;1,54;1,4;1,4;1,28;1;1;1;1;1;1;1;1;1;1;1;1;1;1;1;1;1;1;1;1;1;1;1;1;1;1;1;1;1;1;1;
37080000;1987;6;0;0;0;0;0;0;0;0;0;0;0;0;0;0;0;0;0;0;0;0;0;0;0;0;0;0;0;0;0;0;-;1;1;1;1;1;1;1;1;1;1;1;1;1;1;1;1;1;1;1;1;1;1;1;1;1;1;1;1;1;1;0;
37080000;1987;7;0;0;0;0;0;0;0;0;0;0;0;0;0;0;0;0;0;0;0;0;0;0;0;0;0;0;0;0;0;0;0;1;1;1;1;1;1;1;1;1;1;1;1;1;1;1;1;1;1;1;1;1;1;1;1;1;1;1;1;1;1;1;
37080000;1987;8;0;0;0;0;0;0;0;0;0;0;0;0;0;0;0;0;0;0;0;0;0;0;0;0;0;0;0;0;0;0;0;1;1;1;1;1;1;1;1;1;1;1;1;1;1;1;1;1;1;1;1;1;1;1;1;1;1;1;1;1;1;1;
37080000;1987;9;0;0;0;0;0;0;0;0;0;0;0;0;0;0;0;0;0;0;0;0;0;0;0;0;0;0;0;0;0;0;-;1;1;1;1;1;1;1;1;1;1;1;1;1;1;1;1;1;1;1;1;1;1;1;1;1;1;1;1;1;1;0;
37080000;1987;10;0;0;0;0;0;0;0;0;0;0;0;0;0;0;0;0;0;0;0;0;0;0;0;0;0;0;0;0;0;0;0;1;1;1;1;1;1;1;1;1;1;1;1;1;1;1;1;1;1;1;1;1;1;1;1;1;1;1;1;1;1;1;
37080000;1987;11;0;0;0;0;0;0;0;0;0;0;0;0;0;0;0;0;0;0;0;0;0;0;0;0;0;0;0;0;0;0;-;1;1;1;1;1;1;1;1;1;1;1;1;1;1;1;1;1;1;1;1;1;1;1;1;1;1;1;1;1;1;0;
37080000;1987;12;0;0;0;0;0;0;0;0;0;0;0;0;0;0;0;0;0;0;0;0;0;0;0;0;0;0;0;0;0;0;0;1;1;1;1;1;1;1;1;1;1;1;1;1;1;1;1;1;1;1;1;1;1;1;1;1;1;1;1;1;1;1;
37080000;1988;1;0;0;0;0;0;0;0;0;0;0;0;0;0;0;0;0;0;0;0;0;0;0;0;0;0;0;0;0;0;0;0;1;1;1;1;1;1;1;1;1;1;1;1;1;1;1;1;1;1;1;1;1;1;1;1;1;1;1;1;1;1;1;
37080000;1988;2;0;0;0;0;0;0;0;0;0;0;0;0;0;0;0;0;0;0;0;0;0;0;0;0;0;0;0;0;0;-;-;1;1;1;1;1;1;1;1;1;1;1;1;1;1;1;1;1;1;1;1;1;1;1;1;1;1;1;1;1;0;0;
37080000;1988;3;0;0;0;0;0;0;0;0;0;0;0;0;0;0;0,007;12,9;7,04;4,82;3,96;4,82;24,2;17,7;29;19,4;9,93;9,32;15,8;10,9;9,32;8,72;7,31;1;1;1;1;1;1;1;1;1;1;1;1;1;1;1;1;1;1;1;1;1;1;1;1;1;1;1;1;1;1;1;
37080000;1988;4;5,05;5,05;4,82;4,6;4,6;44,3;23,7;19;16,6;9,62;10,9;25,1;55,6;58,2;61,6;56,2;70,9;58,2;76,9;80,7;67,3;43,7;87;110;101;69,4;105;69,4;52,3;41,3;-;1;1;1;1;1;1;1;1;1;1;1;1;1;1;1;1;1;1;1;1;1;1;1;1;1;1;1;1;1;1;0;
37080000;1988;5;31,5;35,7;46,7;65,8;73,1;87;82,3;72,4;63;47,9;37,4;28;21,9;17,7;15;44,3;20,2;15,4;12,2;11,2;9,32;8,43;7,31;8,43;9,62;9,32;6,78;6,26;6,01;6,01;4,38;1;1;1;1;1;1;1;1;1;1;1;1;1;1;1;1;1;1;1;1;1;1;1;1;1;1;1;1;1;1;1;
37080000;1988;6;4,17;3,96;3,75;3,75;3,75;3,75;3,75;3,75;3,75;3,75;3,75;3,75;3,75;3,75;3,75;3,75;3,75;3,75;3,75;3,75;3,75;3,75;3,75;3,75;15,4;17,7;18,1;18,6;15,4;10,9;-;1;1;1;1;1;1;1;1;1;1;1;1;1;1;1;1;1;1;1;1;1;1;1;1;1;1;1;1;1;1;0;
37080000;1988;7;9,02;8,72;9,32;9,62;3,75;3,75;3,75;3,75;3,75;3,75;3,75;3,75;3,75;1,97;1,28;1,03;0,62;0,531;0,448;0,448;0,371;0,371;0,371;0,301;0,301;0,237;0,237;0,18;0,18;0,18;0,18;1;1;1;1;1;1;1;1;1;1;1;1;1;1;1;1;1;1;1;1;1;1;1;1;1;1;1;1;1;1;1;
37080000;1988;8;0,088;0,088;0,088;0,088;0,053;0,053;0,053;0,053;0,053;0,053;0,053;0,053;0,053;0,053;0,053;0,053;0,053;0,053;0,053;0,053;0,053;0,053;0,053;0,053;0,053;0,053;0,053;0,053;0,053;0,053;0,053;1;1;1;1;1;1;1;1;1;1;1;1;1;1;1;1;1;1;1;1;1;1;1;1;1;1;1;1;1;1;1;
37080000;1988;9;0;0;0;0;0;0;0;0;0;0;0;0;0;0;0;0;0;0;0;0;0;0;0;0;0;0;0;0;0;0;-;1;1;1;1;1;1;1;1;1;1;1;1;1;1;1;1;1;1;1;1;1;1;1;1;1;1;1;1;1;1;0;
37080000;1988;10;0;0;0;0;0;0;0;0;0;0;0;0;0;0;0;0;0;0;0;0;0;0;0;0;0;0;0;0;0;0;0;1;1;1;1;1;1;1;1;1;1;1;1;1;1;1;1;1;1;1;1;1;1;1;1;1;1;1;1;1;1;1;
37080000;1988;11;0;0;0;0;0;0;0;0;0;0;0;0;0;0;0;0;0;0;0;0;0;0;0;0;0;0;0;0;0;0;-;1;1;1;1;1;1;1;1;1;1;1;1;1;1;1;1;1;1;1;1;1;1;1;1;1;1;1;1;1;1;0;
37080000;1988;12;0;0;0;0;0;0;0;0;0;0;0;0;0;0;0;0;0;0;0;0;0;0;0;0;0;0;0;0;0;0;0;1;1;1;1;1;1;1;1;1;1;1;1;1;1;1;1;1;1;1;1;1;1;1;1;1;1;1;1;1;1;1;
37080000;1989;1;0;0;0;0;0;0;0;0;0;0;0;0;0;0;0;0;0;0;0;0;0;0;0;0;0;0;0;0;0;0;0;1;1;1;1;1;1;1;1;1;1;1;1;1;1;1;1;1;1;1;1;1;1;1;1;1;1;1;1;1;1;1;
37080000;1989;2;0;0;0;0;0;0;0;0;0;0;0;0;0;0;0;0;0;0;0;0;0;0;0;0;0;0;0;0;-;-;-;1;1;1;1;1;1;1;1;1;1;1;1;1;1;1;1;1;1;1;1;1;1;1;1;1;1;1;1;0;0;0;
37080000;1989;3;0;0;0;0;0;0;0;0;0;0;0;0;0;0;0;0;0;0;0;0;0;0;0;0;0;0;3,75;3,55;3,36;2,45;9,93;1;1;1;1;1;1;1;1;1;1;1;1;1;1;1;1;1;1;1;1;1;1;1;1;1;1;1;1;1;1;1;
37080000;1989;4;6,26;6,26;8,14;10,2;10,2;13,2;28;50,4;62,3;39,6;38,5;35,7;51,7;63;65,1;54,3;119;212;306;341;340;210;128;113;163;310;382;410;412;412;-;1;1;1;1;1;1;1;1;1;1;1;1;1;1;1;1;1;1;1;1;1;1;1;1;1;1;1;1;1;1;0;
37080000;1989;5;387;303;241;343;374;331;364;304;185;235;323;346;249;159;114;103;105;84,6;73,9;58,9;58,2;51;44,9;37,4;32;27,5;25,6;21,1;19,4;17,3;16,2;1;1;1;1;1;1;1;1;1;1;1;1;1;1;1;1;1;1;1;1;1;1;1;1;1;1;1;1;1;1;1;
37080000;1989;6;17;15;15,8;14,7;12,9;11,2;9,93;9,02;8,72;8,72;8,72;8,72;8,72;6,26;4,17;4,17;4,17;5,52;5,52;5,76;13,6;13,2;9,93;7,86;6,26;6,01;8,43;7,58;6,52;6,78;-;1;1;1;1;1;1;1;1;1;1;1;1;1;1;1;1;1;1;1;1;1;1;1;1;1;1;1;1;1;1;0;
37080000;1989;7;5,28;4,82;4,38;4,38;4,17;28;75,4;88,6;119;116;97,7;72,4;53;40,7;32,5;27;23,3;19,4;16,2;13,6;11,9;9,93;9,02;8,43;7,58;6,26;6,01;6,01;5,52;4,17;3,75;1;1;1;1;1;1;1;1;1;1;1;1;1;1;1;1;1;1;1;1;1;1;1;1;1;1;1;1;1;1;1;
37080000;1989;8;2,8;2,45;3,17;2,98;2,8;2,45;1,82;1,68;1,54;1,4;1,4;1,28;1,28;1,28;1,28;1,28;1,28;1,28;1,28;1,28;1,15;1,15;1,15;1,15;1,15;1,15;0,715;0,715;0,715;0,715;0,715;1;1;1;1;1;1;1;1;1;1;1;1;1;1;1;1;1;1;1;1;1;1;1;1;1;1;1;1;1;1;1;
37080000;1989;9;0,715;0,715;0,715;0,62;0,62;0,62;0,62;0,531;0,448;0,448;0,448;0,371;0,301;0,301;0,301;0,18;0,13;0,13;0,13;0,053;0,053;0,053;0,053;0,053;0,053;0,053;0,053;0,053;0,053;0,053;-;1;1;1;1;1;1;1;1;1;1;1;1;1;1;1;1;1;1;1;1;1;1;1;1;1;1;1;1;1;1;0;
37080000;1989;10;0;0;0;0;0;0;0;0;0;0;0;0;0;0;0;0;0;0;0;0;0;0;0;0;0;0;0;0;0;0;0;1;1;1;1;1;1;1;1;1;1;1;1;1;1;1;1;1;1;1;1;1;1;1;1;1;1;1;1;1;1;1;
37080000;1989;11;0;0;0;0;0;0;0;0;0;0;0;0;0;0;0;0;0;0;0;0;0;0;0;0;0;0;0;0;0;0;-;1;1;1;1;1;1;1;1;1;1;1;1;1;1;1;1;1;1;1;1;1;1;1;1;1;1;1;1;1;1;0;
37080000;1989;12;0;0;0;0;0;0;0;0;0;0;0;0;0;0;0;0;0;0;0;0;0;0;0;0;0;0;0;0;0;0;0;1;1;1;1;1;1;1;1;1;1;1;1;1;1;1;1;1;1;1;1;1;1;1;1;1;1;1;1;1;1;1;
37080000;1990;1;0;0;0;0;0;0;0;0;0;0;0;0;0;0;0;0;0;0;0;0;0;0;0;0;0;0;0;0;0;0;0;1;1;1;1;1;1;1;1;1;1;1;1;1;1;1;1;1;1;1;1;1;1;1;1;1;1;1;1;1;1;1;
37080000;1990;2;0;0;0;0;0;0;0;0;0;0;0;0;0;0;0;0;0;0;0;0;0;0;0;0;0;0;0;0;-;-;-;1;1;1;1;1;1;1;1;1;1;1;1;1;1;1;1;1;1;1;1;1;1;1;1;1;1;1;1;0;0;0;
37080000;1990;3;0;0;0;0;0;0;0;0;0;0;0;0;0;0;0;0;0;0;0;0;0;0;0;0;0;0;0;0;0;0;0;1;1;1;1;1;1;1;1;1;1;1;1;1;1;1;1;1;1;1;1;1;1;1;1;1;1;1;1;1;1;1;
37080000;1990;4;0;0;0;0;0;0;0;0;0;0;0;0;0;0;0;0;0;0;0;0;0;0;0;0;0;0;0;0;0;7,31;-;1;1;1;1;1;1;1;1;1;1;1;1;1;1;1;1;1;1;1;1;1;1;1;1;1;1;1;1;1;1;0;
37080000;1990;5;21,1;20,6;86,2;108;38,5;19,8;12,5;8,72;7,31;5,52;4,6;4,17;3,55;3,17;5,05;3,55;3,36;3,17;2,8;2,45;2,45;2,45;2,29;1,97;1,68;1,97;1,68;1,82;1,68;1,68;1,54;1;1;1;1;1;1;1;1;1;1;1;1;1;1;1;1;1;1;1;1;1;1;1;1;1;1;1;1;1;1;1;
37080000;1990;6;1,68;1,68;1,68;1,68;1,68;1,68;1,68;1,68;1,54;1,54;1,54;1,54;1,4;1,28;1,28;1,28;1,28;1,28;1,28;1,28;1,28;1,15;1,15;1,15;1,15;1,15;1,03;0,922;0,922;0,922;-;1;1;1;1;1;1;1;1;1;1;1;1;1;1;1;1;1;1;1;1;1;1;1;1;1;1;1;1;1;1;0;
37080000;1990;7;0;0;0;0;0;0;0;0;0;0;0;0;0;0;0;0;0;0;0;0;0;0;0;0;0;0;0;0;0;0;0;1;1;1;1;1;1;1;1;1;1;1;1;1;1;1;1;1;1;1;1;1;1;1;1;1;1;1;1;1;1;1;
37080000;1990;8;0;0;0;0;0;0;0;0;0;0;0;0;0;0;0;0;0;0;0;0;0;0;0;0;0;0;0;0;0;0;0;1;1;1;1;1;1;1;1;1;1;1;1;1;1;1;1;1;1;1;1;1;1;1;1;1;1;1;1;1;1;1;
37080000;1990;9;0;0;0;0;0;0;0;0;0;0;0;0;0;0;0;0;0;0;0;0;0;0;0;0;0;0;0;0;0;0;-;1;1;1;1;1;1;1;1;1;1;1;1;1;1;1;1;1;1;1;1;1;1;1;1;1;1;1;1;1;1;0;
37080000;1990;10;0;0;0;0;0;0;0;0;0;0;0;0;0;0;0;0;0;0;0;0;0;0;0;0;0;0;0;0;0;0;0;1;1;1;1;1;1;1;1;1;1;1;1;1;1;1;1;1;1;1;1;1;1;1;1;1;1;1;1;1;1;1;
37080000;1990;11;0;0;0;0;0;0;0;0;0;0;0;0;0;0;0;0;0;0;0;0;0;0;0;0;0;0;0;0;0;0;-;1;1;1;1;1;1;1;1;1;1;1;1;1;1;1;1;1;1;1;1;1;1;1;1;1;1;1;1;1;1;0;
37080000;1990;12;0;0;0;0;0;0;0;0;0;0;0;0;0;0;0;0;0;0;0;0;0;0;0;0;0;0;0;0;0;0;0;1;1;1;1;1;1;1;1;1;1;1;1;1;1;1;1;1;1;1;1;1;1;1;1;1;1;1;1;1;1;1;
37080000;1991;1;0;0;0;0;0;0;0;0;0;0;0;0;0;0;0;0;0;0;0;0;0;0;0;0;0;0;0;0;0;0;0;1;1;1;1;1;1;1;1;1;1;1;1;1;1;1;1;1;1;1;1;1;1;1;1;1;1;1;1;1;1;1;
37080000;1991;2;0;0;0;0;0;0;0;0;0;0;0;0;0;0;0;0;0;0;0;0;0;0;0;0;0;0;0;0;-;-;-;1;1;1;1;1;1;1;1;1;1;1;1;1;1;1;1;1;1;1;1;1;1;1;1;1;1;1;1;0;0;0;
37080000;1991;3;0;0;0;0;0;0;0;0;0;0;0;0;0;0;0;0;0;13,9;9,62;6,26;4,6;3,55;2,98;11,5;13,9;9,93;5,28;3,96;3,75;76,1;63,7;1;1;1;1;1;1;1;1;1;1;1;1;1;1;1;1;1;1;1;1;1;1;1;1;1;1;1;1;1;1;1;
37080000;1991;4;32;20,2;14,3;10,6;12,2;40,7;17,3;10,9;8,72;6,78;5,52;4,6;3,96;3,55;3,36;2,8;2,45;2,29;2,45;2,45;2,63;2,63;2,63;2,45;2,45;2,45;2,63;2,8;3,17;7,04;-;1;1;1;1;1;1;1;1;1;1;1;1;1;1;1;1;1;1;1;1;1;1;1;1;1;1;1;1;1;1;0;
37080000;1991;5;97,7;90,3;102;79,9;48,5;34,6;29;28;25,6;17,7;11,5;9,32;8,14;6,52;5,52;4,6;3,75;5,28;4,38;4,17;6,01;7,31;5,05;3,96;10,6;27,5;22,8;16,6;12,2;9,32;7,86;1;1;1;1;1;1;1;1;1;1;1;1;1;1;1;1;1;1;1;1;1;1;1;1;1;1;1;1;1;1;1;
37080000;1991;6;6,78;10,9;6,26;5,05;4,17;3,55;2,98;3,55;3,55;2,98;2,63;2,29;1,97;1,68;1,4;1,4;1,28;1,15;1,15;0,922;0,301;0,026;0;0;0;0;0;0;0;0;-;1;1;1;1;1;1;1;1;1;1;1;1;1;1;1;1;1;1;1;1;1;1;1;1;1;1;1;1;1;1;0;
37080000;1991;7;0;0;0;0;0;0;0;0;0;0;0;0;0;0;0;0;0;0;0;0;0;0;0;0;0;0;0;0;0;0;0;1;1;1;1;1;1;1;1;1;1;1;1;1;1;1;1;1;1;1;1;1;1;1;1;1;1;1;1;1;1;1;
37080000;1991;8;0;0;0;0;0;0;0;0;0;0;0;0;0;0;0;0;0;0;0;0;0;0;0;0;0;0;0;0;0;0;0;1;1;1;1;1;1;1;1;1;1;1;1;1;1;1;1;1;1;1;1;1;1;1;1;1;1;1;1;1;1;1;
37080000;1991;9;0;0;0;0;0;0;0;0;0;0;0;0;0;0;0;0;0;0;0;0;0;0;0;0;0;0;0;0;0;0;-;1;1;1;1;1;1;1;1;1;1;1;1;1;1;1;1;1;1;1;1;1;1;1;1;1;1;1;1;1;1;0;
37080000;1991;10;0;0;0;0;0;0;0;0;0;0;0;0;0;0;0;0;0;0;0;0;0;0;0;0;0;0;0;0;0;0;0;1;1;1;1;1;1;1;1;1;1;1;1;1;1;1;1;1;1;1;1;1;1;1;1;1;1;1;1;1;1;1;
37080000;1991;11;0;0;0;0;0;0;0;0;0;0;0;0;0;0;0;0;0;0;0;0;0;0;0;0;0;0;0;0;0;0;-;1;1;1;1;1;1;1;1;1;1;1;1;1;1;1;1;1;1;1;1;1;1;1;1;1;1;1;1;1;1;0;
37080000;1991;12;0;0;0;0;0;0;0;0;0;0;0;0;0;0;0;0;0;0;0;0;0;0;0;0;0;0;0;0;0;0;0;1;1;1;1;1;1;1;1;1;1;1;1;1;1;1;1;1;1;1;1;1;1;1;1;1;1;1;1;1;1;1;
37080000;1992;1;0;0;0;0;0;0;0;0;0;0;0;0;0;0;0;0;0;0;0;0;0;0;0;0;0;0;0;0;0;0;0;1;1;1;1;1;1;1;1;1;1;1;1;1;1;1;1;1;1;1;1;1;1;1;1;1;1;1;1;1;1;1;
37080000;1992;2;0;0;0;21,5;16,2;9,93;6,78;3,17;2,29;1,68;1,28;1,68;1,4;1,03;1,4;5,52;8,72;10,9;9,02;6,01;27;34,6;19,4;9,62;7,04;4,82;4,38;3,96;3,75;-;-;1;1;1;1;1;1;1;1;1;1;1;1;1;1;1;1;1;1;1;1;1;1;1;1;1;1;1;1;1;0;0;
37080000;1992;3;5,28;3,55;3,17;2,63;2,29;1,97;1,54;1,54;1,82;1,82;1,68;3,96;3,17;2,63;2,29;3,75;6,26;4,17;2,98;2,8;2,98;2,98;2,8;3,36;3,17;2,63;1,68;1,54;6,52;22,4;25,6;1;1;1;1;1;1;1;1;1;1;1;1;1;1;1;1;1;1;1;1;1;1;1;1;1;1;1;1;1;1;1;
37080000;1992;4;18,6;28,5;134;105;100;95,2;83,8;56,2;41,9;29,4;23,7;21,1;15,4;12,5;13,6;53;40,7;20,6;13,2;12,9;10,6;9,32;7,04;5,76;4,6;3,96;3,55;2,45;1,68;1,4;-;1;1;1;1;1;1;1;1;1;1;1;1;1;1;1;1;1;1;1;1;1;1;1;1;1;1;1;1;1;1;0;
37080000;1992;5;1,15;1,15;1,03;0,922;0,922;0,922;0,715;0,715;0,62;0,371;0,237;0,237;0,18;0,13;0,088;0,053;0,026;0,026;0,007;0,007;0,007;0;0;0;0;0;0;0;0;0;0;1;1;1;1;1;1;1;1;1;1;1;1;1;1;1;1;1;1;1;1;1;1;1;1;1;1;1;1;1;1;1;
37080000;1992;6;0;0;0;0;0;0;0;0;0;0;0;0;0;0;0;0;0;0;0;0;0;0;0;0;0;0;0;0;0;0;-;1;1;1;1;1;1;1;1;1;1;1;1;1;1;1;1;1;1;1;1;1;1;1;1;1;1;1;1;1;1;0;
37080000;1992;7;0;0;0;0;0;0;0;0;0;0;0;0;0;0;0;0;0;0;0;0;0;0;0;0;0;0;0;0;0;0;0;1;1;1;1;1;1;1;1;1;1;1;1;1;1;1;1;1;1;1;1;1;1;1;1;1;1;1;1;1;1;1;
37080000;1992;8;0;0;0;0;0;0;0;0;0;0;0;0;0;0;0;0;0;0;0;0;0;0;0;0;0;0;0;0;0;0;0;1;1;1;1;1;1;1;1;1;1;1;1;1;1;1;1;1;1;1;1;1;1;1;1;1;1;1;1;1;1;1;
37080000;1992;9;0;0;0;0;0;0;0;0;0;0;0;0;0;0;0;0;0;0;0;0;0;0;0;0;0;0;0;0;0;0;-;1;1;1;1;1;1;1;1;1;1;1;1;1;1;1;1;1;1;1;1;1;1;1;1;1;1;1;1;1;1;0;
37080000;1992;10;0;0;0;0;0;0;0;0;0;0;0;0;0;0;0;0;0;0;0;0;0;0;0;0;0;0;0;0;0;0;0;1;1;1;1;1;1;1;1;1;1;1;1;1;1;1;1;1;1;1;1;1;1;1;1;1;1;1;1;1;1;1;
37080000;1992;11;0;0;0;0;0;0;0;0;0;0;0;0;0;0;0;0;0;0;0;0;0;0;0;0;0;0;0;0;0;0;-;1;1;1;1;1;1;1;1;1;1;1;1;1;1;1;1;1;1;1;1;1;1;1;1;1;1;1;1;1;1;0;
37080000;1992;12;0;0;0;0;0;0;0;0;0;0;0;0;0;0;0;0;0;0;0;0;0;0;0;0;0;0;0;0;0;0;0;1;1;1;1;1;1;1;1;1;1;1;1;1;1;1;1;1;1;1;1;1;1;1;1;1;1;1;1;1;1;1;
37080000;1993;1;0;0;0;0;0;0;0;0;0;0;0;0;0;0;0;0;0;0;0;0;0;0;0;0;0;0;0;0;0;0;0;1;1;1;1;1;1;1;1;1;1;1;1;1;1;1;1;1;1;1;1;1;1;1;1;1;1;1;1;1;1;1;
37080000;1993;2;0;0;0;0;0;0;0;0;0;0;0;0;0;0;0;0;0;0;0;0;0;0;0;0;0;0;0;0;-;-;-;1;1;1;1;1;1;1;1;1;1;1;1;1;1;1;1;1;1;1;1;1;1;1;1;1;1;1;1;0;0;0;
37080000;1993;3;0;0;0;0;0;0;0;0;0;0;0;0;0;0;0;0;0;0;0;0;0;0;0;0;0;0;0;0;0;0;0;1;1;1;1;1;1;1;1;1;1;1;1;1;1;1;1;1;1;1;1;1;1;1;1;1;1;1;1;1;1;1;
37080000;1993;4;0;0;0;0;0;0;0;0;0;0;0;0;0;0;0;0;0;0;0;0;0;0;0;0;0;0;0;0;0;0;-;1;1;1;1;1;1;1;1;1;1;1;1;1;1;1;1;1;1;1;1;1;1;1;1;1;1;1;1;1;1;0;
37080000;1993;5;0;0;0;0;0;0;0;0;0;0;0;0;0;0;0;0;0;0;0;0;0;0;0;0;0;0;0;0;0;0;0;1;1;1;1;1;1;1;1;1;1;1;1;1;1;1;1;1;1;1;1;1;1;1;1;1;1;1;1;1;1;1;
37080000;1993;6;0;0;0;0;0;0;0;0;0;0;0;0;0;0;0;0;0;0;0;0;0;0;0;0;0;0;0;0;0;0;-;1;1;1;1;1;1;1;1;1;1;1;1;1;1;1;1;1;1;1;1;1;1;1;1;1;1;1;1;1;1;0;
37080000;1993;7;0;0;0;0;0;0;0;0;0;0;0;0;0;0;0;0;0;0;0;0;0;0;0;0;0;0;0;0;0;0;0;1;1;1;1;1;1;1;1;1;1;1;1;1;1;1;1;1;1;1;1;1;1;1;1;1;1;1;1;1;1;1;
37080000;1993;8;0;0;0;0;0;0;0;0;0;0;0;0;0;0;0;0;0;0;0;0;0;0;0;0;0;0;0;0;0;0;0;1;1;1;1;1;1;1;1;1;1;1;1;1;1;1;1;1;1;1;1;1;1;1;1;1;1;1;1;1;1;1;
37080000;1993;9;0;0;0;0;0;0;0;0;0;0;0;0;0;0;0;0;0;0;0;0;0;0;0;0;0;0;0;0;0;0;-;1;1;1;1;1;1;1;1;1;1;1;1;1;1;1;1;1;1;1;1;1;1;1;1;1;1;1;1;1;1;0;
37080000;1993;10;0;0;0;0;0;0;0;0;0;0;0;0;0;0;0;0;0;0;0;0;0;0;0;0;0;0;0;0;0;0;0;1;1;1;1;1;1;1;1;1;1;1;1;1;1;1;1;1;1;1;1;1;1;1;1;1;1;1;1;1;1;1;
37080000;1993;11;0;0;0;0;0;0;0;0;0;0;0;0;0;0;0;0;0;0;0;0;0;0;0;0;0;0;0;0;0;0;-;1;1;1;1;1;1;1;1;1;1;1;1;1;1;1;1;1;1;1;1;1;1;1;1;1;1;1;1;1;1;0;
37080000;1993;12;0;0;0;0;0;0;0;0;0;0;0;0;0;0;0;0;0;0;0;0;0;0;0;0;0;0;0;0;0;0;0;1;1;1;1;1;1;1;1;1;1;1;1;1;1;1;1;1;1;1;1;1;1;1;1;1;1;1;1;1;1;1;
37080000;1994;1;0;0;0;0;0;0;0;0;0;0;0;0;0;0;0;0;0;0;0;0;0;0;0;0;0;0;0;0;0;0;0;1;1;1;1;1;1;1;1;1;1;1;1;1;1;1;1;1;1;1;1;1;1;1;1;1;1;1;1;1;1;1;
37080000;1994;2;0;0;0;0;0;0;0;0;0;0;0;0;0;0;0;0;0;0;0;0;0;0;0;0;0;0;0;0;-;-;-;1;1;1;1;1;1;1;1;1;1;1;1;1;1;1;1;1;1;1;1;1;1;1;1;1;1;1;1;0;0;0;
37080000;1994;3;0;0;0;0;0;0;0;0;0;0;0;0;0;0;0;0;0;0;0;0;0;0;0;0;0;0;0;0;20,2;18,1;11,9;1;1;1;1;1;1;1;1;1;1;1;1;1;1;1;1;1;1;1;1;1;1;1;1;1;1;1;1;1;1;1;
37080000;1994;4;9,62;9,62;13,6;27;17,7;22,4;13,2;10,9;14,7;10,9;9,62;7,58;5,52;5,05;4,6;3,96;7,58;9,93;26;19,8;15,8;15;12,5;9,93;8,14;10,6;6,26;7,58;7,58;10,6;-;1;1;1;1;1;1;1;1;1;1;1;1;1;1;1;1;1;1;1;1;1;1;1;1;1;1;1;1;1;1;0;
37080000;1994;5;7,86;5,76;8,43;8,43;9,02;7,58;6,01;6,26;4,17;3,36;3,17;3,36;3,36;3,75;8,72;11,9;10,9;11,2;9,62;7,86;7,31;5,76;5,52;6,01;6,52;8,14;22,8;23,3;18,1;16,2;10,6;1;1;1;1;1;1;1;1;1;1;1;1;1;1;1;1;1;1;1;1;1;1;1;1;1;1;1;1;1;1;1;
37080000;1994;6;7,58;6,01;5,76;9,02;13,6;17;35,7;30,5;28,5;17;11,5;8,72;7,58;6,01;5,28;5,05;4,82;19,4;10,6;7,58;5,76;5,52;5,05;5,05;5,05;4,6;29,4;20,6;21,5;15,8;-;1;1;1;1;1;1;1;1;1;1;1;1;1;1;1;1;1;1;1;1;1;1;1;1;1;1;1;1;1;1;0;
37080000;1994;7;13,2;10,6;9,32;8,14;7,58;6,78;6,52;6,01;5,28;4,6;4,6;4,17;3,36;3,17;2,45;2,13;1,97;1,97;1,82;1,28;1,28;1,03;0,715;0,531;0,371;0,301;0,237;0,18;0,088;0,026;0,007;1;1;1;1;1;1;1;1;1;1;1;1;1;1;1;1;1;1;1;1;1;1;1;1;1;1;1;1;1;1;1;
37080000;1994;8;0,007;0,007;0;0;0;0;0;0;0;0;0;0;0;0;0;0;0;0;0;0;0;0;0;0;0;0;0;0;0;0;0;1;1;1;1;1;1;1;1;1;1;1;1;1;1;1;1;1;1;1;1;1;1;1;1;1;1;1;1;1;1;1;
37080000;1994;9;0;0;0;0;0;0;0;0;0;0;0;0;0;0;0;0;0;0;0;0;0;0;0;0;0;0;0;0;0;0;-;1;1;1;1;1;1;1;1;1;1;1;1;1;1;1;1;1;1;1;1;1;1;1;1;1;1;1;1;1;1;0;
37080000;1994;10;0;0;0;0;0;0;0;0;0;0;0;0;0;0;0;0;0;0;0;0;0;0;0;0;0;0;0;0;0;0;0;1;1;1;1;1;1;1;1;1;1;1;1;1;1;1;1;1;1;1;1;1;1;1;1;1;1;1;1;1;1;1;
37080000;1994;11;0;0;0;0;0;0;0;0;0;0;0;0;0;0;0;0;0;0;0;0;0;0;0;0;0;0;0;0;0;0;-;1;1;1;1;1;1;1;1;1;1;1;1;1;1;1;1;1;1;1;1;1;1;1;1;1;1;1;1;1;1;0;
37080000;1994;12;0;0;0;0;0;0;0;0;0;0;0;0;0;0;0;0;0;0;0;0;0;0;0;0;0;0;0;0;0;0;0;1;1;1;1;1;1;1;1;1;1;1;1;1;1;1;1;1;1;1;1;1;1;1;1;1;1;1;1;1;1;1;
37080000;1995;1;0;0;0;0;0;0;0;0;0;0;0;0;0;0;0;0;0;0;0;0;0;0;0;0;0;0;0;0;0;0;0;1;1;1;1;1;1;1;1;1;1;1;1;1;1;1;1;1;1;1;1;1;1;1;1;1;1;1;1;1;1;1;
37080000;1995;2;0;0;0;0;0;0;0;0;0;0;0;0;0;0;0;0;0;0;0;0;0;0;0;0;0;0;0;0;-;-;-;1;1;1;1;1;1;1;1;1;1;1;1;1;1;1;1;1;1;1;1;1;1;1;1;1;1;1;1;0;0;0;
37080000;1995;3;0;0;0;0;0;0;0;0;0;0;0;0;0;0;0;0;0;0;0;0;0;0;0;0;0;0;13,6;17,9;17,9;23,7;12,6;1;1;1;1;1;1;1;1;1;1;1;1;1;1;1;1;1;1;1;1;1;1;1;1;1;1;1;1;1;1;1;
37080000;1995;4;9,77;7,98;5,52;5,12;8,73;23,3;39,1;53,8;30,3;20,2;16,2;33,6;36;28;27,1;42,3;37,6;26,2;28,9;22,1;18,7;14,8;12,9;12,9;20,5;26,7;20,5;17,6;13,9;12;-;1;1;1;1;1;1;1;1;1;1;1;1;1;1;1;1;1;1;1;1;1;1;1;1;1;1;1;1;1;1;0;
37080000;1995;5;10,6;10,9;25,4;26,7;19;17,2;49,6;33,6;39,1;27,5;22,1;19,4;17,6;15,2;13,2;11,2;10,9;9,77;8,48;10,6;7,98;7,04;8,23;8,23;12,3;45,6;143;236;251;249;164;1;1;1;1;1;1;1;1;1;1;1;1;1;1;1;1;1;1;1;1;1;1;1;1;1;1;1;1;1;1;1;
37080000;1995;6;114;77,1;58,8;46,2;41,2;35;29,3;24,1;20,9;18,7;15,5;13,9;12,3;11,4;10,9;9,77;10,9;10;9,51;8,48;7,74;7,04;6,36;6,36;6,36;6,36;10,6;11,2;7,98;5,52;-;1;1;1;1;1;1;1;1;1;1;1;1;1;1;1;1;1;1;1;1;1;1;1;1;1;1;1;1;1;1;0;
37080000;1995;7;3,83;3,49;1,92;1,06;1,8;1,57;1,35;1,46;2,44;2,17;2,3;2,58;3,49;3,33;2,87;2,17;1,92;1,92;1,8;1,68;0,797;1,57;1,68;1,68;1,57;1,57;1,46;0,966;1,06;0,879;0,879;1;1;1;1;2;2;2;2;1;1;1;1;1;1;1;1;1;1;1;1;1;1;1;1;1;1;2;2;2;2;2;
37080000;1995;8;3,02;2,58;2,44;2,3;1,8;1,06;0,879;0,573;0,506;0,443;0,443;0,329;0,329;0,329;0;0;0;0;0;0;0;0;0;0;0;0;0;0;0;0;0;1;1;1;1;1;1;1;1;1;1;1;1;1;1;1;1;1;1;1;1;1;1;1;1;1;1;1;1;1;1;1;
37080000;1995;9;0;0;0;0;0;0;0;0;0;0;0;0;0;0;0;0;0;0;0;0;0;0;0;0;0;0;0;0;0;0;-;1;1;1;1;1;1;1;1;1;1;1;1;1;1;1;1;1;1;1;1;1;1;1;1;1;1;1;1;1;1;0;
37080000;1995;10;0;0;0;0;0;0;0;0;0;0;0;0;0;0;0;0;0;0;0;0;0;0;0;0;0;0;0;0;0;0;0;1;1;1;1;1;1;1;1;1;1;1;1;1;1;1;1;1;1;1;1;1;1;1;1;1;1;1;1;1;1;1;
37080000;1995;11;0;0;0;0;0;0;0;0;0;0;0;0;0;0;0;0;0;0;0;0;0;0;0;0;0;0;0;0;0;0;-;1;1;1;1;1;1;1;1;1;1;1;1;1;1;1;1;1;1;1;1;1;1;1;1;1;1;1;1;1;1;0;
37080000;1995;12;0;0;0;0;0;0;0;0;0;0;0;0;0;0;0;0;0;0;0;0;0;0;0;0;0;0;0;0;0;0;0;1;1;1;1;1;1;1;1;1;1;1;1;1;1;1;1;1;1;1;1;1;1;1;1;1;1;1;1;1;1;1;
37080000;1996;1;0;0;0;0;0;0;0;0;0;0;0;0;0;0;0;0;0;0;0;0;0;0;0;0;0;0;0;0;0;0;0;1;1;1;1;1;1;1;1;1;1;1;1;1;1;1;1;1;1;1;1;1;1;1;1;1;1;1;1;1;1;1;
37080000;1996;2;0;0;0;0;0;0;0;0;0;0;0;0;0;0;0;0;0;0;0;0;0;0;0;0;0;0;0;0;0;-;-;1;1;1;1;1;1;1;1;1;1;1;1;1;1;1;1;1;1;1;1;1;1;1;1;1;1;1;1;1;0;0;
37080000;1996;3;0;0;0;0;0;0;0;0;0;0;6,36;3,33;2,72;2,04;1,57;1,25;1,06;1,06;0;0;0;0;0;0;0;0;0;0;0;0;0;1;1;1;1;1;1;1;1;1;1;1;1;1;1;1;1;1;1;1;1;1;1;1;1;1;1;1;1;1;1;1;
37080000;1996;4;0;0;0;0;0;0;0;0;0;8,73;7,5;5,32;4,36;3,49;3,49;3,17;4,18;8,23;7,5;7,27;10,6;19,4;28,9;38,1;68,7;92,2;176;182;161;144;-;1;1;1;1;1;1;1;1;1;1;1;1;1;1;1;1;1;1;1;1;1;1;1;1;1;1;1;1;1;1;0;
37080000;1996;5;160;138;115;116;117;202;271;275;153;93;82,3;116;86;59,4;44,5;36;29,3;25;20,5;18,3;16,2;13,9;12,3;10,3;9,51;8,48;7,04;6,15;5,52;5,52;4,73;1;1;1;1;1;1;1;1;1;1;1;1;1;1;1;1;1;1;1;1;1;1;1;1;1;1;1;1;1;1;1;
37080000;1996;6;4,54;5,72;7,04;7,27;6,36;5,72;5,12;4,18;3,33;3,17;2,72;2,44;2,17;1,92;1,8;1,57;1,46;1,35;1,06;0,879;0,797;0,718;0,643;0,643;0,643;0,643;0,643;0,643;0,643;0,573;-;1;1;1;1;1;1;1;1;1;1;1;1;1;1;1;1;1;1;1;1;1;1;1;1;1;1;1;1;1;1;0;
37080000;1996;7;0,384;0,384;0,384;0,384;0,329;0,232;0,232;0,189;0,151;0,117;0,117;0,117;0;0;0;0;0;0;0;0;0;0;0;0;0;0;0;0;0;0;0;1;1;1;1;1;1;1;1;1;1;1;1;1;1;1;1;1;1;1;1;1;1;1;1;1;1;1;1;1;1;1;
37080000;1996;8;0;0;0;0;0;0;0;0;0;0;0;0;0;0;0;0;0;0;0;0;0;0;0;0;0;0;0;0;0;0;0;1;1;1;1;1;1;1;1;1;1;1;1;1;1;1;1;1;1;1;1;1;1;1;1;1;1;1;1;1;1;1;
37080000;1996;9;0;0;0;0;0;0;0;0;0;0;0;0;0;0;0;0;0;0;0;0;0;0;0;0;0;0;0;0;0;0;-;1;1;1;1;1;1;1;1;1;1;1;1;1;1;1;1;1;1;1;1;1;1;1;1;1;1;1;1;1;1;0;
37080000;1996;10;0;0;0;0;0;0;0;0;0;0;0;0;0;0;0;0;0;0;0;0;0;0;0;0;0;0;0;0;0;0;0;1;1;1;1;1;1;1;1;1;1;1;1;1;1;1;1;1;1;1;1;1;1;1;1;1;1;1;1;1;1;1;
37080000;1996;11;0;0;0;0;0;0;0;0;0;0;0;0;0;0;0;0;0;0;0;0;0;0;0;0;0;0;0;0;0;0;-;1;1;1;1;1;1;1;1;1;1;1;1;1;1;1;1;1;1;1;1;1;1;1;1;1;1;1;1;1;1;0;
37080000;1996;12;0;0;0;0;0;0;0;0;0;0;0;0;0;0;0;0;0;0;0;0;0;0;0;0;0;0;0;0;0;0;0;1;1;1;1;1;1;1;1;1;1;1;1;1;1;1;1;1;1;1;1;1;1;1;1;1;1;1;1;1;1;1;
37080000;1997;1;0;0;0;0;0;0;0;0;0;0;0;0;0;0;0;0;0;0;0;0;0;0;0;0;0;0;0;0;0;0;0;1;1;1;1;1;1;1;1;1;1;1;1;1;1;1;1;1;1;1;1;1;1;1;1;1;1;1;1;1;1;1;
37080000;1997;2;0;0;0;0;0;0;0;0;0;0;0;0;0;0;0;0;0;0;0;0;0;0;0;0;0;0;0;0;-;-;-;1;1;1;1;1;1;1;1;1;1;1;1;1;1;1;1;1;1;1;1;1;1;1;1;1;1;1;1;0;0;0;
37080000;1997;3;0;0;0;0;0;0;0;0;0;0;0;0;0;0;0;0;0;0;0;0;0;0;0;0;0;0;10,6;2,58;6,58;15,5;6,36;1;1;1;1;1;1;1;1;1;1;1;1;1;1;1;1;1;1;1;1;1;1;1;1;1;1;1;1;1;1;1;
37080000;1997;4;3,66;2,17;1,57;1,35;1,35;1,8;1,68;1,25;0,966;0,879;1,25;6,36;10,3;6,58;20,9;30,7;23,3;14,2;24,5;14,5;8,73;6,15;4,92;4,54;5,12;6,36;10,9;6,36;11,4;8,23;-;1;1;1;1;1;1;1;1;1;1;1;1;1;1;1;1;1;1;1;1;1;1;1;1;1;1;1;1;1;1;0;
37080000;1997;5;5,93;7,98;6,15;5,12;4,73;4,18;3,49;2,72;2,3;2,04;4;6,36;4,36;3,33;8,23;4,18;2,3;1,8;1,57;1,35;1,15;1,06;0,966;0,966;0,879;0,966;1,46;2,04;1,68;1,35;1,06;1;1;1;1;1;1;1;1;1;1;1;1;1;1;1;1;1;1;1;1;1;1;1;1;1;1;1;1;1;1;1;
37080000;1997;6;0,966;0,797;0,797;0,643;0,643;0,643;0,573;0,506;0,506;0,506;0;0;0;0;0;0;0;0;0;0;0;0;0;0;0;0;0;0;0;0;-;1;1;1;1;1;1;1;1;1;1;1;1;1;1;1;1;1;1;1;1;1;1;1;1;1;1;1;1;1;1;0;
37080000;1997;7;0;0;0;0;0;0;0;0;0;0;0;0;0;0;0;0;0;0;0;0;0;0;0;0;0;0;0;0;0;0;0;1;1;1;1;1;1;1;1;1;1;1;1;1;1;1;1;1;1;1;1;1;1;1;1;1;1;1;1;1;1;1;
37080000;1997;8;0;0;0;0;0;0;0;0;0;0;0;0;0;0;0;0;0;0;0;0;0;0;0;0;0;0;0;0;0;0;0;1;1;1;1;1;1;1;1;1;1;1;1;1;1;1;1;1;1;1;1;1;1;1;1;1;1;1;1;1;1;1;
37080000;1997;9;0;0;0;0;0;0;0;0;0;0;0;0;0;0;0;0;0;0;0;0;0;0;0;0;0;0;0;0;0;0;-;1;1;1;1;1;1;1;1;1;1;1;1;1;1;1;1;1;1;1;1;1;1;1;1;1;1;1;1;1;1;0;
37080000;1997;10;0;0;0;0;0;0;0;0;0;0;0;0;0;0;0;0;0;0;0;0;0;0;0;0;0;0;0;0;0;0;0;1;1;1;1;1;1;1;1;1;1;1;1;1;1;1;1;1;1;1;1;1;1;1;1;1;1;1;1;1;1;1;
37080000;1997;11;0;0;0;0;0;0;0;0;0;0;0;0;0;0;0;0;0;0;0;0;0;0;0;0;0;0;0;0;0;0;-;1;1;1;1;1;1;1;1;1;1;1;1;1;1;1;1;1;1;1;1;1;1;1;1;1;1;1;1;1;1;0;
37080000;1997;12;0;0;0;0;0;0;0;0;0;0;0;0;0;0;0;0;0;0;0;0;0;0;0;0;0;0;0;0;0;0;0;1;1;1;1;1;1;1;1;1;1;1;1;1;1;1;1;1;1;1;1;1;1;1;1;1;1;1;1;1;1;1;
37080000;1998;1;0;0;0;0;0;0;0;0;0;0;0;0;0;0;0;0;0;0;0;0;0;0;0;0;0;0;0;0;0;0;0;1;1;1;1;1;1;1;1;1;1;1;1;1;1;1;1;1;1;1;1;1;1;1;1;1;1;1;1;1;1;1;
37080000;1998;2;0;0;0;0;0;0;0;0;0;0;0;0;0;0;0;0;0;0;0;0;0;0;0;0;0;0;0;0;-;-;-;1;1;1;1;1;1;1;1;1;1;1;1;1;1;1;1;1;1;1;1;1;1;1;1;1;1;1;1;0;0;0;
37080000;1998;3;0;0;0;0;0;0;0;0;0;0;0;0;0;0;0;0;0;0;0;0;0;0;0;0;0;0;0;0;0;0;0;1;1;1;1;1;1;1;1;1;1;1;1;1;1;1;1;1;1;1;1;1;1;1;1;1;1;1;1;1;1;1;
37080000;1998;4;0;0;0;0;0;0;0;0;0;0;0;0;0;0;0;0;0;0;0;0;0;0;0;0;0;0;0;0;0;0;-;1;1;1;1;1;1;1;1;1;1;1;1;1;1;1;1;1;1;1;1;1;1;1;1;1;1;1;1;1;1;0;
37080000;1998;5;0;0;0;0;0;0;0;0;0;0;0;0;0;0;0;0;0;0;0;0;0;0;0;0;0;0;0;0;0;0;0;1;1;1;1;1;1;1;1;1;1;1;1;1;1;1;1;1;1;1;1;1;1;1;1;1;1;1;1;1;1;1;
37080000;1998;6;0;0;0;0;0;0;0;0;0;0;0;0;0;0;0;0;0;0;0;0;0;0;0;0;0;0;0;0;0;0;-;1;1;1;1;1;1;1;1;1;1;1;1;1;1;1;1;1;1;1;1;1;1;1;1;1;1;1;1;1;1;0;
37080000;1998;7;0;0;0;0;0;0;0;0;0;0;0;0;0;0;0;0;0;0;0;0;0;0;0;0;0;0;0;0;0;0;0;1;1;1;1;1;1;1;1;1;1;1;1;1;1;1;1;1;1;1;1;1;1;1;1;1;1;1;1;1;1;1;
37080000;1998;8;0;0;0;0;0;0;0;0;0;0;0;0;0;0;0;0;0;0;0;0;0;0;0;0;0;0;0;0;0;0;0;1;1;1;1;1;1;1;1;1;1;1;1;1;1;1;1;1;1;1;1;1;1;1;1;1;1;1;1;1;1;1;
37080000;1998;9;0;0;0;0;0;0;0;0;0;0;0;0;0;0;0;0;0;0;0;0;0;0;0;0;0;0;0;0;0;0;-;1;1;1;1;1;1;1;1;1;1;1;1;1;1;1;1;1;1;1;1;1;1;1;1;1;1;1;1;1;1;0;
37080000;1998;10;0;0;0;0;0;0;0;0;0;0;0;0;0;0;0;0;0;0;0;0;0;0;0;0;0;0;0;0;0;0;0;1;1;1;1;1;1;1;1;1;1;1;1;1;1;1;1;1;1;1;1;1;1;1;1;1;1;1;1;1;1;1;
37080000;1998;11;0;0;0;0;0;0;0;0;0;0;0;0;0;0;0;0;0;0;0;0;0;0;0;0;0;0;0;0;0;0;-;1;1;1;1;1;1;1;1;1;1;1;1;1;1;1;1;1;1;1;1;1;1;1;1;1;1;1;1;1;1;0;
37080000;1998;12;0;0;0;0;0;0;0;0;0;0;0;0;0;0;0;0;0;0;0;0;0;0;0;0;0;0;0;0;0;0;0;1;1;1;1;1;1;1;1;1;1;1;1;1;1;1;1;1;1;1;1;1;1;1;1;1;1;1;1;1;1;1;
37080000;1999;1;0;0;0;0;0;0;0;0;0;0;0;0;0;0;0;0;0;0;0;0;0;0;0;0;0;0;0;0;0;0;0;1;1;1;1;1;1;1;1;1;1;1;1;1;1;1;1;1;1;1;1;1;1;1;1;1;1;1;1;1;1;1;
37080000;1999;2;0;0;0;0;0;0;0;0;0;0;0;0;0;0;0;0;0;0;0;0;0;0;0;0;0;0;0;0;-;-;-;1;1;1;1;1;1;1;1;1;1;1;1;1;1;1;1;1;1;1;1;1;1;1;1;1;1;1;1;0;0;0;
37080000;1999;3;0;0;0;0;0;0;0;0;0;0;0;0;0;0;0;0;0;0;0;0;0;0;0;0;0;0;0;0;0;0;0;1;1;1;1;1;1;1;1;1;1;1;1;1;1;1;1;1;1;1;1;1;1;1;1;1;1;1;1;1;1;1;
37080000;1999;4;0;0;0;0;0;0;0;0;0;0;0;0;0;0;0;0;0;0;0;0;0;0;0;0;0;0;0;0;0;0;-;1;1;1;1;1;1;1;1;1;1;1;1;1;1;1;1;1;1;1;1;1;1;1;1;1;1;1;1;1;1;0;
37080000;1999;5;0;0;0;0;0;0;0;0;0;0;0;0;0;0;0;0;29,8;22,9;15,4;10,2;7,04;5,76;8,43;10,6;22,1;13,6;8,14;5,28;3,36;2,45;1,97;1;1;1;1;1;1;1;1;1;1;1;1;1;1;1;1;1;1;1;1;1;1;1;1;1;1;1;1;1;1;1;
37080000;1999;6;1,28;0,922;0,448;0,301;0,088;0,026;0;0;0;0;0;0;0;0;0;0;0;0;0;0;0;0;0;0;0;0;0;0;0;0;-;1;1;1;1;1;1;1;1;1;1;1;1;1;1;1;1;1;1;1;1;1;1;1;1;1;1;1;1;1;1;0;
37080000;1999;7;0;0;0;0;0;0;0;0;0;0;0;0;0;0;0;0;0;0;0;0;0;0;0;0;0;0;0;0;0;0;0;1;1;1;1;1;1;1;1;1;1;1;1;1;1;1;1;1;1;1;1;1;1;1;1;1;1;1;1;1;1;1;
37080000;1999;8;0;0;0;0;0;0;0;0;0;0;0;0;0;0;0;0;0;0;0;0;0;0;0;0;0;0;0;0;0;0;0;1;1;1;1;1;1;1;1;1;1;1;1;1;1;1;1;1;1;1;1;1;1;1;1;1;1;1;1;1;1;1;
37080000;1999;9;0;0;0;0;0;0;0;0;0;0;0;0;0;0;0;0;0;0;0;0;0;0;0;0;0;0;0;0;0;0;-;1;1;1;1;1;1;1;1;1;1;1;1;1;1;1;1;1;1;1;1;1;1;1;1;1;1;1;1;1;1;0;
37080000;1999;10;0;0;0;0;0;0;0;0;0;0;0;0;0;0;0;0;0;0;0;0;0;0;0;0;0;0;0;0;0;0;0;1;1;1;1;1;1;1;1;1;1;1;1;1;1;1;1;1;1;1;1;1;1;1;1;1;1;1;1;1;1;1;
37080000;1999;11;0;0;0;0;0;0;0;0;0;0;0;0;0;0;0;0;0;0;0;0;0;0;0;0;0;0;0;0;0;0;-;1;1;1;1;1;1;1;1;1;1;1;1;1;1;1;1;1;1;1;1;1;1;1;1;1;1;1;1;1;1;0;
37080000;1999;12;0;0;0;0;0;0;0;0;0;0;0;0;0;0;0;0;0;0;0;0;0;0;0;0;0;0;0;0;0;0;0;1;1;1;1;1;1;1;1;1;1;1;1;1;1;1;1;1;1;1;1;1;1;1;1;1;1;1;1;1;1;1;
